Date/Time,Latitude,Longitude,PPPP [hPa],TTT grad [K],RH [%],Height [m],Pitch [deg],Roll [deg],Yaw [deg],SWD [W/m**2] (raw),SWU [W/m**2] (raw),LWD [W/m**2] (raw),LWU [W/m**2] (raw),SWD [W/m**2] (corrected),SWU [W/m**2] (corrected),LWD [W/m**2] (corrected),LWU [W/m**2] (corrected),Flag
2018-08-18 11:25:00,89.55923,37.08114,922.734,271.31,85.1,700.1,-2.17,-0.91,-58.2,105.43,77.23,297.45,310.1,105.61,77.54,297.3,310.9,1.0
2018-08-18 11:25:00,89.55923,37.08106,922.75,271.31,85.1,700.0,-4.18,-1.09,-57.0,105.1,77.3,296.99,310.66,105.55,77.62,297.32,310.93,1.0
2018-08-18 11:25:00,89.55923,37.08098,922.791,271.31,85.1,699.6,-3.94,-1.09,-56.73,105.1,77.5,297.58,311.27,105.42,77.67,297.44,311.04,1.0
2018-08-18 11:25:00,89.55923,37.08091,922.799,271.31,85.1,699.5,-4.7,-1.14,-56.28,105.24,77.3,297.74,310.9,105.25,77.69,297.47,311.08,1.0
2018-08-18 11:25:00,89.55923,37.08083,922.809,271.31,85.1,699.5,-4.64,-1.08,-55.26,105.04,77.16,297.66,310.81,105.08,77.7,297.48,311.17,1.0
2018-08-18 11:25:00,89.55922,37.08074,922.807,271.31,85.1,699.5,-3.92,-1.08,-54.2,106.15,77.36,297.63,311.52,104.93,77.69,297.49,311.3,1.0
2018-08-18 11:25:00,89.55922,37.08066,922.766,271.31,85.1,699.8,-3.12,-1.14,-53.63,105.89,77.3,297.53,311.52,104.81,77.66,297.53,311.41,1.0
2018-08-18 11:25:00,89.55922,37.08058,922.874,271.31,85.1,698.9,-2.7,-0.59,-53.17,105.37,77.43,297.63,311.33,104.76,77.64,297.6,311.48,1.0
2018-08-18 11:25:00,89.55922,37.08049,922.87,271.31,85.1,698.9,-4.06,-0.68,-52.71,104.84,77.3,297.53,311.52,104.77,77.61,297.62,311.46,1.0
2018-08-18 11:25:00,89.55922,37.08041,922.811,271.31,85.1,699.4,-3.9,-0.76,-52.32,104.71,77.36,297.72,311.33,104.84,77.58,297.6,311.46,1.0
2018-08-18 11:25:00,89.55922,37.08032,922.801,271.31,85.1,699.5,-3.44,-0.9,-52.02,104.32,77.43,297.53,311.52,104.95,77.55,297.59,311.44,1.0
2018-08-18 11:25:00,89.55922,37.08024,922.885,271.31,85.1,698.8,-3.07,-1.05,-51.97,105.63,77.36,297.61,311.33,105.1,77.51,297.59,311.38,1.0
2018-08-18 11:25:00,89.55922,37.08016,922.896,271.31,85.1,698.7,-1.33,-0.91,-52.41,105.82,77.5,297.71,311.62,105.25,77.47,297.58,311.33,1.0
2018-08-18 11:25:00,89.55922,37.08008,922.971,271.31,85.1,698.1,-0.23,-0.76,-52.89,105.43,77.23,297.71,311.51,105.4,77.43,297.56,311.27,1.0
2018-08-18 11:25:00,89.55922,37.07999,922.949,271.3,85.1,698.3,-2.02,-1.05,-53.44,105.24,77.5,297.52,311.6,105.52,77.38,297.55,311.23,1.0
2018-08-18 11:25:00,89.55921,37.07991,922.89,271.3,85.1,698.8,-3.62,-1.37,-54.01,105.37,77.23,297.71,311.51,105.6,77.32,297.54,311.21,1.0
2018-08-18 11:25:00,89.55921,37.07982,922.829,271.3,85.1,699.3,-3.63,-1.47,-54.56,104.91,77.3,297.52,311.32,105.63,77.26,297.53,311.17,1.0
2018-08-18 11:25:00,89.55921,37.07973,922.744,271.3,85.1,700.0,-2.33,-1.37,-55.05,105.63,77.3,297.51,311.51,105.62,77.2,297.5,311.09,1.0
2018-08-18 11:25:00,89.55921,37.07964,922.848,271.3,85.1,699.1,0.3,-1.41,-55.26,105.37,77.43,297.61,311.41,105.56,77.14,297.38,311.04,1.0
2018-08-18 11:25:00,89.55921,37.07955,922.863,271.3,85.2,699.0,-0.52,-1.47,-55.28,104.38,77.57,297.61,311.41,105.46,77.08,297.36,311.09,1.0
2018-08-18 11:25:00,89.55921,37.07946,922.862,271.3,85.2,699.0,-0.55,-1.72,-54.9,106.09,77.3,297.61,311.31,105.33,77.04,297.35,311.13,1.0
2018-08-18 11:25:00,89.55921,37.07937,922.891,271.3,85.2,698.8,0.5,-1.76,-54.44,105.04,77.5,297.52,311.16,105.19,77.02,297.34,311.16,1.0
2018-08-18 11:25:00,89.55921,37.07928,922.953,271.31,85.2,698.2,2.53,-1.44,-54.19,105.17,77.3,297.55,310.18,105.06,77.02,297.33,311.18,1.0
2018-08-18 11:25:00,89.55921,37.07919,922.911,271.31,85.2,698.6,5.79,-1.17,-54.17,105.17,77.09,295.92,310.21,104.96,77.04,297.33,311.18,1.0
2018-08-18 11:25:00,89.55921,37.0791,922.852,271.3,85.2,699.1,7.15,-0.86,-53.83,105.89,77.23,297.28,311.14,104.9,77.08,297.32,311.16,1.0
2018-08-18 11:25:00,89.5592,37.07901,922.852,271.3,85.2,699.1,6.27,-0.82,-53.76,105.24,77.36,297.27,311.62,104.88,77.15,297.37,311.14,1.0
2018-08-18 11:25:00,89.5592,37.07892,922.863,271.3,85.2,699.0,4.32,-0.95,-53.58,105.17,77.3,297.31,311.3,104.93,77.23,297.39,311.03,1.0
2018-08-18 11:25:00,89.5592,37.07883,922.851,271.3,85.2,699.1,2.42,-1.02,-53.47,105.56,77.3,297.57,311.3,105.04,77.32,297.37,310.91,1.0
2018-08-18 11:25:00,89.5592,37.07874,922.884,271.3,85.2,698.8,1.36,-0.75,-54.14,105.04,77.3,297.6,311.32,105.21,77.41,297.37,310.88,1.0
2018-08-18 11:25:00,89.5592,37.07865,922.836,271.3,85.2,699.2,2.38,-0.98,-54.16,105.1,77.36,297.52,311.21,105.41,77.49,297.45,310.93,1.0
2018-08-18 11:25:00,89.5592,37.07856,922.794,271.3,85.2,699.6,3.15,-0.75,-54.2,104.52,77.3,298.14,311.3,105.64,77.56,297.44,310.92,1.0
2018-08-18 11:25:00,89.5592,37.07846,922.824,271.3,85.2,699.3,4.68,-0.77,-54.7,105.43,77.36,297.85,310.44,105.87,77.6,297.43,310.92,1.0
2018-08-18 11:25:00,89.5592,37.07832,922.884,271.3,85.2,698.8,5.98,-0.85,-55.51,105.43,77.36,297.57,309.96,106.08,77.62,297.43,310.95,1.0
2018-08-18 11:25:00,89.5592,37.07819,922.88,271.3,85.2,698.9,6.46,-0.67,-56.32,105.1,77.09,297.5,310.46,106.24,77.61,297.44,310.99,1.0
2018-08-18 11:25:00,89.5592,37.07805,922.917,271.3,85.2,698.5,8.76,-0.34,-56.91,105.63,77.57,297.78,311.29,106.34,77.56,297.45,311.03,1.0
2018-08-18 11:25:00,89.5592,37.07792,922.831,271.3,85.2,699.3,11.29,-0.57,-58.51,105.5,77.3,297.69,311.68,106.37,77.48,297.48,311.07,1.0
2018-08-18 11:25:00,89.55919,37.07778,922.868,271.3,85.2,699.0,11.15,-0.8,-59.19,105.43,77.36,297.5,311.4,106.33,77.37,297.46,311.1,1.0
2018-08-18 11:25:00,89.55919,37.07765,922.925,271.3,85.2,698.5,7.54,-0.84,-59.08,105.1,77.43,297.5,311.59,106.23,77.25,297.48,311.18,1.0
2018-08-18 11:25:00,89.55919,37.07751,922.89,271.3,85.2,698.8,3.02,-0.74,-58.38,105.37,77.5,297.5,311.59,106.08,77.11,297.53,311.29,1.0
2018-08-18 11:25:00,89.55919,37.07738,922.87,271.3,85.2,698.9,3.35,-0.79,-57.1,106.74,77.3,297.4,311.21,105.89,76.97,297.58,311.35,1.0
2018-08-18 11:25:00,89.55919,37.07724,922.883,271.3,85.2,698.8,2.29,-0.36,-57.29,105.04,77.23,297.68,311.3,105.69,76.84,297.63,311.3,1.0
2018-08-18 11:25:00,89.55919,37.07713,922.852,271.29,85.2,699.1,4.37,-0.37,-57.13,105.37,77.3,297.59,311.29,105.49,76.74,297.63,311.29,1.0
2018-08-18 11:25:00,89.55919,37.07705,922.804,271.29,85.2,699.5,5.78,-0.33,-56.88,104.84,77.3,297.4,311.2,105.32,76.66,297.53,311.25,1.0
2018-08-18 11:25:00,89.55919,37.07698,922.822,271.29,85.2,699.4,6.59,-0.32,-56.44,105.17,77.23,297.48,311.3,105.17,76.62,297.4,311.19,1.0
2018-08-18 11:25:00,89.55918,37.0769,922.997,271.3,85.2,697.9,8.04,-0.54,-55.72,105.63,77.5,297.47,311.67,105.05,76.63,297.35,311.13,1.0
2018-08-18 11:25:00,89.55918,37.07683,922.939,271.3,85.2,698.4,6.34,-0.32,-55.42,105.37,77.23,297.38,311.29,104.97,76.67,297.28,311.1,1.0
2018-08-18 11:25:00,89.55918,37.07676,922.941,271.29,85.2,698.3,7.28,-0.22,-55.62,105.96,77.09,296.94,311.61,104.9,76.75,297.2,311.07,1.0
2018-08-18 11:25:00,89.55918,37.07668,922.946,271.29,85.2,698.3,8.85,-0.19,-56.14,105.3,77.16,296.19,311.41,104.86,76.86,297.12,311.07,1.0
2018-08-18 11:25:00,89.55918,37.0766,922.949,271.3,85.2,698.3,9.55,-0.25,-56.58,105.56,77.16,296.14,311.32,104.82,76.97,297.11,311.04,1.0
2018-08-18 11:25:00,89.55918,37.07653,922.964,271.3,85.2,698.1,8.58,-0.39,-56.75,105.63,77.09,297.38,311.48,104.8,77.1,297.16,311.01,1.0
2018-08-18 11:25:00,89.55918,37.07646,922.939,271.29,85.2,698.4,6.5,-0.41,-56.97,104.97,77.3,297.73,311.01,104.78,77.21,297.15,311.04,1.0
2018-08-18 11:25:00,89.55918,37.07638,922.892,271.29,85.2,698.8,7.53,-0.49,-57.31,105.1,77.3,297.65,311.31,104.77,77.31,297.17,311.09,1.0
2018-08-18 11:25:00,89.55918,37.07631,922.924,271.3,85.2,698.5,7.69,-0.37,-57.99,105.56,77.23,297.65,311.48,104.78,77.38,297.24,311.09,1.0
2018-08-18 11:25:00,89.55918,37.07623,922.956,271.3,85.2,698.2,7.46,-0.31,-57.95,105.17,77.23,298.32,310.98,104.81,77.42,297.43,311.11,1.0
2018-08-18 11:25:00,89.55918,37.07615,922.951,271.3,85.2,698.2,6.85,-0.35,-57.5,104.78,77.09,298.5,310.28,104.88,77.43,297.62,311.16,1.0
2018-08-18 11:25:00,89.55918,37.07607,923.0,271.3,85.2,697.8,5.0,-0.28,-58.02,105.37,77.3,297.47,311.0,104.97,77.43,297.71,311.2,1.0
2018-08-18 11:25:00,89.55917,37.07599,922.978,271.3,85.2,698.0,0.26,-0.23,-57.84,106.15,77.3,297.37,311.19,105.09,77.41,297.78,311.23,1.0
2018-08-18 11:25:00,89.55917,37.07591,922.956,271.3,85.2,698.2,-2.4,-0.41,-57.67,105.17,77.23,297.46,311.18,105.22,77.39,297.83,311.25,1.0
2018-08-18 11:25:00,89.55917,37.07583,922.919,271.3,85.2,698.5,-1.62,-0.49,-57.25,104.32,77.3,297.46,311.37,105.35,77.36,297.84,311.27,1.0
2018-08-18 11:25:00,89.55917,37.07575,922.888,271.3,85.2,698.8,1.79,-0.41,-56.4,105.69,77.23,297.65,311.18,105.46,77.35,297.76,311.31,1.0
2018-08-18 11:25:00,89.55917,37.07567,922.902,271.29,85.2,698.7,5.97,-0.21,-55.18,105.17,77.3,297.36,311.27,105.52,77.34,297.6,311.37,1.0
2018-08-18 11:25:00,89.55917,37.07559,922.976,271.3,85.2,698.0,8.07,0.14,-54.53,105.89,77.23,297.45,311.27,105.51,77.34,297.52,311.36,1.0
2018-08-18 11:25:00,89.55917,37.07551,923.02,271.3,85.2,697.7,10.89,0.25,-54.24,104.84,77.36,297.37,311.46,105.42,77.35,297.44,311.35,1.0
2018-08-18 11:25:00,89.55917,37.07543,923.03,271.3,85.2,697.6,12.28,0.48,-54.13,105.56,77.09,297.46,311.37,105.25,77.35,297.36,311.35,1.0
2018-08-18 11:25:00,89.55917,37.07534,923.015,271.29,85.2,697.7,12.93,0.7,-54.58,105.17,77.23,297.36,311.27,105.0,77.35,297.3,311.35,1.0
2018-08-18 11:25:00,89.55916,37.07526,922.998,271.3,85.2,697.8,12.78,0.9,-55.51,106.15,77.23,297.45,311.37,104.69,77.34,297.28,311.37,1.0
2018-08-18 11:25:00,89.55916,37.07515,923.033,271.29,85.2,697.6,10.37,1.33,-56.04,104.38,77.3,297.36,310.89,104.37,77.32,297.29,311.4,1.0
2018-08-18 11:25:00,89.55916,37.07505,923.03,271.3,85.2,697.6,8.59,1.43,-56.6,105.37,77.3,297.45,311.46,104.07,77.28,297.34,311.43,1.0
2018-08-18 11:25:00,89.55916,37.07494,922.978,271.3,85.2,698.0,9.26,1.61,-57.71,104.78,77.36,297.46,311.19,103.83,77.24,297.42,311.48,1.0
2018-08-18 11:25:00,89.55916,37.07483,922.948,271.3,85.2,698.3,11.24,1.92,-58.35,105.37,77.3,297.45,311.38,103.7,77.2,297.51,311.46,1.0
2018-08-18 11:25:00,89.55916,37.07473,922.967,271.3,85.2,698.1,13.85,2.35,-58.5,105.43,77.16,297.45,311.27,103.71,77.16,297.61,311.41,1.0
2018-08-18 11:25:00,89.55916,37.07462,923.0,271.3,85.2,697.8,16.68,2.81,-58.63,105.5,77.36,297.45,311.46,103.87,77.12,297.72,311.38,1.0
2018-08-18 11:25:00,89.55916,37.07451,922.978,271.29,85.2,698.0,18.53,3.0,-58.4,105.04,77.16,297.54,311.26,104.17,77.11,297.76,311.38,1.0
2018-08-18 11:25:00,89.55916,37.07441,922.96,271.29,85.2,698.2,18.43,2.81,-58.35,104.78,77.43,297.64,311.45,104.59,77.11,297.77,311.35,1.0
2018-08-18 11:25:00,89.55916,37.0743,922.957,271.29,85.2,698.2,19.53,2.62,-57.51,105.04,77.23,297.54,310.82,105.1,77.11,297.75,311.3,1.0
2018-08-18 11:25:00,89.55916,37.07419,922.963,271.3,85.2,698.1,20.8,2.77,-57.81,104.71,77.16,297.6,310.25,105.63,77.12,297.71,311.24,1.0
2018-08-18 11:25:00,89.55916,37.07409,922.971,271.29,85.2,698.1,21.0,3.25,-60.29,104.45,77.09,297.5,310.72,106.13,77.13,297.67,311.18,1.0
2018-08-18 11:25:00,89.55916,37.07398,922.993,271.3,85.2,697.9,21.24,2.85,-61.17,105.56,77.16,297.32,310.97,106.54,77.13,297.63,311.15,1.0
2018-08-18 11:25:00,89.55915,37.0739,922.969,271.3,85.2,698.1,18.52,2.88,-61.0,104.71,77.3,297.43,311.06,106.81,77.11,297.6,311.13,1.0
2018-08-18 11:25:00,89.55915,37.07382,922.99,271.3,85.2,697.9,17.64,2.86,-60.76,104.78,77.23,297.53,311.15,106.92,77.07,297.6,311.13,1.0
2018-08-18 11:25:00,89.55915,37.07375,922.996,271.3,85.2,697.9,17.21,2.95,-60.89,105.37,77.36,297.53,311.44,106.84,77.01,297.62,311.23,1.0
2018-08-18 11:25:00,89.55915,37.07367,922.964,271.29,85.2,698.1,17.03,3.07,-61.38,106.22,77.3,297.62,311.58,106.59,76.95,297.64,311.37,1.0
2018-08-18 11:25:00,89.55915,37.07359,922.985,271.29,85.2,698.0,18.0,2.95,-61.84,105.56,77.23,297.72,311.59,106.2,76.89,297.66,311.47,1.0
2018-08-18 11:25:00,89.55915,37.07351,922.96,271.29,85.2,698.2,17.15,2.91,-61.51,105.96,77.16,297.44,311.64,105.72,76.84,297.69,311.53,1.0
2018-08-18 11:25:00,89.55915,37.07344,922.995,271.29,85.2,697.9,19.71,2.68,-61.1,105.17,77.3,297.62,311.24,105.19,76.81,297.69,311.56,1.0
2018-08-18 11:25:00,89.55915,37.07336,923.036,271.29,85.2,697.5,22.96,2.69,-60.83,104.97,77.16,297.44,311.24,104.68,76.81,297.65,311.54,1.0
2018-08-18 11:25:00,89.55915,37.07328,923.047,271.29,85.2,697.4,24.84,2.87,-60.66,105.37,77.09,297.34,311.24,104.22,76.83,297.58,311.48,1.0
2018-08-18 11:25:00,89.55915,37.0732,923.011,271.29,85.2,697.7,24.39,2.99,-60.48,105.63,77.09,297.53,311.24,103.87,76.87,297.49,311.36,1.0
2018-08-18 11:25:00,89.55914,37.07312,922.947,271.29,85.2,698.3,24.77,2.62,-60.0,104.84,77.09,297.44,311.34,103.64,76.93,297.32,311.19,1.0
2018-08-18 11:25:00,89.55914,37.07305,922.957,271.29,85.2,698.2,26.59,2.13,-59.69,104.84,77.23,297.62,311.24,103.53,76.97,297.15,311.01,1.0
2018-08-18 11:25:00,89.55914,37.07297,922.982,271.29,85.2,698.0,30.13,1.98,-59.18,104.58,77.16,297.52,311.53,103.55,77.0,296.99,310.84,1.0
2018-08-18 11:25:00,89.55914,37.07289,922.991,271.29,85.3,697.9,32.85,1.85,-58.91,105.63,77.02,297.65,311.24,103.66,77.0,296.86,310.69,1.0
2018-08-18 11:25:00,89.55914,37.07282,922.986,271.29,85.2,698.0,33.42,1.54,-59.08,105.04,77.23,297.98,311.14,103.84,76.96,296.79,310.6,1.0
2018-08-18 11:25:00,89.55914,37.0727,923.028,271.29,85.2,697.6,32.4,1.2,-59.36,105.04,77.16,297.51,311.24,104.07,76.89,296.79,310.57,1.0
2018-08-18 11:25:00,89.55914,37.07259,922.926,271.29,85.3,698.5,27.79,1.25,-59.63,104.65,77.23,297.33,311.42,104.31,76.79,296.84,310.53,1.0
2018-08-18 11:25:00,89.55914,37.07247,923.001,271.29,85.3,697.8,25.31,1.22,-59.86,105.56,77.09,297.61,311.42,104.55,76.67,297.01,310.56,1.0
2018-08-18 11:25:00,89.55914,37.07236,923.065,271.29,85.3,697.3,24.7,1.34,-60.02,105.04,77.16,297.61,311.62,104.78,76.55,297.16,310.74,1.0
2018-08-18 11:25:00,89.55914,37.07224,923.045,271.29,85.3,697.4,25.41,1.41,-60.02,105.1,77.09,297.7,311.43,104.99,76.47,297.24,310.96,1.0
2018-08-18 11:25:00,89.55913,37.07213,923.072,271.29,85.3,697.2,26.78,1.11,-59.79,104.52,77.3,297.41,311.11,105.17,76.42,297.29,311.06,1.0
2018-08-18 11:25:00,89.55913,37.07201,923.019,271.29,85.3,697.7,27.41,0.98,-59.63,105.37,77.02,297.25,310.26,105.34,76.44,297.42,311.06,1.0
2018-08-18 11:25:00,89.55913,37.0719,923.016,271.29,85.3,697.7,28.3,1.03,-59.45,104.58,77.02,297.6,310.16,105.49,76.52,297.6,311.1,1.0
2018-08-18 11:25:00,89.55913,37.07178,923.006,271.29,85.3,697.8,28.62,1.17,-59.54,104.84,76.88,297.21,311.23,105.64,76.66,297.65,311.08,1.0
2018-08-18 11:25:00,89.55913,37.07167,922.984,271.29,85.3,698.0,28.22,1.37,-59.88,105.3,76.81,296.38,311.31,105.77,76.86,297.61,311.01,1.0
2018-08-18 11:25:00,89.55913,37.07157,922.986,271.29,85.3,698.0,27.05,1.55,-60.13,104.32,76.88,296.18,310.29,105.88,77.08,297.53,310.89,1.0
2018-08-18 11:25:00,89.55913,37.07147,923.071,271.29,85.3,697.2,24.65,1.64,-59.29,104.97,77.09,297.32,309.9,105.97,77.32,297.46,310.78,1.0
2018-08-18 11:25:00,89.55913,37.07136,923.054,271.28,85.3,697.4,23.1,1.38,-58.23,105.96,77.02,298.51,311.0,106.03,77.54,297.4,310.78,1.0
2018-08-18 11:25:00,89.55913,37.07126,923.045,271.29,85.3,697.5,22.4,1.56,-57.84,105.56,77.02,297.9,311.2,106.05,77.74,297.34,310.82,1.0
2018-08-18 11:25:00,89.55913,37.07115,923.022,271.29,85.3,697.6,21.77,1.72,-57.91,105.56,77.23,297.4,311.23,106.04,77.89,297.41,310.83,1.0
2018-08-18 11:25:00,89.55912,37.07105,922.998,271.28,85.3,697.9,21.34,1.63,-58.23,104.32,77.09,297.5,311.22,106.0,77.99,297.6,310.88,1.0
2018-08-18 11:25:00,89.55912,37.07095,923.106,271.29,85.3,696.9,21.95,1.4,-58.73,105.82,77.23,297.4,311.4,105.93,78.03,297.78,311.11,1.0
2018-08-18 11:25:00,89.55912,37.07084,923.038,271.29,85.3,697.5,18.55,1.14,-58.47,104.78,77.16,297.49,311.21,105.85,78.01,297.91,311.42,1.0
2018-08-18 11:25:00,89.55912,37.07074,923.032,271.29,85.3,697.6,17.58,1.18,-57.7,104.84,77.3,297.67,311.31,105.75,77.95,297.94,311.65,1.0
2018-08-18 11:25:00,89.55912,37.07064,923.09,271.29,85.3,697.1,18.15,1.21,-57.05,105.17,77.02,297.62,311.36,105.65,77.85,298.02,311.85,1.0
2018-08-18 11:25:00,89.55912,37.07053,923.136,271.29,85.3,696.7,18.85,1.34,-56.48,105.96,77.23,297.73,311.36,105.55,77.72,298.1,312.0,1.0
2018-08-18 11:25:00,89.55912,37.07043,923.015,271.29,85.3,697.7,18.47,1.71,-55.77,104.52,77.3,297.4,311.42,105.46,77.56,298.13,312.09,1.0
2018-08-18 11:25:00,89.55912,37.07032,923.067,271.29,85.3,697.3,19.2,1.14,-55.31,105.04,77.09,297.58,311.04,105.37,77.39,298.1,312.11,1.0
2018-08-18 11:25:00,89.55912,37.07021,923.068,271.28,85.3,697.3,18.68,1.24,-55.38,106.15,77.3,297.4,311.24,105.28,77.21,298.03,312.07,1.0
2018-08-18 11:25:00,89.55912,37.0701,923.093,271.28,85.3,697.0,19.63,1.29,-55.25,105.63,77.3,297.59,311.5,105.18,77.02,297.92,311.97,1.0
2018-08-18 11:25:00,89.55912,37.07,923.089,271.29,85.3,697.1,19.35,1.35,-55.26,105.3,77.3,297.77,311.21,105.07,76.84,297.77,311.84,1.0
2018-08-18 11:25:00,89.55912,37.06989,923.021,271.29,85.3,697.7,17.21,1.44,-55.5,105.17,77.23,297.39,311.3,104.94,76.67,297.62,311.7,1.0
2018-08-18 11:25:00,89.55911,37.06978,923.05,271.29,85.3,697.4,16.69,1.36,-55.47,104.45,77.09,297.58,311.2,104.82,76.52,297.53,311.57,1.0
2018-08-18 11:25:00,89.55911,37.06967,923.064,271.29,85.3,697.3,16.56,1.28,-55.26,104.97,77.23,297.48,311.39,104.69,76.41,297.48,311.49,1.0
2018-08-18 11:25:00,89.55911,37.06957,923.102,271.28,85.3,697.0,17.95,1.0,-55.23,105.96,77.23,297.58,311.5,104.58,76.34,297.46,311.35,1.0
2018-08-18 11:25:00,89.55911,37.06946,923.083,271.28,85.3,697.1,19.89,0.98,-55.07,105.17,77.02,297.58,311.4,104.49,76.32,297.47,311.2,1.0
2018-08-18 11:25:00,89.55911,37.06935,923.018,271.28,85.3,697.7,21.85,1.19,-54.99,104.97,77.09,297.57,311.3,104.43,76.35,297.5,311.13,1.0
2018-08-18 11:25:00,89.55911,37.06925,923.09,271.29,85.3,697.1,23.36,1.24,-55.48,105.37,77.16,297.38,311.4,104.43,76.43,297.53,311.17,1.0
2018-08-18 11:25:00,89.55911,37.06914,923.0,271.29,85.3,697.8,22.06,1.09,-55.34,104.97,77.02,297.39,311.49,104.48,76.56,297.55,311.2,1.0
2018-08-18 11:25:00,89.55911,37.06905,923.042,271.28,85.3,697.5,19.45,0.8,-55.51,105.04,76.95,297.58,310.14,104.57,76.72,297.54,311.22,1.0
2018-08-18 11:25:00,89.55911,37.06897,923.078,271.28,85.3,697.2,18.93,0.92,-55.15,105.24,76.95,297.3,309.82,104.71,76.89,297.51,311.15,1.0
2018-08-18 11:25:00,89.55911,37.0689,923.104,271.29,85.3,696.9,20.25,1.1,-54.49,105.04,76.81,297.2,310.02,104.87,77.06,297.45,311.04,1.0
2018-08-18 11:25:00,89.5591,37.06882,923.198,271.28,85.3,696.2,22.08,0.93,-53.95,104.91,77.09,297.37,311.39,105.05,77.2,297.38,310.92,1.0
2018-08-18 11:25:00,89.5591,37.06874,923.152,271.29,85.3,696.5,24.05,0.96,-53.19,105.24,77.23,297.37,311.48,105.22,77.3,297.31,310.81,1.0
2018-08-18 11:25:00,89.5591,37.06867,923.073,271.29,85.3,697.2,23.48,1.09,-52.74,105.17,77.09,297.39,311.29,105.38,77.36,297.26,310.72,1.0
2018-08-18 11:25:00,89.5591,37.06859,923.072,271.29,85.3,697.2,23.34,1.46,-53.13,105.04,77.02,297.39,310.72,105.5,77.37,297.24,310.78,1.0
2018-08-18 11:25:00,89.5591,37.06851,923.068,271.29,85.3,697.3,22.91,1.84,-53.81,105.1,77.23,297.57,310.27,105.59,77.35,297.25,310.9,1.0
2018-08-18 11:25:00,89.5591,37.06844,923.021,271.28,85.3,697.7,20.97,2.16,-54.53,104.38,77.09,297.47,310.56,105.65,77.3,297.28,310.98,1.0
2018-08-18 11:25:00,89.5591,37.06836,923.091,271.29,85.3,697.1,16.54,2.52,-55.41,105.96,77.23,297.37,310.41,105.68,77.23,297.33,310.99,1.0
2018-08-18 11:25:00,89.5591,37.06828,923.054,271.29,85.3,697.4,16.15,2.49,-56.48,105.1,77.02,297.46,310.82,105.69,77.17,297.4,311.0,1.0
2018-08-18 11:25:00,89.5591,37.06821,923.032,271.28,85.3,697.6,18.02,2.77,-57.5,105.63,77.16,297.68,311.03,105.69,77.11,297.46,310.99,1.0
2018-08-18 11:25:00,89.5591,37.06813,923.018,271.28,85.3,697.7,19.43,2.98,-58.21,104.78,77.16,297.55,311.2,105.68,77.08,297.51,311.02,1.0
2018-08-18 11:25:00,89.5591,37.06806,923.051,271.28,85.3,697.4,20.41,3.04,-58.47,105.43,76.67,297.56,311.12,105.68,77.06,297.54,311.06,1.0
2018-08-18 11:25:00,89.5591,37.068,923.216,271.29,85.3,696.0,22.36,3.07,-58.13,104.71,77.23,297.37,311.28,105.68,77.06,297.54,311.07,1.0
2018-08-18 11:25:00,89.5591,37.06793,923.185,271.28,85.3,696.3,25.04,3.18,-56.61,105.43,77.02,297.55,311.37,105.68,77.06,297.52,311.07,1.0
2018-08-18 11:25:00,89.55909,37.06786,923.136,271.29,85.3,696.7,28.46,2.59,-55.69,105.43,77.23,297.37,311.28,105.69,77.05,297.49,311.04,1.0
2018-08-18 11:25:00,89.55909,37.0678,923.177,271.29,85.3,696.3,29.31,2.25,-55.18,105.17,77.16,297.36,311.37,105.7,77.04,297.44,311.0,1.0
2018-08-18 11:25:00,89.55909,37.06774,923.23,271.29,85.3,695.9,27.33,2.07,-54.23,104.91,77.09,297.36,311.28,105.7,77.0,297.41,310.98,1.0
2018-08-18 11:25:00,89.55909,37.06767,923.21,271.29,85.3,696.0,23.91,1.86,-52.65,105.56,77.16,297.37,311.48,105.71,76.95,297.39,311.0,1.0
2018-08-18 11:25:00,89.55909,37.0676,923.249,271.29,85.3,695.7,22.71,1.68,-51.79,105.56,77.02,297.55,311.28,105.72,76.88,297.4,311.04,1.0
2018-08-18 11:25:00,89.55909,37.06754,923.143,271.29,85.3,696.6,22.67,1.98,-51.2,105.17,77.02,297.35,311.47,105.74,76.8,297.45,311.15,1.0
2018-08-18 11:25:00,89.55909,37.06748,923.151,271.29,85.3,696.5,23.34,2.12,-51.24,105.43,77.09,297.35,311.37,105.76,76.73,297.53,311.23,1.0
2018-08-18 11:25:00,89.55909,37.06741,923.192,271.29,85.3,696.2,21.29,2.31,-51.7,105.24,77.23,297.54,311.28,105.79,76.66,297.59,311.28,1.0
2018-08-18 11:25:00,89.55909,37.06735,923.16,271.28,85.3,696.5,16.3,2.57,-52.41,104.97,77.02,297.55,311.46,105.81,76.62,297.59,311.3,1.0
2018-08-18 11:25:00,89.55909,37.06728,923.056,271.29,85.3,697.4,11.8,2.69,-53.32,104.91,77.02,297.49,311.54,105.83,76.6,297.58,311.29,1.0
2018-08-18 11:25:00,89.55909,37.06721,923.102,271.29,85.3,697.0,8.45,2.54,-54.47,105.82,77.02,297.68,311.93,105.82,76.61,297.53,311.24,1.0
2018-08-18 11:25:00,89.55909,37.06713,923.094,271.28,85.3,697.0,5.64,2.59,-55.87,105.89,76.81,298.02,311.6,105.77,76.64,297.47,311.18,1.0
2018-08-18 11:25:00,89.55908,37.06702,923.152,271.28,85.3,696.5,3.72,2.45,-56.58,105.56,76.95,297.45,310.93,105.66,76.69,297.39,311.1,1.0
2018-08-18 11:25:00,89.55908,37.06692,923.233,271.29,85.3,695.8,3.54,2.27,-56.63,105.24,77.09,297.08,310.96,105.48,76.74,297.31,311.02,1.0
2018-08-18 11:25:00,89.55908,37.06681,923.188,271.28,85.3,696.2,5.4,2.25,-56.36,104.32,77.02,297.54,311.26,105.23,76.79,297.25,310.97,1.0
2018-08-18 11:25:00,89.55908,37.06671,923.191,271.29,85.3,696.2,7.65,1.96,-55.65,106.15,77.02,297.44,310.88,104.9,76.83,297.22,310.94,1.0
2018-08-18 11:25:00,89.55908,37.0666,923.186,271.29,85.3,696.2,7.67,1.59,-55.6,105.43,76.95,297.64,311.35,104.53,76.86,297.22,310.89,1.0
2018-08-18 11:25:00,89.55908,37.06649,923.166,271.29,85.3,696.4,8.83,1.71,-55.14,105.56,76.95,297.54,311.45,104.14,76.88,297.21,310.91,1.0
2018-08-18 11:25:00,89.55908,37.06639,923.142,271.28,85.3,696.6,10.76,1.88,-55.37,105.1,77.09,297.54,311.17,103.77,76.89,297.26,311.0,1.0
2018-08-18 11:25:00,89.55908,37.06628,923.134,271.29,85.3,696.7,12.23,1.89,-56.34,105.56,77.02,297.55,311.36,103.46,76.9,297.35,311.06,1.0
2018-08-18 11:25:00,89.55908,37.06618,923.187,271.29,85.3,696.2,11.0,2.04,-56.13,105.04,77.02,297.47,311.17,103.25,76.92,297.46,311.03,1.0
2018-08-18 11:25:00,89.55907,37.0661,923.223,271.29,85.3,695.9,11.1,2.31,-55.72,104.91,76.67,297.52,311.26,103.16,76.96,297.54,311.11,1.0
2018-08-18 11:25:00,89.55907,37.06602,923.196,271.29,85.3,696.2,11.27,2.2,-55.76,105.04,77.02,297.35,311.07,103.23,77.01,297.59,311.04,1.0
2018-08-18 11:25:00,89.55907,37.06594,923.15,271.29,85.3,696.6,10.79,2.16,-56.26,105.24,77.09,297.53,311.16,103.43,77.07,297.59,310.98,1.0
2018-08-18 11:25:00,89.55907,37.06586,923.127,271.29,85.3,696.8,9.89,2.16,-56.92,105.76,77.16,297.26,310.55,103.75,77.15,297.54,310.95,1.0
2018-08-18 11:25:00,89.55907,37.06579,923.152,271.29,85.3,696.5,9.55,2.04,-57.34,104.12,76.88,297.37,309.69,104.15,77.22,297.45,310.89,1.0
2018-08-18 11:25:00,89.55907,37.06571,923.224,271.29,85.3,695.9,12.27,2.48,-57.73,104.65,76.81,297.13,310.88,104.58,77.27,297.33,310.81,1.0
2018-08-18 11:25:00,89.55907,37.06563,923.215,271.28,85.3,696.0,13.1,2.9,-58.32,104.71,76.88,297.19,309.88,105.0,77.3,297.19,310.74,1.0
2018-08-18 11:25:00,89.55907,37.06555,923.209,271.28,85.3,696.1,13.74,3.17,-58.43,104.25,77.02,297.36,310.51,105.34,77.28,297.08,310.68,1.0
2018-08-18 11:25:00,89.55907,37.06548,923.217,271.28,85.3,696.0,12.9,3.21,-58.66,105.96,77.16,297.44,311.44,105.59,77.21,297.01,310.66,1.0
2018-08-18 11:25:00,89.55907,37.0654,923.224,271.28,85.3,695.9,10.9,3.08,-59.49,104.78,77.23,297.44,311.43,105.72,77.1,296.99,310.72,1.0
2018-08-18 11:25:00,89.55907,37.06532,923.252,271.28,85.3,695.7,12.94,3.12,-60.28,105.82,77.02,297.25,311.34,105.74,76.94,297.03,310.89,1.0
2018-08-18 11:25:00,89.55907,37.06524,923.241,271.29,85.3,695.8,12.09,3.33,-60.31,104.32,77.02,297.62,311.13,105.67,76.76,297.11,310.97,1.0
2018-08-18 11:25:00,89.55906,37.06517,923.209,271.29,85.3,696.1,12.58,3.38,-60.27,105.5,77.02,297.32,311.32,105.56,76.56,297.19,311.25,1.0
2018-08-18 11:25:00,89.55906,37.0651,923.197,271.29,85.3,696.2,13.97,3.27,-59.72,104.97,76.88,297.41,311.03,105.44,76.38,297.31,311.45,1.0
2018-08-18 11:25:00,89.55906,37.06503,923.221,271.29,85.3,696.0,16.0,3.12,-58.76,105.43,77.16,297.23,311.23,105.36,76.22,297.44,311.5,1.0
2018-08-18 11:25:00,89.55906,37.06496,923.248,271.29,85.3,695.7,18.67,3.07,-58.0,105.17,76.95,297.32,311.13,105.35,76.11,297.54,311.53,1.0
2018-08-18 11:25:00,89.55906,37.0649,923.266,271.29,85.3,695.6,20.58,3.01,-56.76,104.91,77.09,297.32,311.14,105.43,76.07,297.61,311.51,1.0
2018-08-18 11:25:00,89.55906,37.06483,923.203,271.29,85.3,696.1,21.31,3.03,-56.72,104.97,76.67,297.13,312.16,105.58,76.08,297.63,311.47,1.0
2018-08-18 11:25:00,89.55906,37.06476,923.157,271.29,85.3,696.5,22.06,2.93,-56.45,104.58,76.67,296.88,311.46,105.78,76.16,297.59,311.46,1.0
2018-08-18 11:25:00,89.55906,37.06469,923.166,271.28,85.3,696.4,23.82,2.87,-56.01,105.17,76.88,297.13,311.13,106.0,76.3,297.49,311.44,1.0
2018-08-18 11:25:00,89.55906,37.06463,923.192,271.29,85.3,696.2,26.84,3.08,-55.83,105.56,76.95,297.24,311.03,106.19,76.47,297.38,311.39,1.0
2018-08-18 11:25:00,89.55906,37.06456,923.213,271.29,85.3,696.0,28.63,3.3,-55.65,104.71,76.88,297.52,311.31,106.31,76.65,297.3,311.34,1.0
2018-08-18 11:25:00,89.55906,37.06449,923.172,271.28,85.3,696.4,27.11,3.36,-56.38,105.37,76.81,297.24,311.22,106.34,76.83,297.24,311.32,1.0
2018-08-18 11:25:00,89.55905,37.06442,923.217,271.28,85.3,696.0,25.86,3.42,-57.23,105.17,76.67,297.02,311.88,106.27,77.0,297.22,311.25,1.0
2018-08-18 11:25:00,89.55905,37.06436,923.262,271.28,85.3,695.6,24.25,3.52,-58.98,105.82,76.81,297.06,311.65,106.1,77.12,297.21,311.24,1.0
2018-08-18 11:25:00,89.55905,37.06428,923.213,271.29,85.3,696.0,21.43,3.64,-61.23,105.24,76.95,296.79,311.37,105.89,77.2,297.22,311.3,1.0
2018-08-18 11:25:00,89.55905,37.06421,923.17,271.29,85.3,696.4,17.06,3.77,-61.93,105.43,76.81,297.52,311.11,105.66,77.24,297.26,311.38,1.0
2018-08-18 11:25:00,89.55905,37.06414,923.185,271.29,85.3,696.3,15.7,3.65,-62.44,105.37,77.16,297.52,311.01,105.47,77.23,297.32,311.45,1.0
2018-08-18 11:25:00,89.55905,37.06406,923.233,271.28,85.3,695.8,15.89,3.34,-62.85,105.37,76.88,297.33,311.11,105.37,77.19,297.37,311.5,1.0
2018-08-18 11:25:00,89.55905,37.06399,923.257,271.28,85.3,695.6,18.23,3.15,-63.15,105.5,76.88,297.01,311.31,105.39,77.13,297.43,311.47,1.0
2018-08-18 11:25:00,89.55905,37.06392,923.23,271.29,85.3,695.9,20.35,3.1,-63.23,105.1,76.88,296.98,311.41,105.53,77.05,297.48,311.4,1.0
2018-08-18 11:25:00,89.55905,37.06385,923.167,271.29,85.3,696.4,18.98,3.08,-63.12,105.24,76.88,297.51,311.12,105.77,76.97,297.5,311.34,1.0
2018-08-18 11:25:00,89.55904,37.06377,923.196,271.29,85.3,696.2,17.04,3.06,-63.8,104.71,76.88,297.31,311.3,106.09,76.9,297.46,311.28,1.0
2018-08-18 11:25:00,89.55904,37.0637,923.224,271.29,85.3,695.9,14.22,2.96,-63.9,105.43,76.95,297.51,311.02,106.42,76.84,297.4,311.21,1.0
2018-08-18 11:25:00,89.55904,37.06363,923.272,271.29,85.3,695.5,11.73,2.87,-64.07,105.63,77.02,297.5,311.01,106.71,76.79,297.35,311.14,1.0
2018-08-18 11:25:00,89.55904,37.06356,923.32,271.29,85.3,695.1,10.08,2.89,-64.11,104.84,76.88,297.4,311.2,106.91,76.75,297.32,311.08,1.0
2018-08-18 11:25:00,89.55904,37.06349,923.328,271.29,85.3,695.0,9.48,3.04,-63.64,105.17,76.88,297.31,311.4,106.97,76.72,297.3,311.05,1.0
2018-08-18 11:25:00,89.55904,37.06345,923.237,271.29,85.3,695.8,10.26,3.21,-62.43,106.35,76.74,297.31,311.31,106.89,76.69,297.28,311.05,1.0
2018-08-18 11:25:00,89.55904,37.06341,923.255,271.29,85.3,695.7,10.21,3.06,-62.03,105.96,76.88,297.41,311.21,106.68,76.66,297.28,311.09,1.0
2018-08-18 11:25:00,89.55904,37.06337,923.342,271.29,85.3,694.9,9.62,2.83,-61.36,105.76,77.02,297.31,311.31,106.37,76.62,297.3,311.14,1.0
2018-08-18 11:25:00,89.55904,37.06333,923.399,271.29,85.3,694.4,8.57,2.68,-60.53,105.43,76.88,297.5,311.02,106.02,76.58,297.33,311.21,1.0
2018-08-18 11:25:00,89.55904,37.06329,923.375,271.29,85.3,694.6,6.71,2.57,-59.82,105.63,76.95,297.5,311.31,105.69,76.55,297.37,311.28,1.0
2018-08-18 11:25:00,89.55904,37.06325,923.313,271.29,85.3,695.2,3.66,2.33,-59.65,105.37,76.81,297.39,311.11,105.42,76.52,297.4,311.35,1.0
2018-08-18 11:25:00,89.55904,37.06321,923.327,271.29,85.3,695.0,2.41,2.72,-59.91,105.96,76.81,297.39,311.1,105.27,76.51,297.46,311.42,1.0
2018-08-18 11:25:00,89.55904,37.06318,923.32,271.29,85.3,695.1,2.14,2.76,-60.23,105.56,76.67,297.2,311.05,105.24,76.52,297.48,311.45,1.0
2018-08-18 11:25:00,89.55904,37.06314,923.327,271.29,85.3,695.1,2.38,2.98,-59.85,105.17,76.88,297.2,311.17,105.32,76.55,297.47,311.45,1.0
2018-08-18 11:25:00,89.55903,37.06309,923.331,271.29,85.3,695.0,3.03,3.22,-59.3,104.97,76.81,297.2,311.11,105.48,76.61,297.44,311.41,1.0
2018-08-18 11:25:00,89.55903,37.06306,923.279,271.28,85.3,695.5,4.31,3.16,-59.4,105.96,77.09,297.37,311.23,105.67,76.68,297.39,311.35,1.0
2018-08-18 11:25:00,89.55903,37.06302,923.347,271.29,85.3,694.9,7.13,3.32,-59.58,105.24,76.67,297.88,311.23,105.83,76.77,297.33,311.28,1.0
2018-08-18 11:25:00,89.55903,37.06298,923.286,271.28,85.3,695.4,6.09,3.34,-58.9,105.96,76.88,297.69,311.1,105.91,76.86,297.29,311.2,1.0
2018-08-18 11:25:00,89.55903,37.06294,923.271,271.28,85.3,695.5,4.92,3.26,-59.69,105.82,76.67,297.52,311.37,105.87,76.94,297.27,311.13,1.0
2018-08-18 11:25:00,89.55903,37.0629,923.297,271.29,85.3,695.3,3.66,3.3,-60.45,104.84,76.67,297.6,311.27,105.7,76.99,297.26,311.08,1.0
2018-08-18 11:25:00,89.55903,37.06284,923.322,271.29,85.3,695.1,2.69,3.49,-60.48,105.82,76.81,297.64,311.24,105.41,77.02,297.28,311.05,1.0
2018-08-18 11:25:00,89.55903,37.06277,923.385,271.29,85.3,694.6,3.88,3.5,-60.86,106.09,76.88,297.2,311.0,105.03,77.01,297.29,311.05,1.0
2018-08-18 11:25:00,89.55903,37.0627,923.385,271.29,85.3,694.6,3.01,3.21,-60.83,105.37,76.95,297.3,311.29,104.6,76.96,297.27,311.1,1.0
2018-08-18 11:25:00,89.55903,37.06264,923.363,271.29,85.3,694.7,1.54,3.04,-61.15,105.76,76.88,297.39,311.38,104.2,76.89,297.24,311.14,1.0
2018-08-18 11:25:00,89.55902,37.06257,923.323,271.29,85.3,695.1,-1.17,2.96,-62.05,105.89,76.88,297.39,311.28,103.88,76.8,297.21,311.25,1.0
2018-08-18 11:25:00,89.55902,37.0625,923.29,271.29,85.3,695.4,-2.6,2.86,-63.29,105.76,76.88,297.48,311.46,103.68,76.71,297.18,311.36,1.0
2018-08-18 11:25:00,89.55902,37.06243,923.314,271.29,85.3,695.2,0.46,2.61,-64.24,105.1,76.88,297.27,311.25,103.64,76.63,297.15,311.4,1.0
2018-08-18 11:25:00,89.55902,37.06236,923.33,271.28,85.3,695.0,-0.11,2.56,-64.7,104.78,76.88,297.11,311.98,103.75,76.57,297.15,311.42,1.0
2018-08-18 11:25:00,89.55902,37.0623,923.356,271.29,85.3,694.8,-2.26,2.09,-64.77,105.24,76.81,296.95,311.14,104.01,76.54,297.15,311.43,1.0
2018-08-18 11:25:00,89.55902,37.06223,923.355,271.29,85.3,694.8,-3.36,1.85,-65.06,104.78,76.95,296.94,311.98,104.37,76.54,297.15,311.43,1.0
2018-08-18 11:25:00,89.55902,37.06217,923.319,271.29,85.3,695.1,-2.76,1.7,-65.46,105.04,76.47,296.72,312.06,104.79,76.58,297.15,311.41,1.0
2018-08-18 11:25:00,89.55902,37.06212,923.272,271.29,85.3,695.5,-0.84,1.59,-65.47,104.97,76.74,296.84,310.78,105.23,76.64,297.16,311.38,1.0
2018-08-18 11:25:00,89.55902,37.06207,923.334,271.29,85.3,695.0,0.44,2.14,-64.09,105.56,76.74,297.18,311.08,105.63,76.72,297.18,311.35,1.0
2018-08-18 11:25:00,89.55902,37.06202,923.278,271.3,85.3,695.5,0.26,1.44,-63.16,105.69,76.81,297.37,310.99,105.96,76.81,297.22,311.27,1.0
2018-08-18 11:25:00,89.55902,37.06196,923.265,271.29,85.3,695.6,1.61,1.39,-62.05,105.89,76.81,297.19,311.08,106.21,76.88,297.27,311.24,1.0
2018-08-18 11:25:00,89.55902,37.06191,923.274,271.29,85.3,695.5,3.13,1.19,-61.23,105.1,76.88,297.56,311.08,106.36,76.94,297.33,311.17,1.0
2018-08-18 11:25:00,89.55901,37.06186,923.277,271.29,85.3,695.5,4.47,0.79,-60.78,105.1,76.88,297.19,311.37,106.42,76.98,297.37,311.12,1.0
2018-08-18 11:25:00,89.55901,37.06181,923.309,271.29,85.3,695.2,6.45,1.03,-60.36,105.96,76.81,297.19,311.27,106.41,76.98,297.36,311.17,1.0
2018-08-18 11:25:00,89.55901,37.06176,923.379,271.29,85.3,694.6,5.36,0.44,-60.02,104.84,76.88,297.19,310.8,106.35,76.96,297.34,311.21,1.0
2018-08-18 11:25:00,89.55901,37.06171,923.384,271.29,85.3,694.6,4.91,0.22,-59.21,104.84,76.81,297.28,310.99,106.24,76.92,297.31,311.26,1.0
2018-08-18 11:25:00,89.55901,37.06165,923.353,271.29,85.3,694.8,2.66,0.03,-58.27,105.82,76.81,297.38,311.18,106.12,76.87,297.29,311.32,1.0
2018-08-18 11:25:00,89.55901,37.0616,923.333,271.29,85.3,695.0,-0.35,-0.2,-58.17,105.1,76.88,297.13,311.23,105.98,76.82,297.27,311.38,1.0
2018-08-18 11:25:00,89.55901,37.06155,923.334,271.29,85.3,695.0,-2.29,-0.44,-59.49,106.02,76.6,296.88,311.32,105.84,76.77,297.26,311.43,1.0
2018-08-18 11:25:00,89.55901,37.06149,923.426,271.29,85.3,694.2,-4.84,-0.83,-60.5,106.15,76.88,297.35,310.98,105.69,76.75,297.28,311.47,1.0
2018-08-18 11:25:00,89.55901,37.06144,923.42,271.29,85.3,694.3,-5.2,-0.51,-60.94,104.97,76.88,297.56,310.97,105.53,76.75,297.33,311.5,1.0
2018-08-18 11:25:00,89.559,37.06139,923.401,271.29,85.3,694.4,-3.33,-0.29,-60.55,105.63,76.81,297.27,311.55,105.38,76.78,297.39,311.52,1.0
2018-08-18 11:25:00,89.559,37.06133,923.377,271.29,85.3,694.6,-0.31,-0.18,-59.79,105.24,76.81,297.45,311.26,105.23,76.84,297.47,311.5,1.0
2018-08-18 11:25:00,89.559,37.06128,923.341,271.29,85.3,694.9,2.63,-0.11,-59.12,105.37,76.81,297.36,311.26,105.08,76.92,297.56,311.43,1.0
2018-08-18 11:25:00,89.559,37.06122,923.312,271.29,85.3,695.2,4.32,-0.14,-58.7,106.15,76.74,297.55,311.16,104.95,77.01,297.67,311.4,1.0
2018-08-18 11:25:00,89.559,37.06117,923.336,271.29,85.3,695.0,7.94,0.01,-58.13,105.17,76.88,297.26,311.07,104.84,77.1,297.71,311.35,1.0
2018-08-18 11:25:00,89.559,37.06112,923.324,271.29,85.3,695.1,7.95,0.17,-57.46,105.24,76.81,297.26,311.55,104.77,77.18,297.71,311.3,1.0
2018-08-18 11:25:00,89.559,37.06106,923.327,271.29,85.3,695.0,7.37,0.27,-56.78,105.24,76.81,297.45,310.8,104.73,77.23,297.68,311.24,1.0
2018-08-18 11:25:00,89.559,37.06101,923.372,271.29,85.3,694.7,7.62,0.32,-56.09,105.37,76.88,297.29,310.97,104.72,77.24,297.61,311.18,1.0
2018-08-18 11:25:00,89.559,37.06095,923.419,271.29,85.3,694.3,9.09,0.37,-55.38,105.96,76.95,297.4,311.46,104.75,77.21,297.51,311.11,1.0
2018-08-18 11:25:00,89.559,37.06089,923.39,271.29,85.3,694.5,6.78,0.07,-55.17,104.97,76.81,297.27,311.16,104.8,77.14,297.41,311.04,1.0
2018-08-18 11:25:00,89.559,37.0608,923.418,271.29,85.3,694.3,5.91,0.11,-55.71,105.17,76.88,297.17,311.05,104.87,77.03,297.31,310.99,1.0
2018-08-18 11:25:00,89.559,37.06071,923.449,271.29,85.3,694.0,4.79,0.2,-56.63,105.3,76.88,297.08,311.35,104.95,76.89,297.23,310.94,1.0
2018-08-18 11:25:00,89.55899,37.06062,923.435,271.29,85.3,694.1,3.87,0.39,-57.65,104.84,76.81,297.55,311.06,105.02,76.74,297.19,310.92,1.0
2018-08-18 11:25:00,89.55899,37.06052,923.358,271.29,85.3,694.8,3.63,0.73,-58.28,106.02,77.02,297.45,311.24,105.09,76.59,297.18,310.94,1.0
2018-08-18 11:25:00,89.55899,37.06043,923.334,271.29,85.3,695.0,3.3,0.92,-57.16,105.37,76.88,297.55,311.33,105.14,76.46,297.19,310.93,1.0
2018-08-18 11:25:00,89.55899,37.06034,923.383,271.29,85.3,694.6,2.05,0.71,-56.93,105.37,77.02,297.44,311.24,105.17,76.38,297.22,310.92,1.0
2018-08-18 11:25:00,89.55899,37.06025,923.383,271.29,85.3,694.6,0.0,0.83,-56.49,105.37,76.88,297.44,311.24,105.18,76.34,297.27,310.91,1.0
2018-08-18 11:25:00,89.55899,37.06016,923.385,271.29,85.3,694.6,-0.15,0.94,-56.53,105.24,76.74,297.44,311.14,105.17,76.35,297.34,310.91,1.0
2018-08-18 11:25:00,89.55899,37.06007,923.436,271.29,85.3,694.1,2.12,0.9,-57.03,105.5,76.88,297.23,311.14,105.14,76.42,297.42,310.9,1.0
2018-08-18 11:25:00,89.55899,37.05998,923.499,271.3,85.3,693.6,4.7,0.86,-57.11,104.78,76.54,297.31,311.05,105.08,76.53,297.47,310.9,1.0
2018-08-18 11:25:00,89.55899,37.05989,923.463,271.3,85.3,693.9,6.9,0.96,-56.82,104.84,76.67,296.85,310.72,105.01,76.67,297.49,310.88,1.0
2018-08-18 11:25:00,89.55899,37.0598,923.511,271.3,85.3,693.5,6.4,0.95,-56.09,105.63,76.67,296.93,311.05,104.91,76.82,297.47,310.87,1.0
2018-08-18 11:25:00,89.55899,37.05972,923.508,271.3,85.3,693.5,4.54,1.33,-55.09,105.37,76.88,297.06,310.96,104.8,76.96,297.42,310.86,1.0
2018-08-18 11:25:00,89.55898,37.05966,923.427,271.3,85.3,694.2,3.24,1.71,-54.39,105.82,76.81,297.44,311.34,104.68,77.07,297.36,310.85,1.0
2018-08-18 11:25:00,89.55898,37.05959,923.483,271.29,85.3,693.7,4.12,1.5,-54.41,104.84,76.88,297.25,311.04,104.56,77.15,297.29,310.85,1.0
2018-08-18 11:25:00,89.55898,37.05952,923.512,271.3,85.3,693.5,5.96,1.54,-54.15,105.56,76.88,297.16,311.05,104.45,77.18,297.23,310.86,1.0
2018-08-18 11:25:00,89.55898,37.05945,923.471,271.29,85.3,693.8,7.63,1.35,-54.22,104.84,76.88,297.44,311.05,104.37,77.18,297.2,310.89,1.0
2018-08-18 11:25:00,89.55898,37.05938,923.437,271.29,85.3,694.1,9.29,1.48,-54.18,105.04,76.95,297.35,311.04,104.32,77.14,297.2,310.93,1.0
2018-08-18 11:25:00,89.55898,37.05931,923.43,271.3,85.3,694.2,10.48,1.66,-53.97,105.63,76.81,297.44,311.13,104.33,77.08,297.19,310.98,1.0
2018-08-18 11:25:00,89.55898,37.05925,923.438,271.3,85.3,694.1,11.01,1.62,-53.74,105.56,76.88,297.44,311.04,104.39,77.01,297.18,311.02,1.0
2018-08-18 11:25:00,89.55898,37.05918,923.418,271.3,85.3,694.3,11.38,1.46,-54.02,104.78,76.74,297.44,311.04,104.52,76.94,297.18,311.07,1.0
2018-08-18 11:25:00,89.55898,37.05911,923.477,271.29,85.3,693.8,9.59,1.56,-54.64,104.32,76.88,297.24,311.13,104.71,76.89,297.25,311.11,1.0
2018-08-18 11:25:00,89.55898,37.05904,923.475,271.3,85.3,693.8,8.16,1.7,-55.86,105.17,76.81,297.24,311.04,104.95,76.86,297.26,311.15,1.0
2018-08-18 11:25:00,89.55898,37.05897,923.438,271.3,85.3,694.1,6.92,1.98,-55.9,104.97,77.02,297.52,311.33,105.23,76.85,297.25,311.17,1.0
2018-08-18 11:25:00,89.55898,37.0589,923.441,271.3,85.3,694.1,5.96,2.28,-55.14,105.43,76.81,297.34,311.23,105.53,76.84,297.22,311.18,1.0
2018-08-18 11:25:00,89.55898,37.05884,923.525,271.3,85.3,693.4,6.1,2.26,-55.37,104.97,76.81,297.52,310.84,105.84,76.84,297.19,311.18,1.0
2018-08-18 11:25:00,89.55898,37.05877,923.484,271.3,85.3,693.7,7.98,2.35,-55.51,104.84,76.81,298.06,311.13,106.12,76.82,297.17,311.17,1.0
2018-08-18 11:25:00,89.55898,37.05869,923.526,271.3,85.3,693.4,8.94,2.55,-55.34,105.17,76.81,297.45,310.95,106.36,76.79,297.15,311.15,1.0
2018-08-18 11:25:00,89.55898,37.05861,923.527,271.3,85.3,693.3,8.34,2.89,-55.19,106.15,76.88,297.41,311.04,106.53,76.74,297.15,311.12,1.0
2018-08-18 11:25:00,89.55897,37.05853,923.463,271.3,85.3,693.9,7.93,3.02,-55.26,105.24,76.81,297.41,311.03,106.63,76.66,297.16,311.1,1.0
2018-08-18 11:25:00,89.55897,37.05845,923.392,271.3,85.3,694.5,8.71,2.83,-55.6,104.97,77.02,297.22,311.13,106.63,76.57,297.18,311.09,1.0
2018-08-18 11:25:00,89.55897,37.05837,923.469,271.3,85.3,693.8,9.08,2.86,-56.13,105.37,76.81,297.32,311.32,106.53,76.47,297.18,311.12,1.0
2018-08-18 11:25:00,89.55897,37.05829,923.489,271.3,85.3,693.7,4.96,2.42,-55.87,105.04,76.95,297.22,311.23,106.32,76.37,297.14,311.09,1.0
2018-08-18 11:25:00,89.55897,37.05821,923.478,271.3,85.3,693.8,3.09,2.6,-55.5,105.56,76.81,297.23,310.94,106.02,76.3,297.15,311.06,1.0
2018-08-18 11:25:00,89.55897,37.05814,923.484,271.3,85.3,693.7,1.93,2.96,-54.92,104.52,76.74,297.24,311.03,105.63,76.25,297.18,311.03,1.0
2018-08-18 11:26:00,89.55897,37.05806,923.529,271.3,85.3,693.3,0.58,3.26,-54.22,106.09,76.74,297.16,311.42,105.2,76.24,297.19,311.0,1.0
2018-08-18 11:26:00,89.55897,37.05798,923.545,271.29,85.3,693.2,-2.21,2.98,-54.24,105.3,76.67,296.86,311.59,104.74,76.27,297.19,310.96,1.0
2018-08-18 11:26:00,89.55896,37.05792,923.479,271.3,85.3,693.8,-2.45,3.14,-54.69,106.09,76.81,296.82,310.99,104.31,76.35,297.18,310.96,1.0
2018-08-18 11:26:00,89.55896,37.05786,923.526,271.3,85.3,693.4,-0.05,3.13,-55.07,105.82,76.74,297.32,311.02,103.95,76.45,297.16,310.96,1.0
2018-08-18 11:26:00,89.55896,37.0578,923.531,271.3,85.3,693.3,1.17,3.11,-55.03,105.04,76.81,297.33,311.32,103.7,76.58,297.14,310.98,1.0
2018-08-18 11:26:00,89.55896,37.05774,923.494,271.3,85.3,693.6,1.21,3.22,-54.78,104.78,76.47,297.27,311.03,103.6,76.72,297.15,311.01,1.0
2018-08-18 11:26:00,89.55896,37.05768,923.525,271.3,85.3,693.4,1.11,3.49,-54.63,105.37,76.67,297.11,310.53,103.66,76.85,297.17,311.03,1.0
2018-08-18 11:26:00,89.55896,37.05762,923.48,271.3,85.3,693.7,-0.02,3.45,-54.46,104.91,76.67,297.15,311.21,103.9,76.98,297.24,311.03,1.0
2018-08-18 11:26:00,89.55896,37.05756,923.549,271.3,85.3,693.2,-0.24,3.47,-53.51,104.91,76.95,297.24,310.93,104.28,77.08,297.31,311.0,1.0
2018-08-18 11:26:00,89.55896,37.0575,923.548,271.3,85.3,693.2,-0.37,3.72,-52.87,104.71,76.95,297.43,311.22,104.78,77.17,297.39,310.91,1.0
2018-08-18 11:26:00,89.55896,37.05744,923.493,271.3,85.3,693.6,-0.89,3.89,-52.0,104.84,76.67,297.43,311.12,105.33,77.23,297.46,310.84,1.0
2018-08-18 11:26:00,89.55896,37.05737,923.48,271.31,85.3,693.7,-1.56,3.86,-50.68,105.17,76.88,297.34,311.08,105.88,77.26,297.53,310.8,1.0
2018-08-18 11:26:00,89.55896,37.05731,923.54,271.3,85.3,693.2,-1.06,3.95,-49.7,104.97,76.74,297.43,311.49,106.35,77.27,297.58,310.72,1.0
2018-08-18 11:26:00,89.55896,37.05725,923.527,271.3,85.3,693.3,-0.58,4.18,-49.26,106.02,76.81,297.55,310.21,106.69,77.27,297.61,310.63,1.0
2018-08-18 11:26:00,89.55895,37.05719,923.493,271.3,85.3,693.6,2.03,4.15,-49.26,104.91,76.67,297.13,309.49,106.85,77.25,297.62,310.54,1.0
2018-08-18 11:26:00,89.55895,37.05713,923.49,271.3,85.3,693.7,1.88,3.89,-49.6,105.1,76.88,297.12,310.28,106.82,77.22,297.61,310.49,1.0
2018-08-18 11:26:00,89.55895,37.05707,923.496,271.3,85.3,693.6,-0.29,3.73,-50.19,105.3,76.88,297.15,310.79,106.61,77.17,297.58,310.47,1.0
2018-08-18 11:26:00,89.55895,37.05702,923.447,271.3,85.3,694.0,-1.64,3.87,-50.82,105.56,76.88,297.51,310.6,106.26,77.12,297.54,310.47,1.0
2018-08-18 11:26:00,89.55895,37.05696,923.489,271.31,85.3,693.7,-2.09,3.56,-50.76,105.5,77.02,297.23,310.68,105.81,77.05,297.49,310.49,1.0
2018-08-18 11:26:00,89.55895,37.0569,923.522,271.3,85.3,693.4,-4.15,3.75,-52.02,105.56,76.67,297.23,310.87,105.34,76.99,297.44,310.61,1.0
2018-08-18 11:26:00,89.55895,37.05684,923.532,271.3,85.3,693.3,-6.1,3.65,-52.5,105.56,76.88,297.51,310.98,104.91,76.93,297.41,310.8,1.0
2018-08-18 11:26:00,89.55895,37.05678,923.519,271.3,85.3,693.4,-6.1,3.53,-52.6,105.63,76.88,297.42,311.01,104.58,76.87,297.39,310.91,1.0
2018-08-18 11:26:00,89.55895,37.05672,923.491,271.3,85.3,693.7,-4.12,3.57,-52.86,105.5,76.88,297.43,311.01,104.38,76.83,297.38,310.94,1.0
2018-08-18 11:26:00,89.55894,37.05667,923.481,271.3,85.3,693.7,-3.4,3.47,-53.53,104.52,77.02,297.23,311.2,104.33,76.81,297.36,311.05,1.0
2018-08-18 11:26:00,89.55894,37.05661,923.479,271.3,85.3,693.8,-1.31,3.58,-52.97,105.24,76.88,297.32,310.72,104.44,76.81,297.37,311.13,1.0
2018-08-18 11:26:00,89.55894,37.05655,923.481,271.3,85.3,693.7,0.05,3.59,-52.54,104.78,76.95,297.33,311.02,104.65,76.84,297.38,311.17,1.0
2018-08-18 11:26:00,89.55894,37.0565,923.498,271.3,85.3,693.6,-0.08,3.38,-52.19,105.04,76.67,297.33,310.5,104.94,76.88,297.39,311.15,1.0
2018-08-18 11:26:00,89.55894,37.05644,923.539,271.3,85.4,693.2,-0.81,3.21,-51.8,105.17,76.81,297.19,309.92,105.25,76.94,297.4,311.11,1.0
2018-08-18 11:26:00,89.55894,37.05639,923.6,271.29,85.4,692.7,-0.21,3.5,-51.26,105.96,76.6,297.26,310.8,105.53,77.01,297.42,311.06,1.0
2018-08-18 11:26:00,89.55894,37.05634,923.592,271.29,85.4,692.8,2.26,3.63,-51.05,105.56,76.88,297.2,311.0,105.75,77.09,297.45,311.01,1.0
2018-08-18 11:26:00,89.55894,37.05628,923.523,271.3,85.4,693.4,4.04,3.61,-51.01,104.97,76.95,297.4,311.19,105.88,77.17,297.47,310.98,1.0
2018-08-18 11:26:00,89.55894,37.05623,923.491,271.3,85.4,693.7,3.7,3.46,-50.55,104.71,77.02,297.4,311.0,105.93,77.24,297.5,310.98,1.0
2018-08-18 11:26:00,89.55894,37.05618,923.495,271.3,85.4,693.6,3.45,3.31,-50.12,105.5,76.81,297.21,311.1,105.9,77.3,297.53,311.08,1.0
2018-08-18 11:26:00,89.55894,37.05612,923.494,271.29,85.4,693.6,4.68,3.22,-50.3,105.76,77.02,297.21,311.1,105.81,77.36,297.55,311.23,1.0
2018-08-18 11:26:00,89.55894,37.05607,923.472,271.3,85.4,693.8,4.35,3.02,-51.35,104.78,77.02,297.31,311.18,105.7,77.4,297.59,311.31,1.0
2018-08-18 11:26:00,89.55893,37.05602,923.489,271.3,85.4,693.7,4.93,3.29,-52.15,105.89,76.81,297.49,311.09,105.58,77.43,297.59,311.39,1.0
2018-08-18 11:26:00,89.55893,37.05597,923.467,271.3,85.4,693.9,3.32,3.0,-52.82,104.97,77.02,297.4,310.9,105.48,77.45,297.58,311.45,1.0
2018-08-18 11:26:00,89.55893,37.05591,923.454,271.29,85.4,694.0,1.55,2.59,-53.13,105.04,76.88,297.36,311.13,105.41,77.45,297.55,311.49,1.0
2018-08-18 11:26:00,89.55893,37.05584,923.498,271.3,85.4,693.6,1.55,2.38,-53.03,106.35,76.81,297.15,311.41,105.37,77.43,297.51,311.49,1.0
2018-08-18 11:26:00,89.55893,37.05577,923.547,271.3,85.4,693.2,3.71,2.28,-52.8,104.84,77.09,297.2,311.18,105.36,77.39,297.46,311.45,1.0
2018-08-18 11:26:00,89.55893,37.05569,923.515,271.3,85.4,693.4,4.38,2.53,-52.56,105.63,76.95,297.4,310.98,105.36,77.32,297.42,311.37,1.0
2018-08-18 11:26:00,89.55893,37.05561,923.536,271.29,85.4,693.3,2.16,2.82,-52.25,105.04,77.09,297.3,311.08,105.36,77.23,297.39,311.28,1.0
2018-08-18 11:26:00,89.55893,37.05553,923.576,271.29,85.4,692.9,2.01,2.81,-51.79,105.1,77.02,297.39,311.18,105.35,77.11,297.38,311.19,1.0
2018-08-18 11:26:00,89.55893,37.05545,923.589,271.3,85.4,692.8,3.92,2.8,-51.26,104.91,77.02,297.38,310.99,105.34,76.97,297.38,311.08,1.0
2018-08-18 11:26:00,89.55892,37.05537,923.54,271.3,85.4,693.2,6.31,3.12,-50.9,105.69,76.95,297.67,311.28,105.32,76.82,297.4,310.99,1.0
2018-08-18 11:26:00,89.55892,37.05529,923.579,271.3,85.4,692.9,9.83,3.13,-50.98,105.04,77.09,297.31,311.17,105.3,76.67,297.44,310.96,1.0
2018-08-18 11:26:00,89.55892,37.05521,923.564,271.29,85.4,693.0,9.4,3.14,-51.01,106.02,77.02,297.59,311.09,105.29,76.55,297.5,310.96,1.0
2018-08-18 11:26:00,89.55892,37.05513,923.578,271.29,85.4,692.9,8.63,3.0,-51.32,105.1,77.02,297.4,311.09,105.3,76.45,297.54,310.99,1.0
2018-08-18 11:26:00,89.55892,37.05506,923.597,271.29,85.4,692.7,8.81,2.89,-51.89,105.89,77.02,297.33,311.17,105.32,76.4,297.56,311.04,1.0
2018-08-18 11:26:00,89.55892,37.05498,923.561,271.29,85.4,693.1,10.08,2.91,-52.5,106.02,76.95,297.08,310.87,105.35,76.41,297.56,311.08,1.0
2018-08-18 11:26:00,89.55892,37.0549,923.498,271.29,85.4,693.6,10.91,2.85,-52.79,104.12,76.88,297.38,311.27,105.39,76.46,297.52,311.12,1.0
2018-08-18 11:26:00,89.55892,37.05482,923.554,271.29,85.4,693.1,10.61,3.08,-52.62,105.37,76.81,297.38,310.83,105.41,76.55,297.45,311.13,1.0
2018-08-18 11:26:00,89.55892,37.05471,923.491,271.29,85.4,693.7,11.81,2.65,-51.42,104.32,76.81,297.38,311.02,105.41,76.68,297.37,311.11,1.0
2018-08-18 11:26:00,89.55892,37.05459,923.476,271.29,85.4,693.8,12.91,2.64,-51.03,106.28,76.67,297.2,311.17,105.38,76.82,297.28,311.06,1.0
2018-08-18 11:26:00,89.55892,37.05446,923.582,271.3,85.4,692.9,13.71,2.88,-51.39,105.1,76.81,297.21,310.69,105.31,76.96,297.21,311.0,1.0
2018-08-18 11:26:00,89.55891,37.05434,923.539,271.3,85.4,693.2,14.65,2.46,-51.26,105.37,77.02,297.29,311.07,105.23,77.09,297.19,310.95,1.0
2018-08-18 11:26:00,89.55891,37.05421,923.698,271.3,85.4,691.9,12.58,2.6,-51.66,105.1,77.02,297.38,310.98,105.16,77.18,297.18,310.86,1.0
2018-08-18 11:26:00,89.55891,37.05409,923.654,271.3,85.4,692.3,9.16,3.0,-52.23,105.96,77.02,297.48,310.98,105.11,77.23,297.2,310.84,1.0
2018-08-18 11:26:00,89.55891,37.05396,923.599,271.3,85.4,692.7,6.06,2.96,-53.0,106.02,76.88,297.48,311.07,105.13,77.26,297.26,310.86,1.0
2018-08-18 11:26:00,89.55891,37.05383,923.592,271.29,85.4,692.8,3.63,2.67,-53.95,105.3,77.09,297.48,311.17,105.23,77.25,297.34,310.91,1.0
2018-08-18 11:26:00,89.55891,37.05371,923.607,271.29,85.4,692.7,1.58,2.47,-54.96,105.1,76.95,297.48,311.1,105.44,77.23,297.41,310.99,1.0
2018-08-18 11:26:00,89.55891,37.05358,923.7,271.29,85.4,691.9,-2.0,2.21,-55.83,104.71,77.02,297.38,310.79,105.74,77.2,297.47,311.08,1.0
2018-08-18 11:26:00,89.55891,37.05348,923.62,271.3,85.4,692.6,-4.29,2.1,-55.75,104.71,76.88,297.48,310.9,106.13,77.18,297.48,311.16,1.0
2018-08-18 11:26:00,89.5589,37.0534,923.589,271.29,85.4,692.8,-3.41,2.04,-56.15,105.17,76.88,297.29,310.96,106.55,77.18,297.44,311.2,1.0
2018-08-18 11:26:00,89.5589,37.05332,923.591,271.29,85.4,692.8,-2.27,2.01,-56.67,105.76,76.81,297.09,311.06,106.97,77.18,297.35,311.2,1.0
2018-08-18 11:26:00,89.5589,37.05324,923.568,271.3,85.4,693.0,-1.89,1.93,-56.96,105.82,76.95,297.37,310.98,107.31,77.19,297.22,311.13,1.0
2018-08-18 11:26:00,89.5589,37.05316,923.511,271.3,85.4,693.5,-0.8,1.7,-56.71,104.91,77.09,297.27,311.17,107.54,77.19,297.06,311.02,1.0
2018-08-18 11:26:00,89.5589,37.05308,923.552,271.3,85.4,693.1,-2.37,1.61,-56.55,105.69,76.95,297.27,310.96,107.59,77.16,296.9,310.93,1.0
2018-08-18 11:26:00,89.5589,37.053,923.589,271.29,85.4,692.8,-2.83,1.39,-56.47,105.89,77.09,297.19,311.15,107.46,77.1,296.75,310.75,1.0
2018-08-18 11:26:00,89.5589,37.05292,923.584,271.29,85.4,692.9,-3.86,1.33,-56.28,106.15,77.09,297.55,311.15,107.13,77.0,296.66,310.55,1.0
2018-08-18 11:26:00,89.5589,37.05284,923.569,271.3,85.4,693.0,-5.97,1.22,-56.06,105.63,77.09,297.45,310.96,106.64,76.85,296.63,310.39,1.0
2018-08-18 11:26:00,89.5589,37.05276,923.629,271.29,85.4,692.5,-8.35,0.76,-55.96,105.76,76.88,297.46,311.23,106.03,76.66,296.67,310.28,1.0
2018-08-18 11:26:00,89.5589,37.05268,923.566,271.29,85.4,693.0,-6.85,0.91,-55.48,105.5,76.95,297.46,311.69,105.37,76.44,296.76,310.25,1.0
2018-08-18 11:26:00,89.5589,37.0526,923.624,271.3,85.4,692.5,-7.12,1.03,-54.31,105.69,77.09,297.26,311.3,104.74,76.22,296.9,310.27,1.0
2018-08-18 11:26:00,89.5589,37.05252,923.643,271.3,85.4,692.4,-5.9,1.11,-53.51,105.89,76.81,297.4,311.02,104.19,76.03,297.19,310.43,1.0
2018-08-18 11:26:00,89.55889,37.05245,923.633,271.29,85.4,692.4,-4.56,1.24,-53.08,106.48,77.02,297.35,311.24,103.8,75.88,297.44,310.67,1.0
2018-08-18 11:26:00,89.55889,37.05239,923.66,271.3,85.4,692.2,-4.11,1.48,-52.91,105.1,76.88,297.17,311.14,103.59,75.82,297.51,310.92,1.0
2018-08-18 11:26:00,89.55889,37.05232,923.671,271.3,85.4,692.1,-3.06,1.92,-53.04,105.3,76.88,297.16,311.13,103.59,75.84,297.58,311.14,1.0
2018-08-18 11:26:00,89.55889,37.05225,923.638,271.29,85.4,692.4,-3.94,2.03,-53.48,105.24,76.88,296.9,310.68,103.77,75.96,297.61,311.3,1.0
2018-08-18 11:26:00,89.55889,37.05218,923.64,271.3,85.5,692.4,-2.86,2.32,-54.21,104.91,76.88,298.41,311.07,104.12,76.17,297.57,311.42,1.0
2018-08-18 11:26:00,89.55889,37.05211,923.649,271.3,85.5,692.3,-2.65,2.71,-54.41,104.97,76.47,298.16,310.87,104.56,76.45,297.49,311.49,1.0
2018-08-18 11:26:00,89.55889,37.05204,923.635,271.3,85.5,692.4,-4.01,2.91,-54.66,105.3,76.6,296.38,310.51,105.05,76.78,297.4,311.48,1.0
2018-08-18 11:26:00,89.55889,37.05198,923.576,271.29,85.5,692.9,-5.73,2.46,-56.57,106.15,76.6,297.03,310.36,105.53,77.12,297.32,311.4,1.0
2018-08-18 11:26:00,89.55889,37.05191,923.601,271.3,85.4,692.7,-9.43,2.11,-56.89,105.17,76.81,297.26,310.46,105.93,77.46,297.26,311.27,1.0
2018-08-18 11:26:00,89.55888,37.05184,923.558,271.3,85.5,693.1,-10.17,2.08,-56.48,104.84,76.88,297.12,310.41,106.22,77.74,297.26,311.17,1.0
2018-08-18 11:26:00,89.55888,37.05177,923.586,271.3,85.5,692.8,-9.9,1.95,-56.41,105.96,77.02,296.96,310.81,106.37,77.96,297.17,311.02,1.0
2018-08-18 11:26:00,89.55888,37.0517,923.653,271.3,85.5,692.3,-8.37,1.56,-56.82,105.56,76.81,297.43,310.85,106.38,78.11,297.17,310.9,1.0
2018-08-18 11:26:00,89.55888,37.05163,923.608,271.3,85.5,692.7,-5.88,1.07,-57.26,105.56,77.02,297.15,310.94,106.28,78.17,297.34,310.88,1.0
2018-08-18 11:26:00,89.55888,37.05156,923.562,271.3,85.5,693.1,-6.43,1.42,-56.6,104.97,77.02,297.43,311.23,106.09,78.15,297.49,310.96,1.0
2018-08-18 11:26:00,89.55888,37.05149,923.572,271.29,85.5,693.0,-5.65,1.36,-56.31,106.09,77.02,297.16,311.14,105.84,78.07,297.63,311.1,1.0
2018-08-18 11:26:00,89.55888,37.05142,923.632,271.3,85.5,692.5,-4.18,1.36,-55.92,105.37,77.09,297.44,311.23,105.59,77.94,297.76,311.3,1.0
2018-08-18 11:26:00,89.55888,37.05135,923.695,271.3,85.5,691.9,-2.87,1.44,-55.58,105.63,77.02,297.34,311.23,105.37,77.79,297.86,311.52,1.0
2018-08-18 11:26:00,89.55888,37.05128,923.71,271.3,85.5,691.8,-2.77,1.62,-55.34,105.5,76.95,297.43,311.23,105.21,77.63,297.89,311.74,1.0
2018-08-18 11:26:00,89.55888,37.0512,923.643,271.29,85.5,692.4,-4.99,1.92,-55.02,105.63,77.16,297.34,311.22,105.13,77.48,297.88,311.93,1.0
2018-08-18 11:26:00,89.55888,37.05113,923.754,271.3,85.5,691.4,-5.49,2.02,-54.84,105.37,77.16,297.15,311.33,105.13,77.35,297.83,312.06,1.0
2018-08-18 11:26:00,89.55887,37.05106,923.786,271.3,85.5,691.1,-8.49,2.03,-54.95,104.84,77.16,297.43,311.23,105.19,77.26,297.74,312.11,1.0
2018-08-18 11:26:00,89.55887,37.05099,923.739,271.3,85.5,691.5,-12.13,2.1,-55.73,106.22,76.95,297.43,311.12,105.29,77.19,297.64,312.07,1.0
2018-08-18 11:26:00,89.55887,37.05092,923.679,271.3,85.5,692.1,-14.13,1.99,-56.71,104.78,77.02,297.34,311.32,105.4,77.15,297.53,311.96,1.0
2018-08-18 11:26:00,89.55887,37.05085,923.714,271.29,85.5,691.8,-12.45,1.46,-56.97,105.63,76.95,297.62,311.12,105.49,77.13,297.44,311.79,1.0
2018-08-18 11:26:00,89.55887,37.05078,923.672,271.29,85.5,692.1,-9.93,2.09,-56.68,106.02,77.23,297.15,311.22,105.52,77.13,297.37,311.58,1.0
2018-08-18 11:26:00,89.55887,37.05071,923.698,271.3,85.5,691.9,-8.71,1.94,-56.34,105.1,77.09,297.34,310.94,105.48,77.13,297.31,311.36,1.0
2018-08-18 11:26:00,89.55887,37.05064,923.705,271.3,85.5,691.8,-8.96,2.18,-56.35,105.63,77.23,297.34,311.03,105.35,77.13,297.2,311.17,1.0
2018-08-18 11:26:00,89.55887,37.05056,923.679,271.3,85.5,692.1,-9.83,2.24,-56.39,105.1,77.02,297.34,311.32,105.15,77.13,297.13,311.01,1.0
2018-08-18 11:26:00,89.55887,37.05049,923.655,271.3,85.5,692.3,-10.46,1.87,-56.36,105.63,77.02,297.71,310.93,104.9,77.11,297.13,310.9,1.0
2018-08-18 11:26:00,89.55887,37.05042,923.703,271.29,85.5,691.8,-10.25,1.92,-56.85,105.24,77.02,297.24,311.21,104.63,77.08,297.14,310.84,1.0
2018-08-18 11:26:00,89.55886,37.05035,923.658,271.3,85.5,692.2,-11.06,2.08,-55.95,106.22,77.16,297.33,311.21,104.39,77.03,297.15,310.84,1.0
2018-08-18 11:26:00,89.55886,37.05028,923.669,271.3,85.5,692.1,-13.53,1.91,-56.1,105.17,77.16,296.24,311.36,104.22,76.98,297.16,310.89,1.0
2018-08-18 11:26:00,89.55886,37.05021,923.7,271.3,85.5,691.9,-16.39,1.66,-56.47,105.17,76.95,296.57,310.95,104.15,76.92,297.12,310.96,1.0
2018-08-18 11:26:00,89.55886,37.05014,923.694,271.29,85.5,691.9,-18.38,1.48,-56.73,104.97,77.16,297.15,311.12,104.23,76.85,297.02,311.03,1.0
2018-08-18 11:26:00,89.55886,37.05007,923.625,271.3,85.5,692.5,-18.94,1.34,-57.22,106.02,76.95,297.43,311.21,104.46,76.79,296.95,311.11,1.0
2018-08-18 11:26:00,89.55886,37.05,923.62,271.29,85.5,692.6,-17.07,1.31,-57.87,104.71,77.16,297.42,311.32,104.83,76.75,296.96,311.17,1.0
2018-08-18 11:26:00,89.55886,37.04993,923.688,271.29,85.5,692.0,-13.56,1.15,-57.6,105.24,77.16,297.23,311.21,105.31,76.71,296.97,311.21,1.0
2018-08-18 11:26:00,89.55886,37.04986,923.719,271.29,85.5,691.7,-11.39,1.25,-57.26,105.17,77.09,296.68,310.86,105.85,76.7,297.06,311.2,1.0
2018-08-18 11:26:00,89.55886,37.04979,923.691,271.3,85.5,691.9,-10.72,1.25,-57.13,104.78,76.95,296.16,311.02,106.41,76.71,297.13,311.16,1.0
2018-08-18 11:26:00,89.55886,37.0497,923.649,271.3,85.5,692.3,-10.52,0.86,-57.27,105.82,76.95,296.19,310.94,106.9,76.74,297.12,311.1,1.0
2018-08-18 11:26:00,89.55886,37.04957,923.751,271.29,85.5,691.4,-8.04,0.68,-57.54,105.1,77.02,297.12,310.91,107.27,76.79,297.1,311.02,1.0
2018-08-18 11:26:00,89.55886,37.04944,923.705,271.3,85.5,691.8,-8.74,0.86,-59.05,105.04,76.88,297.6,311.11,107.48,76.84,297.07,310.92,1.0
2018-08-18 11:26:00,89.55885,37.0493,923.762,271.29,85.5,691.3,-8.21,0.84,-59.01,106.02,77.09,297.14,311.2,107.48,76.9,297.04,310.82,1.0
2018-08-18 11:26:00,89.55885,37.04917,923.792,271.29,85.5,691.1,-7.78,0.87,-58.24,105.3,77.02,297.42,311.2,107.29,76.94,297.06,310.73,1.0
2018-08-18 11:26:00,89.55885,37.04904,923.692,271.29,85.5,691.9,-7.05,1.05,-57.64,105.82,76.95,297.32,311.11,106.9,76.98,297.13,310.66,1.0
2018-08-18 11:26:00,89.55885,37.04891,923.703,271.29,85.5,691.8,-3.0,1.22,-57.59,105.89,77.02,297.4,311.2,106.35,76.99,297.19,310.62,1.0
2018-08-18 11:26:00,89.55885,37.04877,923.752,271.29,85.5,691.4,-3.51,1.34,-57.16,105.76,77.09,297.31,310.91,105.71,76.97,297.17,310.59,1.0
2018-08-18 11:26:00,89.55885,37.04864,923.762,271.29,85.5,691.3,-4.0,1.54,-57.52,105.89,77.09,297.4,311.3,105.03,76.93,297.18,310.59,1.0
2018-08-18 11:26:00,89.55885,37.04853,923.773,271.29,85.5,691.3,-6.36,1.42,-57.69,106.02,76.81,297.32,311.1,104.39,76.88,297.19,310.71,1.0
2018-08-18 11:26:00,89.55884,37.04846,923.797,271.3,85.5,691.0,-8.96,1.19,-57.92,105.17,77.02,297.41,311.1,103.84,76.81,297.21,310.85,1.0
2018-08-18 11:26:00,89.55884,37.04838,923.799,271.3,85.5,691.0,-9.21,1.23,-58.9,105.96,76.95,297.3,311.3,103.44,76.75,297.26,310.92,1.0
2018-08-18 11:26:00,89.55884,37.0483,923.739,271.29,85.5,691.5,-8.09,1.14,-59.94,105.76,77.3,297.57,311.21,103.21,76.7,297.31,311.0,1.0
2018-08-18 11:26:00,89.55884,37.04823,923.759,271.3,85.5,691.4,-9.25,1.17,-60.35,104.32,77.02,297.39,310.92,103.16,76.67,297.36,311.07,1.0
2018-08-18 11:26:00,89.55884,37.04815,923.772,271.3,85.5,691.3,-10.36,1.11,-60.78,104.84,76.81,297.0,311.68,103.3,76.68,297.35,311.24,1.0
2018-08-18 11:26:00,89.55884,37.04807,923.738,271.29,85.5,691.6,-11.37,1.19,-60.53,104.58,76.88,296.89,311.83,103.6,76.72,297.38,311.37,1.0
2018-08-18 11:26:00,89.55884,37.048,923.66,271.29,85.5,692.2,-12.11,1.46,-59.51,105.76,76.95,297.11,310.81,104.01,76.8,297.43,311.4,1.0
2018-08-18 11:26:00,89.55884,37.04792,923.755,271.3,85.5,691.4,-11.17,1.44,-59.77,105.56,77.02,297.29,311.1,104.51,76.9,297.38,311.41,1.0
2018-08-18 11:26:00,89.55884,37.04784,923.769,271.29,85.5,691.3,-7.98,1.45,-59.65,105.43,76.81,297.4,311.12,105.04,77.01,297.33,311.39,1.0
2018-08-18 11:26:00,89.55884,37.04777,923.804,271.3,85.6,691.0,-6.55,1.4,-59.06,105.17,76.81,296.96,312.08,105.56,77.12,297.27,311.37,1.0
2018-08-18 11:26:00,89.55883,37.04769,923.83,271.3,85.6,690.8,-6.17,1.44,-58.86,105.82,77.02,297.4,311.76,106.03,77.22,297.24,311.26,1.0
2018-08-18 11:26:00,89.55883,37.04761,923.818,271.29,85.5,690.9,-6.1,1.67,-58.98,104.65,77.02,297.9,310.71,106.43,77.29,297.23,311.15,1.0
2018-08-18 11:26:00,89.55883,37.04756,923.837,271.29,85.5,690.7,-6.1,2.05,-58.35,104.19,77.02,297.1,310.51,106.73,77.33,297.23,311.15,1.0
2018-08-18 11:26:00,89.55883,37.0475,923.773,271.29,85.5,691.3,-8.22,2.4,-57.48,105.63,77.02,297.38,310.81,106.93,77.33,297.25,311.17,1.0
2018-08-18 11:26:00,89.55883,37.04745,923.878,271.29,85.5,690.4,-12.4,2.78,-55.82,105.76,77.16,297.39,311.09,107.03,77.29,297.29,311.21,1.0
2018-08-18 11:26:00,89.55883,37.0474,923.895,271.29,85.5,690.2,-16.05,2.58,-55.69,105.43,77.02,297.39,311.1,107.03,77.22,297.36,311.16,1.0
2018-08-18 11:26:00,89.55883,37.04734,923.832,271.29,85.5,690.8,-18.66,2.22,-56.44,105.17,76.95,297.38,311.29,106.94,77.14,297.39,311.14,1.0
2018-08-18 11:26:00,89.55883,37.04729,923.845,271.29,85.5,690.6,-20.19,2.12,-56.92,106.15,77.02,297.29,311.0,106.78,77.05,297.36,311.2,1.0
2018-08-18 11:26:00,89.55883,37.04723,923.903,271.29,85.6,690.1,-20.81,1.81,-57.3,105.56,76.88,297.38,311.1,106.57,76.97,297.38,311.25,1.0
2018-08-18 11:26:00,89.55882,37.04718,923.854,271.29,85.6,690.6,-22.2,1.92,-57.85,105.1,77.09,297.2,311.09,106.33,76.9,297.39,311.27,1.0
2018-08-18 11:26:00,89.55882,37.04712,923.841,271.29,85.6,690.7,-23.03,1.84,-57.89,106.02,77.02,297.2,311.19,106.09,76.85,297.37,311.27,1.0
2018-08-18 11:26:00,89.55882,37.04707,923.834,271.29,85.6,690.7,-24.25,1.68,-58.03,105.63,77.02,297.29,311.19,105.85,76.82,297.34,311.25,1.0
2018-08-18 11:26:00,89.55882,37.04702,923.793,271.29,85.6,691.1,-25.77,1.62,-58.21,105.76,77.02,297.38,311.19,105.65,76.8,297.3,311.21,1.0
2018-08-18 11:26:00,89.55882,37.04696,923.796,271.29,85.6,691.1,-25.95,1.8,-57.45,105.17,77.02,297.29,311.0,105.48,76.78,297.27,311.16,1.0
2018-08-18 11:26:00,89.55882,37.04691,923.789,271.29,85.6,691.1,-26.72,2.45,-56.13,105.89,76.81,297.47,310.91,105.36,76.77,297.25,311.11,1.0
2018-08-18 11:26:00,89.55882,37.04685,923.76,271.3,85.6,691.4,-27.92,2.23,-55.58,105.43,77.16,297.29,310.99,105.3,76.76,297.26,311.08,1.0
2018-08-18 11:26:00,89.55882,37.0468,923.788,271.3,85.6,691.1,-28.51,2.32,-55.49,105.37,77.02,297.3,311.37,105.28,76.73,297.3,311.08,1.0
2018-08-18 11:26:00,89.55882,37.04674,923.855,271.3,85.6,690.6,-28.15,2.49,-55.69,105.43,76.88,297.39,311.08,105.3,76.71,297.36,311.1,1.0
2018-08-18 11:26:00,89.55882,37.04668,923.857,271.29,85.6,690.5,-26.91,2.2,-55.94,105.24,76.88,297.0,311.19,105.36,76.68,297.43,311.14,1.0
2018-08-18 11:26:00,89.55881,37.04663,923.899,271.29,85.6,690.2,-25.5,2.69,-55.88,105.96,77.02,297.36,310.88,105.43,76.65,297.51,311.15,1.0
2018-08-18 11:26:00,89.55881,37.04657,923.876,271.29,85.6,690.4,-25.39,2.62,-55.73,105.69,76.88,297.27,310.9,105.51,76.65,297.64,311.2,1.0
2018-08-18 11:26:00,89.55881,37.04652,923.91,271.29,85.6,690.1,-24.46,2.72,-55.76,105.17,76.81,297.36,311.1,105.59,76.67,297.73,311.24,1.0
2018-08-18 11:26:00,89.55881,37.04646,923.909,271.3,85.6,690.1,-23.6,2.83,-55.65,105.63,77.16,297.18,311.0,105.66,76.71,297.76,311.27,1.0
2018-08-18 11:26:00,89.55881,37.04641,923.778,271.3,85.6,691.2,-23.93,2.74,-55.43,105.43,77.02,297.29,310.98,105.71,76.79,297.74,311.27,1.0
2018-08-18 11:26:00,89.55881,37.04635,923.806,271.3,85.6,691.0,-26.17,2.34,-56.15,105.69,77.02,297.1,310.5,105.74,76.88,297.68,311.24,1.0
2018-08-18 11:26:00,89.55881,37.0463,923.87,271.29,85.6,690.4,-25.65,2.47,-55.54,106.22,76.67,297.82,310.49,105.75,76.99,297.61,311.18,1.0
2018-08-18 11:26:00,89.55881,37.04624,923.923,271.3,85.6,690.0,-22.51,2.85,-55.06,105.3,76.81,297.8,310.44,105.73,77.1,297.53,311.1,1.0
2018-08-18 11:26:00,89.55881,37.04618,923.886,271.3,85.6,690.3,-19.6,2.74,-55.39,105.1,76.81,297.52,310.7,105.7,77.2,297.47,311.02,1.0
2018-08-18 11:26:00,89.5588,37.04611,923.786,271.3,85.6,691.1,-19.05,2.2,-56.25,105.43,77.02,297.36,311.18,105.65,77.27,297.43,310.96,1.0
2018-08-18 11:26:00,89.5588,37.04605,923.864,271.3,85.6,690.5,-21.47,2.07,-56.53,105.56,76.95,297.37,311.16,105.57,77.3,297.42,310.94,1.0
2018-08-18 11:26:00,89.5588,37.04599,923.84,271.3,85.6,690.7,-21.92,2.07,-56.33,105.24,77.02,297.56,311.16,105.48,77.29,297.45,311.0,1.0
2018-08-18 11:26:00,89.5588,37.04592,923.821,271.29,85.6,690.8,-20.37,1.66,-55.76,106.02,77.09,297.37,311.26,105.38,77.24,297.44,311.07,1.0
2018-08-18 11:26:00,89.5588,37.04586,923.838,271.29,85.6,690.7,-16.64,1.62,-55.65,106.02,77.02,297.56,311.16,105.27,77.17,297.47,311.16,1.0
2018-08-18 11:26:00,89.5588,37.0458,923.892,271.29,85.6,690.2,-13.09,1.75,-55.49,105.43,76.88,297.56,311.27,105.16,77.08,297.52,311.25,1.0
2018-08-18 11:26:00,89.5588,37.04573,923.953,271.29,85.6,689.7,-12.05,1.74,-54.5,105.37,77.02,297.37,311.37,105.06,76.99,297.56,311.33,1.0
2018-08-18 11:26:00,89.5588,37.04567,923.936,271.29,85.6,689.9,-12.04,2.14,-52.74,105.3,77.02,297.36,311.07,105.0,76.92,297.52,311.38,1.0
2018-08-18 11:26:00,89.5588,37.04561,923.893,271.3,85.6,690.2,-13.84,1.79,-53.4,105.63,77.02,297.26,311.45,104.97,76.87,297.5,311.39,1.0
2018-08-18 11:26:00,89.5588,37.04554,923.935,271.3,85.6,689.9,-15.38,1.38,-54.38,105.82,77.02,297.35,311.06,105.0,76.85,297.43,311.35,1.0
2018-08-18 11:26:00,89.5588,37.04548,923.969,271.29,85.6,689.6,-16.98,1.1,-55.45,105.56,77.09,297.44,311.16,105.1,76.87,297.31,311.26,1.0
2018-08-18 11:26:00,89.5588,37.04542,923.907,271.29,85.6,690.1,-19.02,0.94,-56.23,104.97,76.81,297.17,310.96,105.25,76.9,297.16,311.12,1.0
2018-08-18 11:26:00,89.5588,37.04535,923.891,271.29,85.6,690.3,-21.3,0.75,-55.88,105.5,76.88,296.54,311.05,105.47,76.94,297.02,310.97,1.0
2018-08-18 11:26:00,89.55879,37.04528,923.854,271.29,85.6,690.6,-21.84,0.49,-56.04,105.24,76.74,297.16,311.04,105.72,76.98,296.9,310.81,1.0
2018-08-18 11:26:00,89.55879,37.04521,923.878,271.29,85.6,690.4,-19.4,0.46,-56.15,105.37,76.95,297.25,311.16,105.99,77.0,296.74,310.67,1.0
2018-08-18 11:26:00,89.55879,37.04514,923.899,271.29,85.6,690.2,-17.21,0.43,-56.35,105.69,77.09,297.21,311.17,106.25,76.99,296.61,310.57,1.0
2018-08-18 11:26:00,89.55879,37.04506,923.875,271.29,85.6,690.4,-16.95,0.31,-56.47,105.69,77.02,297.07,310.98,106.45,76.95,296.57,310.52,1.0
2018-08-18 11:26:00,89.55879,37.04499,923.81,271.3,85.6,690.9,-18.71,0.21,-56.33,105.24,77.02,297.26,311.16,106.58,76.89,296.63,310.56,1.0
2018-08-18 11:26:00,89.55879,37.04492,923.859,271.29,85.6,690.5,-20.69,0.55,-56.33,105.3,76.95,297.38,310.87,106.61,76.8,296.84,310.78,1.0
2018-08-18 11:26:00,89.55879,37.04484,923.839,271.29,85.6,690.7,-21.79,0.6,-56.07,105.89,77.09,296.59,311.16,106.53,76.71,297.04,310.94,1.0
2018-08-18 11:26:00,89.55878,37.04477,923.833,271.29,85.6,690.7,-21.3,0.43,-56.43,106.22,77.02,296.59,311.06,106.33,76.63,297.26,311.01,1.0
2018-08-18 11:26:00,89.55878,37.04469,923.886,271.3,85.6,690.3,-20.21,0.29,-56.56,105.3,77.09,296.85,310.96,106.05,76.58,297.47,311.08,1.0
2018-08-18 11:26:00,89.55878,37.04462,923.991,271.3,85.6,689.4,-19.73,0.43,-55.78,105.89,76.88,297.29,311.38,105.69,76.57,297.63,311.18,1.0
2018-08-18 11:26:00,89.55878,37.04454,923.958,271.29,85.6,689.7,-20.43,0.96,-54.91,106.02,76.81,297.95,312.82,105.31,76.6,297.67,311.25,1.0
2018-08-18 11:26:00,89.55878,37.04447,923.98,271.29,85.6,689.5,-20.01,1.0,-54.22,105.56,76.74,297.92,311.22,104.95,76.68,297.68,311.3,1.0
2018-08-18 11:26:00,89.55878,37.0444,923.989,271.29,85.6,689.4,-16.51,1.27,-54.22,105.37,76.81,298.04,310.08,104.63,76.8,297.77,311.32,1.0
2018-08-18 11:26:00,89.55878,37.04433,923.967,271.29,85.6,689.6,-13.26,1.44,-54.69,105.17,76.81,297.88,310.43,104.4,76.95,297.85,311.32,1.0
2018-08-18 11:26:00,89.55878,37.04425,923.932,271.3,85.6,689.9,-11.64,1.38,-55.32,105.76,76.88,297.91,310.77,104.27,77.12,297.87,311.32,1.0
2018-08-18 11:26:00,89.55878,37.04418,923.933,271.3,85.6,689.9,-10.06,1.26,-56.0,105.24,76.88,297.23,310.96,104.27,77.28,297.83,311.29,1.0
2018-08-18 11:26:00,89.55878,37.04411,923.888,271.29,85.6,690.3,-10.88,1.17,-56.36,105.89,77.02,297.34,311.16,104.37,77.43,297.74,311.16,1.0
2018-08-18 11:26:00,89.55878,37.04404,923.895,271.29,85.6,690.2,-11.85,0.98,-57.1,105.17,77.23,297.79,311.06,104.56,77.54,297.63,311.05,1.0
2018-08-18 11:26:00,89.55877,37.04396,923.942,271.29,85.6,689.8,-12.89,0.66,-57.72,105.63,76.95,297.87,311.15,104.82,77.62,297.53,311.1,1.0
2018-08-18 11:26:00,89.55877,37.04389,923.984,271.3,85.6,689.5,-14.58,0.24,-58.29,105.43,77.09,297.73,311.05,105.1,77.65,297.47,311.21,1.0
2018-08-18 11:26:00,89.55877,37.04382,923.963,271.29,85.6,689.6,-17.22,-0.21,-58.91,105.37,76.81,297.43,311.14,105.37,77.64,297.46,311.28,1.0
2018-08-18 11:26:00,89.55877,37.04375,923.952,271.29,85.6,689.7,-18.81,-0.67,-58.78,105.82,76.88,297.33,311.05,105.59,77.59,297.51,311.33,1.0
2018-08-18 11:26:00,89.55877,37.04367,923.941,271.29,85.6,689.8,-18.81,-0.85,-58.73,104.78,77.09,297.01,310.37,105.75,77.51,297.55,311.36,1.0
2018-08-18 11:26:00,89.55877,37.04359,923.979,271.29,85.6,689.5,-17.85,-0.95,-58.59,104.84,77.09,297.21,310.24,105.81,77.4,297.53,311.37,1.0
2018-08-18 11:26:00,89.55877,37.04351,924.021,271.29,85.6,689.1,-16.69,-1.07,-58.9,105.37,77.09,297.24,311.13,105.78,77.27,297.49,311.34,1.0
2018-08-18 11:26:00,89.55877,37.04343,924.013,271.29,85.6,689.2,-15.2,-1.12,-59.32,105.69,77.09,297.52,311.32,105.67,77.14,297.45,311.3,1.0
2018-08-18 11:26:00,89.55877,37.04335,924.009,271.29,85.6,689.2,-11.52,-0.82,-58.24,105.76,77.09,297.42,311.13,105.49,77.0,297.42,311.24,1.0
2018-08-18 11:26:00,89.55876,37.04327,924.013,271.29,85.6,689.2,-11.5,-0.73,-57.87,106.68,77.02,297.32,311.13,105.28,76.87,297.39,311.18,1.0
2018-08-18 11:26:00,89.55876,37.04319,924.018,271.29,85.6,689.2,-11.86,-0.39,-57.11,105.24,77.09,297.32,311.23,105.07,76.76,297.37,311.2,1.0
2018-08-18 11:26:00,89.55876,37.04311,924.017,271.29,85.6,689.2,-11.04,0.19,-56.38,104.52,77.09,297.23,311.32,104.89,76.66,297.34,311.2,1.0
2018-08-18 11:26:00,89.55876,37.04303,924.016,271.29,85.6,689.2,-10.1,0.65,-55.95,105.89,77.02,297.32,310.94,104.79,76.6,297.31,311.17,1.0
2018-08-18 11:26:00,89.55876,37.04295,924.041,271.29,85.6,689.0,-11.35,0.54,-55.88,104.97,77.09,297.32,311.42,104.78,76.57,297.27,311.13,1.0
2018-08-18 11:26:00,89.55876,37.04287,923.949,271.29,85.6,689.8,-12.69,0.33,-54.97,105.69,76.88,297.23,311.03,104.88,76.57,297.17,311.02,1.0
2018-08-18 11:26:00,89.55876,37.04279,923.972,271.29,85.6,689.6,-12.72,0.45,-54.49,105.56,77.02,297.23,311.04,105.09,76.6,297.15,311.0,1.0
2018-08-18 11:26:00,89.55876,37.04272,923.941,271.29,85.6,689.8,-11.03,0.39,-54.68,105.37,76.88,297.51,311.23,105.4,76.66,297.15,311.0,1.0
2018-08-18 11:26:00,89.55876,37.04264,923.918,271.29,85.7,690.0,-9.18,0.26,-55.13,104.32,77.02,297.14,311.14,105.78,76.74,297.16,310.99,1.0
2018-08-18 11:26:00,89.55876,37.04257,924.044,271.29,85.6,688.9,-8.84,0.19,-55.51,105.82,76.81,296.99,310.93,106.19,76.83,297.17,310.97,1.0
2018-08-18 11:26:00,89.55876,37.0425,924.026,271.29,85.7,689.1,-10.31,-0.01,-56.21,105.24,76.88,296.48,309.84,106.58,76.91,297.19,310.95,1.0
2018-08-18 11:26:00,89.55875,37.04242,923.991,271.29,85.7,689.4,-8.65,-0.27,-56.99,105.43,77.02,296.8,310.53,106.9,76.98,297.22,310.91,1.0
2018-08-18 11:26:00,89.55875,37.04235,923.978,271.29,85.7,689.5,-7.82,-0.83,-57.5,105.82,77.02,297.51,311.04,107.1,77.03,297.25,310.86,1.0
2018-08-18 11:26:00,89.55875,37.04227,923.98,271.29,85.7,689.5,-7.19,-1.07,-57.99,105.17,76.95,297.32,311.03,107.16,77.06,297.29,310.81,1.0
2018-08-18 11:26:00,89.55875,37.0422,923.996,271.29,85.7,689.4,-7.47,-1.03,-58.52,105.76,77.09,297.32,311.03,107.04,77.06,297.36,310.74,1.0
2018-08-18 11:26:00,89.55875,37.04212,924.07,271.29,85.7,688.7,-10.76,-1.39,-58.82,105.63,77.02,297.23,311.13,106.76,77.04,297.49,310.66,1.0
2018-08-18 11:26:00,89.55875,37.04205,923.993,271.29,85.7,689.4,-12.33,-1.31,-58.57,105.96,76.88,297.32,311.31,106.33,77.02,297.61,310.74,1.0
2018-08-18 11:26:00,89.55875,37.04198,923.994,271.29,85.7,689.4,-11.31,-1.52,-58.32,106.94,77.09,297.32,311.11,105.8,76.99,297.65,310.74,1.0
2018-08-18 11:26:00,89.55875,37.0419,924.012,271.29,85.7,689.2,-10.65,-1.75,-58.31,105.04,76.95,297.4,311.02,105.23,76.97,297.7,310.73,1.0
2018-08-18 11:26:00,89.55875,37.04183,924.027,271.29,85.7,689.1,-9.9,-1.74,-58.03,105.04,77.02,297.62,310.84,104.66,76.97,297.75,310.72,1.0
2018-08-18 11:26:00,89.55875,37.04176,924.061,271.29,85.7,688.8,-7.79,-1.44,-57.09,105.17,76.67,298.01,310.44,104.16,76.99,297.77,310.72,1.0
2018-08-18 11:26:00,89.55874,37.04169,924.113,271.29,85.7,688.4,-6.38,-1.5,-56.51,106.09,77.09,297.42,311.12,103.79,77.03,297.73,310.72,1.0
2018-08-18 11:26:00,89.55874,37.04163,924.103,271.3,85.7,688.5,-4.37,-1.38,-55.78,105.96,77.02,297.32,311.12,103.57,77.09,297.69,310.72,1.0
2018-08-18 11:26:00,89.55874,37.04156,924.111,271.3,85.7,688.4,-3.64,-0.9,-55.3,104.58,77.02,297.69,310.84,103.51,77.16,297.64,310.72,1.0
2018-08-18 11:26:00,89.55874,37.04149,924.108,271.29,85.7,688.4,-4.21,-0.74,-55.42,105.96,77.02,298.05,311.13,103.61,77.23,297.59,310.74,1.0
2018-08-18 11:26:00,89.55874,37.04143,924.066,271.29,85.7,688.8,-6.01,-0.94,-55.97,105.56,76.88,297.66,311.02,103.84,77.29,297.53,310.78,1.0
2018-08-18 11:26:00,89.55874,37.04136,924.072,271.29,85.7,688.7,-9.32,-0.5,-56.06,105.37,77.02,297.3,311.31,104.15,77.32,297.44,310.87,1.0
2018-08-18 11:26:00,89.55874,37.0413,924.04,271.29,85.7,689.0,-9.3,-0.57,-55.87,104.78,77.02,297.49,311.12,104.5,77.34,297.43,310.91,1.0
2018-08-18 11:26:00,89.55874,37.04123,924.05,271.29,85.7,688.9,-9.03,-0.49,-55.86,104.84,76.95,297.31,311.12,104.84,77.33,297.39,310.89,1.0
2018-08-18 11:26:00,89.55874,37.04116,924.059,271.29,85.7,688.8,-7.54,-0.52,-56.07,105.82,77.02,297.49,311.02,105.14,77.29,297.31,310.89,1.0
2018-08-18 11:26:00,89.55874,37.0411,924.043,271.29,85.7,689.0,-5.43,-0.68,-56.5,104.71,77.16,297.48,310.72,105.37,77.24,297.27,310.91,1.0
2018-08-18 11:26:00,89.55874,37.04103,924.023,271.29,85.7,689.1,-4.7,-0.87,-57.1,104.58,77.09,297.21,310.91,105.53,77.18,297.33,310.91,1.0
2018-08-18 11:26:00,89.55874,37.04096,924.063,271.29,85.7,688.8,-8.33,-1.06,-58.07,106.02,77.02,297.48,310.81,105.64,77.1,297.36,310.89,1.0
2018-08-18 11:26:00,89.55874,37.0409,924.066,271.29,85.7,688.8,-10.49,-1.34,-58.84,105.37,77.16,296.68,310.39,105.71,77.03,297.33,310.86,1.0
2018-08-18 11:26:00,89.55874,37.04083,924.061,271.29,85.7,688.8,-11.57,-1.45,-59.23,105.82,77.02,296.68,310.34,105.76,76.96,297.27,310.8,1.0
2018-08-18 11:26:00,89.55873,37.04071,924.087,271.29,85.7,688.6,-12.03,-1.55,-59.54,105.76,77.16,297.31,310.99,105.82,76.88,297.2,310.75,1.0
2018-08-18 11:26:00,89.55873,37.04058,924.164,271.29,85.7,687.9,-12.07,-1.69,-59.83,104.84,76.81,298.15,310.82,105.9,76.81,297.12,310.7,1.0
2018-08-18 11:26:00,89.55873,37.04045,924.064,271.29,85.7,688.8,-11.04,-1.34,-59.07,105.04,76.95,297.81,310.91,105.99,76.73,297.04,310.67,1.0
2018-08-18 11:26:00,89.55873,37.04033,924.151,271.29,85.7,688.0,-8.43,-1.13,-58.56,105.56,76.95,297.4,311.01,106.09,76.63,296.99,310.67,1.0
2018-08-18 11:26:00,89.55873,37.0402,924.158,271.29,85.7,688.0,-8.93,-0.91,-57.06,105.17,77.02,297.29,311.0,106.16,76.54,297.06,310.77,1.0
2018-08-18 11:26:00,89.55873,37.04007,924.102,271.29,85.7,688.5,-9.86,-0.58,-55.31,105.76,77.09,297.29,311.1,106.19,76.44,297.17,310.84,1.0
2018-08-18 11:26:00,89.55873,37.03995,924.07,271.29,85.7,688.7,-10.07,-0.21,-53.89,105.1,77.09,297.29,311.0,106.14,76.34,297.22,310.87,1.0
2018-08-18 11:26:00,89.55873,37.03982,924.176,271.29,85.7,687.8,-10.68,0.07,-52.84,105.17,77.02,297.29,311.29,106.0,76.26,297.19,310.94,1.0
2018-08-18 11:26:00,89.55873,37.03969,924.091,271.29,85.7,688.5,-14.14,0.62,-50.99,105.17,77.02,297.48,310.81,105.77,76.21,297.3,311.08,1.0
2018-08-18 11:26:00,89.55872,37.03958,924.03,271.29,85.7,689.1,-15.27,0.59,-51.07,105.76,77.02,297.71,311.1,105.46,76.19,297.4,311.22,1.0
2018-08-18 11:26:00,89.55872,37.03947,924.047,271.29,85.7,688.9,-14.19,0.32,-51.4,106.22,76.67,297.7,310.58,105.11,76.22,297.48,311.25,1.0
2018-08-18 11:26:00,89.55872,37.03937,924.107,271.29,85.7,688.4,-11.87,0.16,-51.5,105.37,76.81,297.38,310.01,104.75,76.31,297.55,311.22,1.0
2018-08-18 11:26:00,89.55872,37.03927,924.105,271.29,85.7,688.4,-9.73,0.3,-51.44,105.76,76.67,296.98,310.24,104.43,76.43,297.58,311.24,1.0
2018-08-18 11:26:00,89.55872,37.03916,924.126,271.29,85.7,688.2,-9.33,0.32,-51.64,105.5,77.02,297.99,310.66,104.21,76.59,297.58,311.2,1.0
2018-08-18 11:26:00,89.55872,37.03906,924.203,271.29,85.7,687.6,-7.8,-0.07,-51.48,105.69,76.88,297.47,310.98,104.11,76.77,297.55,311.12,1.0
2018-08-18 11:26:00,89.55872,37.03896,924.187,271.29,85.7,687.7,-7.24,-0.28,-51.98,104.97,76.74,297.2,310.02,104.16,76.94,297.5,310.95,1.0
2018-08-18 11:26:00,89.55872,37.03886,924.126,271.29,85.7,688.2,-7.42,-0.31,-52.71,104.65,76.6,297.0,309.8,104.34,77.09,297.46,310.78,1.0
2018-08-18 11:26:00,89.55872,37.03875,924.103,271.29,85.7,688.4,-7.49,-0.24,-53.22,104.78,76.88,297.17,311.17,104.63,77.21,297.48,310.69,1.0
2018-08-18 11:26:00,89.55872,37.03865,924.052,271.29,85.7,688.9,-5.6,-0.14,-53.31,104.91,77.09,297.18,310.99,104.99,77.27,297.55,310.7,1.0
2018-08-18 11:26:00,89.55872,37.03854,924.081,271.29,85.7,688.6,-3.2,0.06,-53.42,106.02,77.09,297.27,311.09,105.37,77.28,297.47,310.65,1.0
2018-08-18 11:26:00,89.55872,37.03844,924.102,271.29,85.7,688.5,0.02,0.12,-53.43,105.17,76.81,297.78,310.52,105.73,77.23,297.46,310.65,1.0
2018-08-18 11:26:00,89.55872,37.03834,924.136,271.29,85.7,688.2,3.4,0.28,-53.32,105.69,77.09,298.24,310.14,106.01,77.15,297.49,310.72,1.0
2018-08-18 11:26:00,89.55872,37.03826,924.179,271.29,85.7,687.8,4.9,0.51,-53.35,104.71,76.81,298.35,310.75,106.19,77.04,297.58,310.84,1.0
2018-08-18 11:26:00,89.55872,37.03819,924.133,271.29,85.7,688.2,2.76,0.56,-53.88,104.84,76.81,298.51,311.36,106.25,76.93,297.73,311.04,1.0
2018-08-18 11:26:00,89.55872,37.03813,924.178,271.29,85.7,687.8,2.86,0.77,-53.79,105.82,77.02,297.26,311.4,106.22,76.83,297.79,311.15,1.0
2018-08-18 11:26:00,89.55871,37.03806,924.176,271.29,85.7,687.8,3.53,0.97,-53.91,106.41,76.88,297.16,310.89,106.1,76.76,297.85,311.23,1.0
2018-08-18 11:26:00,89.55871,37.038,924.158,271.29,85.7,688.0,4.32,1.22,-53.94,105.63,77.09,297.18,310.67,105.92,76.74,297.84,311.37,1.0
2018-08-18 11:26:00,89.55871,37.03793,924.155,271.29,85.7,688.0,4.65,1.36,-53.78,104.19,76.81,297.6,310.68,105.73,76.77,297.78,311.5,1.0
2018-08-18 11:26:00,89.55871,37.03786,924.229,271.29,85.7,687.4,3.76,1.18,-53.42,105.56,76.67,298.09,311.97,105.55,76.83,297.68,311.53,1.0
2018-08-18 11:26:00,89.55871,37.0378,924.224,271.29,85.7,687.4,4.09,1.47,-53.5,106.15,76.88,297.34,311.07,105.41,76.94,297.55,311.43,1.0
2018-08-18 11:26:00,89.55871,37.03773,924.243,271.29,85.7,687.3,5.03,1.24,-54.49,105.63,76.95,297.34,311.17,105.31,77.06,297.5,311.33,1.0
2018-08-18 11:26:00,89.55871,37.03766,924.221,271.29,85.7,687.4,4.67,1.15,-54.88,104.71,76.95,297.34,311.53,105.26,77.18,297.45,311.22,1.0
2018-08-18 11:26:00,89.55871,37.0376,924.187,271.29,85.7,687.7,4.2,1.19,-54.97,104.65,76.95,297.25,311.28,105.24,77.29,297.4,311.16,1.0
2018-08-18 11:26:00,89.55871,37.03753,924.178,271.29,85.7,687.8,4.41,1.19,-55.02,105.96,76.88,297.07,310.86,105.24,77.38,297.33,311.11,1.0
2018-08-18 11:26:00,89.55871,37.03747,924.179,271.29,85.7,687.8,5.32,0.99,-55.07,105.56,76.95,297.26,311.07,105.26,77.44,297.22,310.95,1.0
2018-08-18 11:26:00,89.5587,37.03742,924.155,271.29,85.7,688.0,9.05,1.26,-55.03,105.3,76.88,297.06,311.07,105.27,77.46,297.21,310.92,1.0
2018-08-18 11:26:00,89.5587,37.03737,924.126,271.29,85.7,688.3,13.3,1.14,-54.48,105.56,77.02,297.24,311.07,105.29,77.44,297.22,310.93,1.0
2018-08-18 11:26:00,89.5587,37.03733,924.161,271.29,85.7,688.0,14.79,0.83,-53.83,105.5,76.95,297.24,311.17,105.31,77.41,297.23,310.94,1.0
2018-08-18 11:26:00,89.5587,37.03728,924.221,271.29,85.7,687.4,13.93,0.68,-53.05,105.17,77.02,297.15,311.07,105.34,77.35,297.25,310.97,1.0
2018-08-18 11:26:00,89.5587,37.03723,924.202,271.29,85.7,687.6,12.46,0.9,-52.3,105.56,77.09,297.43,311.26,105.39,77.28,297.26,311.04,1.0
2018-08-18 11:26:00,89.5587,37.03718,924.104,271.29,85.7,688.4,12.44,1.08,-52.8,105.24,77.09,297.43,311.16,105.48,77.21,297.27,311.09,1.0
2018-08-18 11:26:00,89.5587,37.03714,924.197,271.29,85.8,687.7,13.68,0.75,-52.15,105.56,76.95,297.24,311.17,105.61,77.15,297.28,311.13,1.0
2018-08-18 11:26:00,89.5587,37.03709,924.21,271.29,85.8,687.5,13.03,0.7,-51.85,105.63,77.02,297.24,311.16,105.77,77.09,297.29,311.14,1.0
2018-08-18 11:26:00,89.5587,37.03704,924.164,271.29,85.8,687.9,12.43,0.59,-51.7,105.04,77.02,297.24,310.67,105.95,77.05,297.29,311.11,1.0
2018-08-18 11:26:00,89.5587,37.03699,924.164,271.29,85.8,687.9,13.27,0.5,-51.65,105.43,76.95,297.24,311.25,106.14,77.0,297.29,311.06,1.0
2018-08-18 11:26:00,89.5587,37.03694,924.29,271.29,85.8,686.9,14.84,1.27,-52.26,105.1,77.02,297.05,310.96,106.3,76.96,297.29,311.0,1.0
2018-08-18 11:26:00,89.5587,37.03689,924.293,271.29,85.8,686.8,14.55,1.17,-52.07,105.1,77.02,297.24,311.16,106.42,76.93,297.3,310.94,1.0
2018-08-18 11:26:00,89.5587,37.03684,924.258,271.29,85.8,687.1,13.13,1.14,-51.95,105.76,76.88,297.23,310.87,106.48,76.89,297.31,310.89,1.0
2018-08-18 11:26:00,89.5587,37.03678,924.25,271.29,85.8,687.2,10.36,1.05,-52.36,105.43,77.09,297.42,311.06,106.47,76.86,297.42,310.85,1.0
2018-08-18 11:26:00,89.55869,37.03673,924.268,271.29,85.8,687.0,7.96,0.98,-52.6,105.63,77.02,297.33,311.15,106.4,76.83,297.55,310.83,1.0
2018-08-18 11:26:00,89.55869,37.03668,924.243,271.29,85.8,687.3,8.26,1.09,-51.69,105.82,77.09,297.32,311.04,106.26,76.81,297.61,310.86,1.0
2018-08-18 11:26:00,89.55869,37.03663,924.294,271.29,85.8,686.8,9.16,1.16,-51.81,106.22,76.95,297.32,311.25,106.09,76.79,297.63,310.92,1.0
2018-08-18 11:26:00,89.55869,37.03657,924.244,271.29,85.8,687.2,9.01,1.02,-52.43,105.82,77.02,297.13,311.06,105.91,76.79,297.65,310.99,1.0
2018-08-18 11:26:00,89.55869,37.03652,924.227,271.29,85.8,687.4,9.12,0.91,-53.93,105.89,77.02,297.93,310.92,105.73,76.81,297.65,311.06,1.0
2018-08-18 11:26:00,89.55869,37.03647,924.251,271.29,85.8,687.2,9.75,0.8,-55.1,105.1,76.88,298.4,310.8,105.57,76.84,297.65,311.12,1.0
2018-08-18 11:26:00,89.55869,37.03642,924.258,271.29,85.8,687.1,10.48,0.65,-54.8,105.04,76.88,297.46,310.96,105.44,76.87,297.63,311.15,1.0
2018-08-18 11:26:00,89.55869,37.03636,924.233,271.29,85.8,687.3,9.58,0.51,-54.0,105.1,76.88,297.32,310.97,105.34,76.91,297.61,311.15,1.0
2018-08-18 11:26:00,89.55869,37.03631,924.278,271.29,85.8,687.0,9.83,0.66,-54.03,105.37,77.02,297.13,310.87,105.26,76.95,297.6,311.12,1.0
2018-08-18 11:26:00,89.55869,37.03626,924.255,271.28,85.8,687.2,9.24,0.76,-52.93,106.09,77.02,297.5,311.05,105.19,76.96,297.58,311.07,1.0
2018-08-18 11:26:00,89.55869,37.0362,924.228,271.28,85.8,687.4,7.94,0.83,-52.33,106.15,76.95,297.22,311.24,105.1,76.96,297.5,311.04,1.0
2018-08-18 11:26:00,89.55869,37.03615,924.244,271.29,85.8,687.2,6.83,0.85,-52.55,105.04,77.02,297.22,310.95,105.0,76.93,297.4,311.03,1.0
2018-08-18 11:26:00,89.55868,37.0361,924.236,271.29,85.8,687.3,7.05,0.78,-52.57,105.69,77.02,297.3,310.76,104.88,76.87,297.39,311.0,1.0
2018-08-18 11:26:00,89.55868,37.03603,924.213,271.29,85.8,687.5,6.77,0.2,-51.51,105.63,77.02,297.21,311.04,104.73,76.79,297.42,310.98,1.0
2018-08-18 11:26:00,89.55868,37.03596,924.258,271.29,85.8,687.1,9.05,0.35,-51.55,106.02,76.88,297.49,311.04,104.57,76.69,297.45,310.98,1.0
2018-08-18 11:26:00,89.55868,37.03589,924.283,271.29,85.8,686.9,11.59,0.23,-51.69,105.24,76.88,297.21,311.59,104.41,76.59,297.47,311.0,1.0
2018-08-18 11:26:00,89.55868,37.03583,924.291,271.29,85.8,686.9,12.73,-0.11,-51.6,105.76,77.02,297.31,311.75,104.28,76.49,297.49,311.06,1.0
2018-08-18 11:26:00,89.55868,37.03576,924.349,271.29,85.8,686.4,11.38,-0.34,-51.15,104.71,76.95,297.22,311.5,104.19,76.4,297.52,311.14,1.0
2018-08-18 11:26:00,89.55868,37.03569,924.295,271.29,85.8,686.8,7.75,-0.52,-50.3,104.78,76.88,297.4,311.32,104.15,76.34,297.65,311.25,1.0
2018-08-18 11:26:00,89.55868,37.03562,924.285,271.3,85.8,686.9,8.17,-0.89,-49.4,106.02,77.02,297.4,311.2,104.17,76.32,297.77,311.4,1.0
2018-08-18 11:26:00,89.55868,37.03555,924.304,271.3,85.8,686.7,10.46,-1.16,-49.41,105.37,76.88,297.4,311.04,104.24,76.33,297.76,311.49,1.0
2018-08-18 11:26:00,89.55867,37.03548,924.316,271.29,85.8,686.6,12.41,-1.12,-49.7,105.17,76.88,297.12,311.14,104.36,76.39,297.71,311.5,1.0
2018-08-18 11:26:00,89.55867,37.03543,924.309,271.29,85.8,686.7,12.9,-0.86,-49.75,105.17,76.67,297.78,311.28,104.51,76.48,297.66,311.45,1.0
2018-08-18 11:26:00,89.55867,37.03538,924.394,271.29,85.8,686.0,12.54,-0.96,-49.62,104.97,76.81,298.93,310.96,104.68,76.61,297.61,311.4,1.0
2018-08-18 11:26:00,89.55867,37.03532,924.389,271.29,85.8,686.0,11.52,-0.84,-49.47,104.78,76.81,298.84,311.53,104.85,76.75,297.58,311.33,1.0
2018-08-18 11:26:00,89.55867,37.03527,924.356,271.29,85.8,686.3,9.7,-0.7,-48.84,106.15,76.67,297.92,311.13,105.01,76.91,297.64,311.28,1.0
2018-08-18 11:26:00,89.55867,37.03522,924.345,271.29,85.8,686.4,7.12,-0.67,-48.69,105.1,77.02,297.12,311.04,105.16,77.07,297.69,311.2,1.0
2018-08-18 11:26:00,89.55867,37.03517,924.358,271.29,85.8,686.3,4.58,-0.68,-49.27,105.17,76.81,297.49,311.03,105.3,77.22,297.68,311.11,1.0
2018-08-18 11:26:00,89.55867,37.03512,924.332,271.29,85.8,686.5,3.05,-0.61,-50.14,105.37,76.88,297.4,311.14,105.44,77.36,297.68,311.09,1.0
2018-08-18 11:26:00,89.55867,37.03507,924.316,271.29,85.8,686.6,1.0,-0.57,-48.99,105.43,76.88,297.3,311.04,105.61,77.46,297.57,311.09,1.0
2018-08-18 11:26:00,89.55866,37.03502,924.286,271.29,85.8,686.9,-3.05,-1.12,-51.39,105.04,77.02,298.17,311.02,105.79,77.54,297.45,311.05,1.0
2018-08-18 11:26:00,89.55866,37.03497,924.309,271.29,85.8,686.7,-5.14,-1.41,-53.14,105.43,76.88,297.6,310.57,106.01,77.58,297.43,311.07,1.0
2018-08-18 11:26:00,89.55866,37.03492,924.393,271.28,85.8,686.0,-3.93,-1.37,-53.19,104.52,76.88,296.78,310.43,106.26,77.58,297.44,311.13,1.0
2018-08-18 11:26:00,89.55866,37.03487,924.255,271.28,85.8,687.2,-3.44,-1.76,-53.49,104.84,77.02,297.12,311.12,106.53,77.54,297.44,311.19,1.0
2018-08-18 11:26:00,89.55866,37.03481,924.254,271.29,85.8,687.2,-4.04,-1.93,-53.29,105.3,76.81,297.41,311.04,106.81,77.47,297.43,311.23,1.0
2018-08-18 11:26:00,89.55866,37.03474,924.381,271.29,85.8,686.1,-1.75,-1.97,-53.73,106.54,77.09,297.11,311.03,107.06,77.37,297.4,311.26,1.0
2018-08-18 11:26:00,89.55866,37.03468,924.392,271.29,85.8,686.0,0.42,-1.85,-53.75,104.71,77.02,297.38,311.12,107.26,77.25,297.31,311.27,1.0
2018-08-18 11:26:00,89.55866,37.03461,924.336,271.29,85.8,686.5,1.42,-1.81,-53.95,106.54,77.02,297.2,311.23,107.38,77.12,297.24,311.29,1.0
2018-08-18 11:26:00,89.55866,37.03454,924.304,271.29,85.8,686.7,0.7,-1.92,-54.64,104.52,77.02,297.38,311.04,107.41,76.99,297.26,311.31,1.0
2018-08-18 11:26:00,89.55866,37.03447,924.352,271.29,85.8,686.3,-1.92,-2.02,-55.57,106.15,77.02,297.2,311.12,107.31,76.87,297.26,311.28,1.0
2018-08-18 11:26:00,89.55866,37.0344,924.263,271.29,85.8,687.1,-2.38,-1.7,-54.9,106.22,77.02,297.1,311.04,107.1,76.77,297.3,311.29,1.0
2018-08-18 11:26:00,89.55866,37.03434,924.258,271.29,85.8,687.1,-2.87,-1.4,-54.34,105.56,77.09,297.38,311.03,106.77,76.7,297.36,311.26,1.0
2018-08-18 11:26:00,89.55865,37.03427,924.299,271.29,85.8,686.8,-3.41,-1.34,-53.44,104.52,76.88,297.29,311.32,106.34,76.66,297.39,311.22,1.0
2018-08-18 11:26:00,89.55865,37.0342,924.344,271.29,85.8,686.4,-3.48,-1.51,-52.9,106.02,76.88,297.38,311.12,105.83,76.66,297.37,311.18,1.0
2018-08-18 11:26:00,89.55865,37.03413,924.365,271.29,85.8,686.2,-2.53,-1.7,-53.46,106.09,77.02,297.37,311.22,105.28,76.67,297.36,311.16,1.0
2018-08-18 11:26:00,89.55865,37.03406,924.325,271.28,85.8,686.6,-0.49,-1.55,-53.26,105.69,76.81,298.02,311.9,104.72,76.71,297.34,311.14,1.0
2018-08-18 11:26:00,89.55865,37.034,924.374,271.29,85.8,686.1,0.94,-1.86,-52.43,106.02,76.95,298.16,311.47,104.19,76.74,297.31,311.13,1.0
2018-08-18 11:26:00,89.55865,37.03395,924.356,271.29,85.8,686.3,2.38,-1.87,-51.5,105.76,76.88,297.64,311.06,103.71,76.78,297.29,311.13,1.0
2018-08-18 11:26:00,89.55865,37.03391,924.309,271.29,85.8,686.7,2.16,-1.61,-50.8,105.76,77.02,297.27,311.12,103.33,76.79,297.28,311.13,1.0
2018-08-18 11:26:00,89.55865,37.03386,924.335,271.29,85.8,686.5,-0.21,-1.4,-50.34,105.17,76.88,297.09,311.03,103.05,76.79,297.29,311.14,1.0
2018-08-18 11:26:00,89.55865,37.03381,924.342,271.29,85.8,686.4,-2.3,-1.58,-49.61,104.91,76.81,297.27,311.03,102.92,76.76,297.3,311.13,1.0
2018-08-18 11:26:00,89.55864,37.03377,924.396,271.29,85.8,686.0,-3.11,-1.4,-49.62,105.3,77.02,297.27,311.21,102.92,76.72,297.28,311.06,1.0
2018-08-18 11:26:00,89.55864,37.03372,924.427,271.29,85.8,685.7,-3.47,-1.49,-49.74,106.02,76.95,297.27,310.92,103.06,76.68,297.34,311.1,1.0
2018-08-18 11:26:00,89.55864,37.03367,924.426,271.29,85.8,685.7,-2.58,-1.4,-49.87,105.04,77.09,297.27,310.72,103.34,76.63,297.38,311.13,1.0
2018-08-18 11:26:00,89.55864,37.03362,924.409,271.29,85.8,685.9,-0.6,-1.2,-49.84,105.37,76.88,297.36,311.3,103.73,76.61,297.39,311.12,1.0
2018-08-18 11:26:00,89.55864,37.03358,924.419,271.29,85.8,685.8,1.23,-1.35,-49.51,103.66,77.02,297.27,311.11,104.2,76.6,297.42,311.1,1.0
2018-08-18 11:26:00,89.55864,37.03353,924.453,271.29,85.8,685.5,1.55,-1.6,-49.4,105.76,76.81,297.08,311.01,104.72,76.63,297.43,311.08,1.0
2018-08-18 11:26:00,89.55864,37.03348,924.454,271.28,85.8,685.5,-0.21,-1.72,-49.59,104.52,76.67,298.16,311.83,105.25,76.7,297.41,311.05,1.0
2018-08-18 11:26:00,89.55864,37.03344,924.464,271.28,85.8,685.4,-2.39,-1.9,-50.4,105.3,76.74,297.26,311.48,105.74,76.79,297.37,311.03,1.0
2018-08-18 11:26:00,89.55864,37.03339,924.461,271.29,85.8,685.4,-3.82,-2.16,-51.25,105.43,76.67,296.77,310.92,106.17,76.9,297.32,311.01,1.0
2018-08-18 11:26:00,89.55864,37.03334,924.38,271.29,85.8,686.1,-4.76,-2.4,-51.65,105.3,77.02,297.18,310.92,106.48,77.02,297.27,311.0,1.0
2018-08-18 11:26:00,89.55863,37.03328,924.352,271.29,85.8,686.3,-7.06,-2.34,-51.99,105.37,77.02,297.27,311.11,106.68,77.14,297.22,311.01,1.0
2018-08-18 11:26:00,89.55863,37.03323,924.365,271.29,85.8,686.2,-10.44,-2.22,-51.96,105.63,77.02,297.18,311.01,106.74,77.23,297.19,311.03,1.0
2018-08-18 11:26:00,89.55863,37.03318,924.391,271.29,85.8,686.0,-11.74,-1.81,-52.02,105.04,76.81,297.37,311.0,106.68,77.31,297.09,311.0,1.0
2018-08-18 11:26:00,89.55863,37.03313,924.405,271.29,85.8,685.9,-10.24,-1.63,-51.92,105.17,77.02,297.09,311.19,106.51,77.35,297.08,311.0,1.0
2018-08-18 11:26:00,89.55863,37.03308,924.407,271.29,85.9,685.9,-7.48,-1.64,-51.09,105.69,76.81,297.37,311.19,106.27,77.37,297.16,311.02,1.0
2018-08-18 11:26:00,89.55863,37.03303,924.466,271.29,85.9,685.4,-6.96,-1.19,-48.96,105.43,76.88,297.46,310.92,105.99,77.36,297.25,310.99,1.0
2018-08-18 11:26:00,89.55863,37.03298,924.471,271.29,85.9,685.3,-6.72,-1.31,-50.25,105.24,76.88,297.17,311.3,105.72,77.33,297.35,310.99,1.0
2018-08-18 11:26:00,89.55863,37.03292,924.485,271.28,85.9,685.2,-7.84,-1.05,-50.34,105.43,77.02,297.36,311.0,105.48,77.3,297.43,311.06,1.0
2018-08-18 11:26:00,89.55863,37.03287,924.505,271.28,85.8,685.0,-9.61,-0.54,-49.93,104.97,77.02,297.37,311.0,105.31,77.26,297.49,311.08,1.0
2018-08-18 11:26:00,89.55863,37.03282,924.53,271.29,85.9,684.8,-11.3,-0.21,-49.7,105.96,77.02,297.51,310.68,105.22,77.21,297.5,311.03,1.0
2018-08-18 11:26:00,89.55862,37.03277,924.559,271.29,85.9,684.6,-12.45,-0.37,-50.04,105.69,77.09,297.7,310.12,105.23,77.17,297.47,310.96,1.0
2018-08-18 11:26:00,89.55862,37.03272,924.485,271.29,85.9,685.2,-13.44,-0.28,-49.95,105.76,77.02,297.77,310.68,105.31,77.12,297.41,310.87,1.0
2018-08-18 11:26:00,89.55862,37.03264,924.499,271.29,85.9,685.1,-12.86,-0.55,-50.44,104.71,76.88,297.54,311.56,105.46,77.06,297.32,310.78,1.0
2018-08-18 11:26:00,89.55862,37.0325,924.434,271.29,85.9,685.6,-12.22,-0.97,-51.25,105.43,76.88,297.36,311.25,105.64,76.98,297.23,310.69,1.0
2018-08-18 11:26:00,89.55862,37.03237,924.374,271.29,85.9,686.1,-11.68,-1.25,-52.23,105.24,77.02,297.3,310.8,105.83,76.89,297.16,310.64,1.0
2018-08-18 11:26:00,89.55862,37.03223,924.456,271.29,85.9,685.5,-11.21,-1.36,-53.27,104.84,77.02,297.07,311.19,105.99,76.77,297.1,310.7,1.0
2018-08-18 11:26:00,89.55862,37.0321,924.501,271.29,85.9,685.1,-10.99,-1.72,-54.27,106.35,76.95,297.26,311.09,106.1,76.64,297.03,310.86,1.0
2018-08-18 11:26:00,89.55862,37.03196,924.481,271.29,85.9,685.2,-12.11,-2.32,-55.55,105.24,76.88,297.25,311.19,106.14,76.5,297.02,311.05,1.0
2018-08-18 11:26:00,89.55862,37.03182,924.465,271.29,85.9,685.4,-12.44,-2.46,-55.9,104.84,77.02,297.15,311.09,106.09,76.38,297.11,311.17,1.0
2018-08-18 11:26:00,89.55862,37.03169,924.47,271.29,85.9,685.3,-11.2,-2.65,-56.45,105.43,77.16,297.46,311.27,105.94,76.29,297.2,311.27,1.0
2018-08-18 11:26:00,89.55862,37.03155,924.49,271.29,85.9,685.2,-9.08,-2.87,-57.18,106.35,76.88,297.59,311.76,105.72,76.23,297.22,311.37,1.0
2018-08-18 11:26:00,89.55861,37.03141,924.485,271.28,85.9,685.2,-7.99,-2.74,-57.12,105.89,77.02,297.24,311.57,105.43,76.23,297.2,311.42,1.0
2018-08-18 11:26:00,89.55861,37.03128,924.472,271.29,85.9,685.3,-10.06,-2.84,-56.78,105.43,76.81,297.58,312.36,105.1,76.28,297.29,311.47,1.0
2018-08-18 11:26:00,89.55861,37.03117,924.454,271.28,85.9,685.5,-14.31,-2.41,-56.4,104.78,76.67,298.29,311.57,104.75,76.37,297.37,311.51,1.0
2018-08-18 11:26:00,89.55861,37.03107,924.496,271.28,85.9,685.1,-15.48,-2.16,-56.04,106.02,76.74,297.53,311.27,104.43,76.51,297.42,311.52,1.0
2018-08-18 11:26:00,89.55861,37.03096,924.585,271.28,85.9,684.4,-12.83,-2.1,-55.71,105.69,77.02,296.68,310.96,104.16,76.66,297.44,311.48,1.0
2018-08-18 11:26:00,89.55861,37.03085,924.612,271.29,85.9,684.1,-8.74,-1.93,-55.39,105.17,76.6,295.79,310.4,103.98,76.82,297.42,311.37,1.0
2018-08-18 11:26:00,89.55861,37.03075,924.52,271.29,85.9,684.9,-3.82,-2.21,-55.12,104.84,76.67,297.1,310.43,103.91,76.97,297.38,311.23,1.0
2018-08-18 11:26:00,89.55861,37.03064,924.456,271.29,85.9,685.4,-1.76,-2.01,-54.74,105.04,76.81,297.08,310.6,103.97,77.08,297.3,311.07,1.0
2018-08-18 11:26:00,89.55861,37.03054,924.492,271.29,85.9,685.1,1.19,-1.77,-54.35,105.82,76.95,297.35,310.58,104.15,77.15,297.17,310.95,1.0
2018-08-18 11:26:00,89.55861,37.03043,924.521,271.29,85.9,684.9,3.01,-1.59,-53.84,105.37,77.02,297.15,311.05,104.44,77.17,297.09,310.9,1.0
2018-08-18 11:26:00,89.5586,37.03032,924.455,271.29,85.9,685.5,3.26,-1.52,-53.5,105.37,77.02,297.07,311.14,104.83,77.16,297.11,310.94,1.0
2018-08-18 11:26:00,89.5586,37.03022,924.494,271.29,85.9,685.1,4.4,-1.66,-54.3,104.84,77.02,297.02,310.85,105.28,77.11,297.19,311.03,1.0
2018-08-18 11:26:00,89.5586,37.03011,924.494,271.29,85.9,685.1,2.07,-2.0,-54.63,104.65,77.02,297.03,311.16,105.73,77.04,297.18,311.14,1.0
2018-08-18 11:26:00,89.5586,37.03001,924.545,271.29,85.9,684.7,-1.05,-1.98,-54.96,105.04,76.6,297.06,311.25,106.15,76.97,297.17,311.21,1.0
2018-08-18 11:26:00,89.5586,37.02991,924.59,271.29,85.9,684.3,-1.96,-1.87,-55.63,105.56,76.88,297.16,311.06,106.49,76.9,297.16,311.27,1.0
2018-08-18 11:26:00,89.5586,37.02981,924.584,271.29,85.9,684.4,-0.01,-1.79,-56.24,105.37,76.81,297.43,311.15,106.71,76.84,297.16,311.31,1.0
2018-08-18 11:26:00,89.5586,37.02971,924.504,271.29,85.9,685.0,3.71,-1.76,-56.22,105.89,76.95,297.15,311.06,106.79,76.8,297.17,311.32,1.0
2018-08-18 11:26:00,89.5586,37.02961,924.522,271.29,85.9,684.9,6.04,-1.58,-56.14,105.69,76.88,297.15,311.06,106.72,76.78,297.21,311.29,1.0
2018-08-18 11:26:00,89.5586,37.02951,924.556,271.29,85.9,684.6,6.79,-1.77,-55.8,104.84,76.88,297.34,310.86,106.51,76.76,297.24,311.24,1.0
2018-08-18 11:26:00,89.5586,37.02941,924.601,271.29,85.9,684.2,5.15,-1.88,-55.64,105.17,76.88,297.33,311.06,106.19,76.76,297.26,311.19,1.0
2018-08-18 11:26:00,89.5586,37.02931,924.618,271.29,85.9,684.1,2.07,-1.92,-55.86,105.96,76.88,297.42,311.06,105.79,76.75,297.28,311.13,1.0
2018-08-18 11:26:00,89.5586,37.02921,924.587,271.29,85.9,684.3,-0.36,-1.98,-56.5,105.76,76.88,297.23,311.15,105.37,76.74,297.31,311.05,1.0
2018-08-18 11:26:00,89.5586,37.02911,924.63,271.29,85.9,684.0,1.52,-2.1,-57.32,106.02,76.81,297.13,311.17,104.96,76.73,297.32,310.99,1.0
2018-08-18 11:26:00,89.5586,37.02902,924.547,271.28,85.9,684.7,2.75,-1.75,-57.34,104.84,76.88,296.96,310.86,104.61,76.71,297.26,310.96,1.0
2018-08-18 11:26:00,89.55859,37.02892,924.494,271.29,85.9,685.1,2.6,-1.74,-56.4,104.84,77.02,297.06,311.54,104.34,76.7,297.22,311.05,1.0
2018-08-18 11:26:00,89.55859,37.02882,924.498,271.29,85.9,685.1,2.03,-1.78,-56.28,106.02,76.74,297.23,311.37,104.17,76.7,297.2,311.14,1.0
2018-08-18 11:26:00,89.55859,37.02871,924.526,271.29,85.9,684.9,2.27,-1.76,-56.93,105.37,77.02,297.14,311.33,104.1,76.72,297.19,311.19,1.0
2018-08-18 11:26:00,89.55859,37.02861,924.532,271.29,85.9,684.8,4.22,-1.8,-56.94,105.24,76.88,296.96,310.96,104.12,76.75,297.16,311.27,1.0
2018-08-18 11:26:00,89.55859,37.02851,924.62,271.29,85.9,684.1,3.36,-1.72,-57.22,105.43,76.81,296.29,310.96,104.21,76.8,297.14,311.34,1.0
2018-08-18 11:26:00,89.55859,37.02841,924.708,271.29,85.9,683.3,1.85,-1.65,-57.68,104.97,76.6,296.67,311.77,104.36,76.87,297.14,311.4,1.0
2018-08-18 11:26:00,89.55859,37.02831,924.695,271.29,85.9,683.4,-0.95,-1.75,-57.66,105.63,76.81,296.97,311.38,104.55,76.95,297.15,311.41,1.0
2018-08-18 11:26:00,89.55859,37.02821,924.608,271.29,85.9,684.2,-3.61,-1.86,-57.35,104.84,76.67,297.04,310.85,104.77,77.04,297.17,311.4,1.0
2018-08-18 11:26:00,89.55859,37.02811,924.603,271.29,85.9,684.2,-4.57,-1.86,-57.14,104.84,77.02,297.31,310.94,105.01,77.11,297.21,311.39,1.0
2018-08-18 11:26:00,89.55859,37.02801,924.592,271.29,85.9,684.3,-5.11,-2.15,-56.18,104.97,76.88,297.2,310.94,105.28,77.18,297.27,311.36,1.0
2018-08-18 11:26:00,89.55859,37.02791,924.505,271.29,85.9,685.0,-6.62,-2.7,-56.56,105.37,77.02,297.39,311.04,105.58,77.22,297.41,311.32,1.0
2018-08-18 11:26:00,89.55859,37.0278,924.524,271.29,85.9,684.9,-8.83,-2.57,-56.59,105.37,76.95,297.21,311.08,105.92,77.24,297.51,311.2,1.0
2018-08-18 11:26:00,89.55859,37.0277,924.59,271.29,85.9,684.3,-10.2,-2.52,-56.51,105.56,76.81,297.5,311.08,106.27,77.23,297.58,311.11,1.0
2018-08-18 11:26:00,89.55858,37.0276,924.611,271.29,85.9,684.1,-9.95,-2.88,-56.51,104.97,76.95,297.13,311.04,106.63,77.21,297.63,311.1,1.0
2018-08-18 11:26:00,89.55858,37.02752,924.654,271.29,85.9,683.8,-8.74,-2.95,-56.3,106.15,76.88,297.31,310.75,106.96,77.17,297.65,311.12,1.0
2018-08-18 11:26:00,89.55858,37.02744,924.629,271.29,85.9,684.0,-5.21,-2.89,-55.49,105.63,76.95,297.32,311.14,107.22,77.12,297.63,311.16,1.0
2018-08-18 11:26:00,89.55858,37.02737,924.607,271.28,85.9,684.2,-4.13,-2.79,-54.68,104.12,76.88,297.13,311.13,107.39,77.07,297.58,311.22,1.0
2018-08-18 11:26:00,89.55858,37.02729,924.626,271.28,85.9,684.0,-3.5,-2.8,-54.13,104.97,76.95,297.4,311.23,107.41,77.02,297.52,311.3,1.0
2018-08-18 11:26:00,89.55858,37.02721,924.668,271.29,85.9,683.6,-3.02,-2.84,-53.78,106.02,76.88,297.31,311.23,107.27,76.97,297.46,311.37,1.0
2018-08-18 11:26:00,89.55858,37.02713,924.651,271.29,85.9,683.8,-3.1,-2.75,-53.39,106.22,77.02,297.17,311.32,106.96,76.92,297.41,311.44,1.0
2018-08-18 11:26:00,89.55858,37.02705,924.619,271.29,85.9,684.1,-2.03,-2.25,-52.83,105.1,76.88,296.91,311.14,106.5,76.88,297.36,311.48,1.0
2018-08-18 11:26:00,89.55858,37.02698,924.587,271.29,85.9,684.3,0.06,-2.21,-53.05,106.02,76.81,297.26,311.13,105.92,76.85,297.32,311.5,1.0
2018-08-18 11:26:00,89.55858,37.0269,924.58,271.29,85.9,684.4,1.3,-2.32,-53.62,105.89,77.02,296.96,310.93,105.28,76.82,297.28,311.47,1.0
2018-08-18 11:26:00,89.55858,37.02682,924.604,271.29,85.9,684.2,1.61,-2.25,-53.88,105.37,76.81,297.35,310.93,104.65,76.79,297.24,311.36,1.0
2018-08-18 11:26:00,89.55858,37.02674,924.65,271.29,85.9,683.8,1.19,-1.96,-53.77,106.22,77.09,297.3,311.22,104.11,76.78,297.21,311.11,1.0
2018-08-18 11:26:00,89.55858,37.02666,924.656,271.29,85.9,683.7,-0.24,-2.17,-55.0,105.82,76.88,297.3,311.21,103.71,76.76,297.16,310.79,1.0
2018-08-18 11:26:00,89.55858,37.02658,924.621,271.29,85.9,684.0,-1.8,-2.28,-55.77,105.37,76.88,297.3,311.02,103.52,76.76,297.07,310.46,1.0
2018-08-18 11:26:00,89.55858,37.0265,924.613,271.29,85.9,684.1,-2.46,-2.36,-55.59,105.5,77.02,297.21,311.23,103.53,76.77,297.0,310.28,1.0
2018-08-18 11:26:00,89.55858,37.02643,924.632,271.29,85.9,684.0,-1.91,-2.35,-55.21,104.97,77.02,297.33,310.4,103.75,76.78,296.94,310.17,1.0
2018-08-18 11:26:00,89.55858,37.02631,924.65,271.29,85.9,683.8,-0.34,-2.3,-55.12,104.58,76.67,297.35,309.29,104.14,76.8,296.86,310.09,1.0
2018-08-18 11:26:00,89.55858,37.02618,924.607,271.29,85.9,684.2,1.56,-2.47,-55.28,105.04,76.88,297.25,309.04,104.64,76.82,296.79,310.04,1.0
2018-08-18 11:26:00,89.55857,37.02604,924.663,271.29,85.9,683.7,2.63,-2.92,-53.92,104.91,76.67,296.41,308.7,105.19,76.83,296.73,310.03,1.0
2018-08-18 11:26:00,89.55857,37.02591,924.675,271.29,85.9,683.6,3.07,-3.18,-52.41,105.76,76.88,297.16,310.47,105.72,76.84,296.7,310.05,1.0
2018-08-18 11:26:00,89.55857,37.02578,924.65,271.29,85.9,683.8,1.75,-3.2,-51.51,105.3,77.09,297.11,311.12,106.18,76.83,296.72,310.1,1.0
2018-08-18 11:26:00,89.55857,37.02564,924.645,271.29,85.9,683.8,0.89,-3.18,-51.38,105.17,76.81,297.3,311.12,106.52,76.82,296.75,310.28,1.0
2018-08-18 11:26:00,89.55857,37.02551,924.722,271.29,85.9,683.2,2.42,-3.23,-51.68,105.82,76.88,297.31,311.12,106.75,76.79,296.79,310.63,1.0
2018-08-18 11:26:00,89.55857,37.02538,924.658,271.29,85.9,683.7,1.16,-2.7,-51.5,105.1,77.02,297.29,311.12,106.86,76.75,296.82,310.99,1.0
2018-08-18 11:26:00,89.55857,37.02524,924.686,271.29,85.9,683.5,1.58,-3.05,-51.29,106.15,77.02,297.38,310.93,106.89,76.72,296.92,311.34,1.0
2018-08-18 11:26:00,89.55856,37.02514,924.699,271.29,85.9,683.4,2.5,-3.18,-50.71,105.43,76.88,297.29,311.12,106.86,76.7,297.01,311.47,1.0
2018-08-18 11:26:00,89.55856,37.02508,924.663,271.29,85.9,683.7,3.67,-3.14,-50.16,105.5,76.88,297.06,311.69,106.82,76.69,297.08,311.47,1.0
2018-08-18 11:26:00,89.55856,37.02501,924.599,271.29,85.9,684.2,5.09,-3.1,-50.06,105.56,76.81,296.56,312.32,106.78,76.7,297.1,311.46,1.0
2018-08-18 11:26:00,89.55856,37.02495,924.627,271.29,85.9,684.0,6.75,-3.13,-50.61,105.56,76.67,296.08,311.82,106.77,76.74,297.09,311.42,1.0
2018-08-18 11:26:00,89.55856,37.02488,924.673,271.29,85.9,683.6,4.7,-2.56,-51.07,105.37,76.81,296.05,311.61,106.78,76.79,297.04,311.37,1.0
2018-08-18 11:26:00,89.55856,37.02481,924.686,271.29,85.9,683.5,1.85,-2.8,-51.26,105.96,76.81,296.65,311.14,106.78,76.87,296.97,311.32,1.0
2018-08-18 11:26:00,89.55856,37.02475,924.734,271.29,85.9,683.1,-1.08,-2.85,-51.44,105.82,76.81,297.18,311.11,106.74,76.95,296.89,311.29,1.0
2018-08-18 11:26:00,89.55856,37.02468,924.799,271.29,85.9,682.5,-3.52,-2.73,-51.51,104.58,76.88,297.18,311.2,106.63,77.02,296.82,311.24,1.0
2018-08-18 11:26:00,89.55856,37.02462,924.716,271.29,85.9,683.2,-4.81,-2.99,-51.19,105.76,76.88,297.28,310.91,106.42,77.09,296.74,311.13,1.0
2018-08-18 11:26:00,89.55856,37.02455,924.774,271.29,85.9,682.7,-2.82,-2.49,-50.91,105.63,77.09,297.2,311.01,106.1,77.13,296.75,311.08,1.0
2018-08-18 11:26:00,89.55856,37.02449,924.804,271.29,85.9,682.5,-1.72,-2.35,-51.17,106.54,76.88,297.28,311.1,105.66,77.14,296.83,311.03,1.0
2018-08-18 11:26:00,89.55856,37.02442,924.794,271.29,85.9,682.6,-2.56,-2.33,-51.75,106.09,76.95,297.38,311.18,105.15,77.13,296.91,311.05,1.0
2018-08-18 11:26:00,89.55855,37.02436,924.782,271.29,85.9,682.7,-4.21,-2.4,-52.48,106.94,76.88,297.12,311.49,104.59,77.08,296.98,311.11,1.0
2018-08-18 11:26:00,89.55855,37.02428,924.851,271.29,86.0,682.1,-4.5,-2.66,-53.0,105.63,76.74,296.24,311.3,104.05,77.02,297.07,311.17,1.0
2018-08-18 11:26:00,89.55855,37.0242,924.794,271.29,85.9,682.6,-2.07,-2.97,-52.45,104.84,76.88,296.41,311.26,103.59,76.95,297.14,311.23,1.0
2018-08-18 11:26:00,89.55855,37.02411,924.746,271.29,85.9,683.0,-2.95,-2.99,-52.49,105.43,76.95,297.05,310.95,103.25,76.87,297.18,311.35,1.0
2018-08-18 11:26:00,89.55855,37.02403,924.777,271.3,85.9,682.7,-3.77,-2.91,-52.66,105.56,76.95,296.73,311.09,103.08,76.81,297.21,311.4,1.0
2018-08-18 11:26:00,89.55855,37.02394,924.798,271.3,85.9,682.5,-5.87,-2.96,-53.44,104.97,76.81,296.89,311.09,103.1,76.77,297.19,311.38,1.0
2018-08-18 11:26:00,89.55855,37.02385,924.769,271.29,85.9,682.8,-8.75,-3.18,-54.57,104.91,77.09,296.91,311.0,103.29,76.76,297.16,311.34,1.0
2018-08-18 11:26:00,89.55855,37.02377,924.82,271.3,85.9,682.4,-9.99,-3.44,-55.18,105.43,76.81,296.77,310.96,103.63,76.78,297.14,311.3,1.0
2018-08-18 11:26:00,89.55855,37.02368,924.753,271.29,85.9,682.9,-7.86,-3.71,-54.92,104.71,76.88,296.66,311.8,104.08,76.82,297.09,311.24,1.0
2018-08-18 11:26:00,89.55854,37.0236,924.704,271.29,85.9,683.3,-5.45,-3.42,-54.54,106.15,76.81,297.15,311.4,104.57,76.89,297.0,311.2,1.0
2018-08-18 11:26:00,89.55854,37.02351,924.705,271.29,85.9,683.3,-2.54,-3.34,-53.77,105.69,76.88,297.27,311.18,105.06,76.97,296.94,311.17,1.0
2018-08-18 11:26:00,89.55854,37.02343,924.728,271.29,85.9,683.1,0.15,-3.5,-52.88,105.17,76.88,297.19,311.1,105.49,77.06,296.9,311.16,1.0
2018-08-18 11:26:00,89.55854,37.02334,924.704,271.29,85.9,683.3,1.89,-3.63,-52.36,104.71,76.88,297.19,311.12,105.84,77.15,296.91,311.16,1.0
2018-08-18 11:26:00,89.55854,37.02325,924.732,271.29,85.9,683.1,5.13,-4.04,-51.92,105.5,76.88,297.09,310.91,106.09,77.21,296.96,311.17,1.0
2018-08-18 11:26:00,89.55854,37.02316,924.748,271.29,86.0,683.0,7.56,-4.03,-51.99,105.24,76.88,297.27,310.61,106.24,77.26,297.05,311.1,1.0
2018-08-18 11:26:00,89.55854,37.02307,924.784,271.29,86.0,682.7,9.14,-4.04,-51.77,104.38,76.95,297.27,311.09,106.31,77.28,297.13,311.1,1.0
2018-08-18 11:26:00,89.55854,37.02297,924.852,271.29,86.0,682.1,9.66,-4.13,-51.88,106.02,76.95,297.36,311.09,106.32,77.28,297.2,311.12,1.0
2018-08-18 11:26:00,89.55854,37.02288,924.913,271.29,86.0,681.6,9.01,-4.2,-52.45,105.43,77.02,297.08,311.0,106.3,77.24,297.26,311.14,1.0
2018-08-18 11:26:00,89.55854,37.02278,924.778,271.29,86.0,682.7,7.21,-4.09,-52.38,105.76,76.88,297.27,311.09,106.26,77.18,297.3,311.14,1.0
2018-08-18 11:26:00,89.55854,37.02269,924.85,271.29,86.0,682.1,3.7,-3.6,-53.3,106.09,77.02,297.26,311.09,106.23,77.11,297.36,311.15,1.0
2018-08-18 11:26:00,89.55854,37.0226,924.827,271.29,86.0,682.3,2.68,-3.45,-53.55,105.43,76.88,297.26,311.19,106.19,77.01,297.34,311.12,1.0
2018-08-18 11:26:00,89.55854,37.0225,924.752,271.29,86.0,682.9,3.2,-3.36,-53.39,104.71,77.09,297.07,310.9,106.15,76.91,297.3,311.08,1.0
2018-08-18 11:26:00,89.55854,37.02241,924.691,271.29,86.0,683.5,3.72,-3.23,-52.87,105.37,76.88,297.17,311.09,106.09,76.81,297.23,311.03,1.0
2018-08-18 11:26:00,89.55853,37.02231,924.725,271.29,86.0,683.2,1.57,-3.17,-51.69,105.43,77.02,297.12,311.12,106.0,76.72,297.17,310.97,1.0
2018-08-18 11:26:00,89.55853,37.02222,924.819,271.29,86.0,682.4,0.18,-3.45,-51.43,105.56,77.02,297.56,311.17,105.86,76.64,297.13,310.92,1.0
2018-08-18 11:26:00,89.55853,37.02215,924.773,271.29,86.0,682.8,-0.41,-3.41,-50.42,105.63,76.81,297.19,311.17,105.68,76.59,297.11,310.88,1.0
2018-08-18 11:26:00,89.55853,37.02208,924.784,271.29,86.0,682.7,1.76,-3.39,-49.9,105.37,77.02,297.24,311.19,105.47,76.55,297.12,310.85,1.0
2018-08-18 11:26:00,89.55853,37.02202,924.853,271.29,86.0,682.1,5.17,-3.29,-49.81,106.02,76.81,297.24,311.08,105.23,76.55,297.16,310.83,1.0
2018-08-18 11:26:00,89.55853,37.02196,924.872,271.29,86.0,681.9,7.46,-3.03,-49.83,106.54,76.88,297.24,311.07,105.01,76.58,297.23,310.85,1.0
2018-08-18 11:26:00,89.55853,37.0219,924.832,271.29,86.0,682.3,7.44,-2.88,-50.0,105.04,76.88,297.35,311.09,104.83,76.63,297.29,310.91,1.0
2018-08-18 11:26:00,89.55853,37.02183,924.843,271.29,86.0,682.2,3.65,-2.37,-50.58,105.24,76.81,297.26,310.89,104.71,76.7,297.33,311.0,1.0
2018-08-18 11:26:00,89.55853,37.02177,924.857,271.3,86.0,682.0,1.33,-2.37,-51.79,104.25,76.88,297.35,311.17,104.68,76.78,297.41,311.06,1.0
2018-08-18 11:26:00,89.55853,37.02171,924.859,271.3,86.0,682.0,-0.15,-2.42,-53.32,106.15,77.02,297.17,311.07,104.74,76.87,297.46,311.1,1.0
2018-08-18 11:26:00,89.55853,37.02165,924.857,271.29,86.0,682.0,-1.23,-2.36,-54.75,105.43,76.81,297.0,311.19,104.87,76.96,297.47,311.14,1.0
2018-08-18 11:26:00,89.55853,37.02158,924.898,271.29,86.0,681.7,-1.19,-2.64,-55.6,105.69,76.74,296.69,311.42,105.06,77.04,297.45,311.17,1.0
2018-08-18 11:26:00,89.55853,37.02152,924.877,271.29,86.0,681.9,-2.46,-2.49,-56.14,105.17,77.02,297.01,311.55,105.27,77.1,297.42,311.19,1.0
2018-08-18 11:26:00,89.55853,37.02146,924.878,271.29,86.0,681.9,-2.08,-2.56,-56.17,104.84,76.88,297.06,311.4,105.46,77.13,297.36,311.21,1.0
2018-08-18 11:26:00,89.55852,37.0214,924.859,271.29,86.0,682.0,-0.79,-2.62,-55.57,105.37,77.02,297.23,310.97,105.59,77.14,297.29,311.21,1.0
2018-08-18 11:26:00,89.55852,37.02133,924.854,271.29,86.0,682.1,0.71,-2.53,-54.47,105.82,76.81,297.04,310.78,105.63,77.13,297.21,311.21,1.0
2018-08-18 11:26:00,89.55852,37.02127,924.984,271.3,86.0,681.0,1.93,-2.25,-53.33,106.09,76.81,297.18,310.79,105.58,77.09,297.14,311.19,1.0
2018-08-18 11:26:00,89.55852,37.0212,924.946,271.29,86.0,681.3,2.53,-1.99,-53.58,105.04,77.02,297.15,310.97,105.44,77.04,297.1,311.13,1.0
2018-08-18 11:26:00,89.55852,37.02109,924.914,271.29,86.0,681.6,-2.77,-1.78,-52.88,104.97,77.02,297.25,310.79,105.22,76.97,297.06,311.04,1.0
2018-08-18 11:26:00,89.55852,37.02097,924.946,271.29,86.0,681.3,-7.34,-1.61,-52.0,105.43,76.95,297.34,310.98,104.98,76.91,297.04,311.01,1.0
2018-08-18 11:26:00,89.55852,37.02085,924.956,271.29,86.0,681.2,-8.79,-1.33,-51.28,106.15,76.81,297.34,311.08,104.76,76.84,297.04,311.02,1.0
2018-08-18 11:26:00,89.55852,37.02073,924.869,271.3,86.0,681.9,-7.01,-0.97,-50.85,104.91,77.02,297.24,311.07,104.6,76.77,297.06,311.03,1.0
2018-08-18 11:26:00,89.55852,37.02062,924.905,271.29,86.0,681.6,-3.92,-0.91,-50.59,105.63,76.81,297.24,310.87,104.54,76.72,297.08,311.06,1.0
2018-08-18 11:26:00,89.55852,37.0205,924.946,271.3,86.0,681.3,-4.04,-0.57,-50.68,105.24,77.02,297.24,311.17,104.61,76.66,297.09,311.08,1.0
2018-08-18 11:26:00,89.55851,37.02038,924.936,271.3,86.0,681.4,-2.28,-0.63,-50.35,105.1,76.95,297.34,310.88,104.8,76.6,297.09,311.12,1.0
2018-08-18 11:26:00,89.55851,37.02026,924.957,271.3,86.0,681.2,0.18,-0.66,-50.54,105.17,76.81,297.34,311.17,105.09,76.55,297.2,311.14,1.0
2018-08-18 11:26:00,89.55851,37.02016,925.037,271.3,86.0,680.5,1.43,-0.65,-51.39,105.76,76.81,297.24,311.17,105.45,76.48,297.32,311.16,1.0
2018-08-18 11:26:00,89.55851,37.02008,924.928,271.3,86.0,681.4,-0.46,-1.14,-52.02,104.71,76.88,297.24,310.98,105.83,76.41,297.32,311.24,1.0
2018-08-18 11:26:00,89.55851,37.02001,924.958,271.3,86.0,681.2,-2.2,-1.01,-52.51,105.37,76.95,297.23,311.06,106.17,76.34,297.46,311.37,1.0
2018-08-18 11:26:00,89.55851,37.01993,924.967,271.3,86.0,681.1,-0.21,-1.17,-52.48,104.84,76.88,297.06,310.97,106.41,76.25,297.48,311.41,1.0
2018-08-18 11:26:00,89.55851,37.01986,924.948,271.3,86.0,681.3,1.88,-1.09,-53.13,105.96,76.88,298.5,311.27,106.53,76.18,297.47,311.4,1.0
2018-08-18 11:26:00,89.55851,37.01978,924.932,271.3,86.0,681.4,3.99,-1.04,-53.57,105.5,76.74,298.6,310.97,106.5,76.11,297.47,311.41,1.0
2018-08-18 11:26:00,89.55851,37.0197,924.96,271.29,86.0,681.2,6.54,-1.34,-52.88,105.3,76.67,297.27,311.37,106.32,76.05,297.46,311.41,1.0
2018-08-18 11:26:00,89.5585,37.01963,924.988,271.3,86.0,680.9,8.05,-1.53,-52.26,105.37,76.67,298.56,312.22,106.02,76.03,297.42,311.37,1.0
2018-08-18 11:26:00,89.5585,37.01955,924.941,271.3,86.0,681.3,9.1,-1.81,-51.06,105.82,76.81,297.5,311.14,105.65,76.03,297.42,311.32,1.0
2018-08-18 11:26:00,89.5585,37.01948,924.898,271.3,86.0,681.7,7.5,-1.94,-50.99,106.09,77.02,297.15,311.06,105.26,76.07,297.36,311.28,1.0
2018-08-18 11:26:00,89.5585,37.0194,924.9,271.3,86.0,681.7,4.69,-1.97,-50.92,104.97,76.88,297.1,311.48,104.9,76.14,297.19,311.25,1.0
2018-08-18 11:26:00,89.5585,37.01933,924.946,271.29,86.0,681.3,2.05,-1.96,-50.39,105.56,76.54,297.02,311.21,104.63,76.24,297.06,311.21,1.0
2018-08-18 11:26:00,89.5585,37.01925,924.939,271.3,86.0,681.3,0.01,-1.98,-50.47,106.09,76.4,296.66,310.88,104.47,76.36,297.03,311.14,1.0
2018-08-18 11:26:00,89.5585,37.01919,924.97,271.3,86.0,681.1,-0.42,-1.75,-50.29,104.78,76.6,297.16,311.06,104.46,76.5,296.87,311.08,1.0
2018-08-18 11:26:00,89.5585,37.01913,925.003,271.3,86.0,680.8,1.97,-1.8,-50.51,104.52,76.6,296.34,311.39,104.57,76.65,296.84,311.08,1.0
2018-08-18 11:26:00,89.5585,37.01907,925.002,271.3,86.0,680.8,5.17,-1.97,-50.63,106.41,76.74,296.52,310.87,104.8,76.8,296.86,311.1,1.0
2018-08-18 11:26:00,89.5585,37.01901,924.961,271.3,86.0,681.2,7.48,-2.18,-50.53,105.3,76.67,297.14,310.96,105.11,76.94,296.87,311.11,1.0
2018-08-18 11:26:00,89.5585,37.01895,924.917,271.3,86.0,681.5,7.7,-2.35,-50.25,104.84,76.88,297.04,311.15,105.47,77.06,296.91,311.11,1.0
2018-08-18 11:26:00,89.5585,37.0189,924.963,271.29,86.0,681.1,6.78,-1.87,-49.39,104.45,76.74,297.18,311.8,105.82,77.16,296.98,311.15,1.0
2018-08-18 11:26:00,89.5585,37.01884,924.983,271.3,86.0,681.0,3.47,-2.13,-49.72,105.82,76.74,297.22,311.24,106.13,77.24,297.03,311.18,1.0
2018-08-18 11:26:00,89.55849,37.01878,924.969,271.3,86.0,681.1,0.19,-1.93,-50.45,105.24,76.74,297.33,311.05,106.37,77.29,297.04,311.17,1.0
2018-08-18 11:26:00,89.55849,37.01872,924.954,271.3,86.0,681.2,-2.09,-1.71,-50.76,105.43,76.67,297.33,311.14,106.53,77.31,297.04,311.15,1.0
2018-08-18 11:26:00,89.55849,37.01866,924.977,271.29,86.0,681.0,-3.15,-1.81,-50.28,106.15,76.67,297.14,310.84,106.6,77.31,297.05,311.13,1.0
2018-08-18 11:26:00,89.55849,37.0186,924.968,271.29,86.0,681.1,-4.3,-1.52,-49.78,105.43,76.88,297.05,311.04,106.58,77.27,297.04,311.07,1.0
2018-08-18 11:26:00,89.55849,37.01854,924.956,271.29,86.0,681.2,-2.21,-1.31,-49.52,105.89,76.74,297.33,310.85,106.49,77.21,297.03,310.95,1.0
2018-08-18 11:26:00,89.55849,37.01848,924.981,271.3,86.0,681.0,-0.14,-1.2,-49.35,105.69,77.02,296.13,310.94,106.35,77.12,296.99,310.87,1.0
2018-08-18 11:26:00,89.55849,37.01839,924.987,271.3,86.0,680.9,0.17,-1.16,-49.27,105.24,76.67,296.26,310.95,106.15,77.01,296.96,310.79,1.0
2018-08-18 11:26:00,89.55849,37.0183,924.944,271.3,86.0,681.3,-1.37,-1.2,-49.28,104.84,76.88,296.96,311.04,105.94,76.88,296.92,310.72,1.0
2018-08-18 11:26:00,89.55849,37.01821,924.931,271.3,86.0,681.4,-2.96,-1.29,-49.41,105.96,76.81,297.25,311.14,105.72,76.74,296.9,310.7,1.0
2018-08-18 11:26:00,89.55849,37.01812,925.021,271.3,86.0,680.6,-2.05,-0.85,-50.29,105.56,76.95,297.24,310.85,105.5,76.61,296.89,310.72,1.0
2018-08-18 11:26:00,89.55848,37.01803,925.073,271.3,86.0,680.2,-2.61,-0.84,-50.52,105.56,76.67,297.05,311.14,105.31,76.49,296.9,310.77,1.0
2018-08-18 11:26:00,89.55848,37.01794,925.053,271.3,86.0,680.4,-3.48,-0.93,-51.26,105.37,76.81,297.05,310.76,105.14,76.39,297.01,310.8,1.0
2018-08-18 11:26:00,89.55848,37.01785,924.997,271.3,86.0,680.8,-4.1,-0.91,-51.92,105.76,76.81,297.05,310.53,105.03,76.33,297.1,310.8,1.0
2018-08-18 11:26:00,89.55848,37.01775,924.993,271.3,86.0,680.9,-4.08,-0.74,-51.82,105.76,76.81,296.96,310.9,104.96,76.3,297.09,310.8,1.0
2018-08-18 11:26:00,89.55848,37.01766,925.049,271.3,86.0,680.4,-3.18,-0.87,-52.76,105.24,76.88,297.14,311.04,104.96,76.31,297.13,310.86,1.0
2018-08-18 11:26:00,89.55848,37.01757,925.049,271.3,86.0,680.4,-1.09,-0.58,-52.96,106.02,76.6,297.33,310.85,105.02,76.36,297.17,310.91,1.0
2018-08-18 11:26:00,89.55848,37.01748,925.001,271.3,86.0,680.8,-0.75,-0.59,-52.33,105.37,76.74,297.24,310.31,105.14,76.43,297.2,310.93,1.0
2018-08-18 11:26:00,89.55848,37.01739,924.969,271.3,86.0,681.1,-2.01,-0.9,-53.06,105.56,76.6,296.75,310.16,105.3,76.51,297.22,310.95,1.0
2018-08-18 11:26:00,89.55848,37.01732,925.024,271.3,86.0,680.6,-3.89,-1.15,-55.32,104.97,76.54,296.35,309.71,105.5,76.59,297.22,310.96,1.0
2018-08-18 11:26:00,89.55848,37.01726,924.978,271.31,86.0,681.0,-4.8,-0.52,-53.61,105.37,76.81,296.94,311.03,105.71,76.65,297.22,310.94,1.0
2018-08-18 11:26:00,89.55848,37.0172,925.026,271.3,86.0,680.6,-10.74,-0.8,-53.21,105.96,76.81,297.03,310.84,105.91,76.69,297.21,310.9,1.0
2018-08-18 11:26:00,89.55848,37.01714,925.078,271.31,86.0,680.2,-13.14,-0.43,-52.31,104.84,76.74,297.13,311.03,106.1,76.7,297.2,310.88,1.0
2018-08-18 11:26:00,89.55848,37.01709,925.065,271.31,86.0,680.3,-13.17,-0.44,-51.67,104.97,76.67,297.22,310.84,106.24,76.69,297.2,310.92,1.0
2018-08-18 11:26:00,89.55847,37.01703,925.021,271.31,86.0,680.7,-11.15,-0.55,-51.34,105.82,76.81,297.22,311.03,106.34,76.65,297.23,311.02,1.0
2018-08-18 11:26:00,89.55847,37.01697,925.102,271.31,86.0,680.0,-7.12,0.16,-50.92,105.69,76.67,297.41,311.13,106.4,76.61,297.3,311.13,1.0
2018-08-18 11:26:00,89.55847,37.01691,925.044,271.3,86.0,680.4,-4.32,0.27,-50.47,106.15,76.81,297.13,311.03,106.4,76.58,297.32,311.18,1.0
2018-08-18 11:26:00,89.55847,37.01685,925.0,271.3,86.0,680.8,-0.06,0.57,-49.85,105.56,76.67,297.22,311.13,106.36,76.58,297.33,311.29,1.0
2018-08-18 11:26:00,89.55847,37.0168,925.001,271.3,86.0,680.8,1.54,0.53,-49.38,105.82,76.81,297.21,311.03,106.29,76.6,297.33,311.35,1.0
2018-08-18 11:26:00,89.55847,37.01674,925.038,271.3,86.0,680.5,1.85,0.29,-49.08,106.41,76.67,297.21,311.03,106.17,76.66,297.32,311.37,1.0
2018-08-18 11:26:00,89.55847,37.01668,925.084,271.3,86.0,680.1,2.88,0.14,-48.93,105.1,76.6,297.31,311.12,106.02,76.75,297.28,311.35,1.0
2018-08-18 11:26:00,89.55847,37.01662,925.15,271.3,86.0,679.6,3.57,0.21,-48.95,105.24,76.81,297.22,311.31,105.82,76.86,297.22,311.29,1.0
2018-08-18 11:26:00,89.55847,37.01656,925.152,271.31,86.0,679.5,2.44,0.46,-49.67,105.24,76.47,297.03,311.77,105.58,76.97,297.14,311.21,1.0
2018-08-18 11:26:00,89.55847,37.0165,925.076,271.3,86.0,680.2,0.24,0.37,-50.13,105.24,76.6,297.03,311.55,105.3,77.06,297.05,311.1,1.0
2018-08-18 11:26:00,89.55846,37.01644,925.036,271.3,86.0,680.5,-2.24,0.03,-50.46,105.82,76.74,297.22,311.02,104.99,77.11,296.96,311.0,1.0
2018-08-18 11:26:00,89.55846,37.01639,925.085,271.3,86.0,680.1,-4.25,-0.19,-50.63,106.61,76.81,297.22,310.83,104.66,77.1,296.89,310.9,1.0
2018-08-18 11:26:00,89.55846,37.01633,925.064,271.3,86.0,680.3,-5.38,0.15,-50.41,106.02,76.88,297.22,311.11,104.34,77.04,296.83,310.83,1.0
2018-08-18 11:26:00,89.55846,37.01627,925.154,271.3,86.0,679.5,-6.32,-0.08,-49.86,104.91,76.81,297.31,311.02,104.07,76.92,296.74,310.79,1.0
2018-08-18 11:26:00,89.55846,37.01621,925.168,271.3,86.0,679.4,-3.71,-0.15,-49.26,105.63,76.81,297.02,311.12,103.89,76.76,296.67,310.76,1.0
2018-08-18 11:26:00,89.55846,37.01615,925.167,271.3,86.0,679.4,0.89,0.11,-48.84,105.04,76.74,297.2,311.03,103.85,76.57,296.73,310.73,1.0
2018-08-18 11:26:00,89.55846,37.01609,925.157,271.3,86.0,679.5,5.56,0.47,-48.44,106.02,76.88,297.21,311.22,103.98,76.38,296.88,310.67,1.0
2018-08-18 11:26:00,89.55846,37.01603,925.085,271.31,86.0,680.1,8.88,0.61,-47.84,105.63,76.67,297.1,311.09,104.29,76.21,297.03,310.63,1.0
2018-08-18 11:26:00,89.55846,37.01597,925.161,271.3,86.0,679.5,11.07,0.82,-47.53,104.78,76.88,296.11,310.91,104.78,76.09,297.06,310.73,1.0
2018-08-18 11:26:00,89.55845,37.01591,925.207,271.3,86.0,679.1,8.71,0.93,-47.5,105.56,76.74,296.36,311.29,105.41,76.03,297.11,310.8,1.0
2018-08-18 11:26:00,89.55845,37.01585,925.201,271.3,86.0,679.1,6.22,0.91,-48.1,104.84,76.81,297.36,310.25,106.12,76.04,297.14,310.84,1.0
2018-08-18 11:26:00,89.55845,37.01579,925.152,271.3,86.0,679.5,4.55,0.63,-49.59,104.91,76.26,297.98,309.06,106.85,76.11,297.15,310.84,1.0
2018-08-18 11:26:00,89.55845,37.01573,925.093,271.3,86.0,680.0,3.66,0.22,-51.61,104.97,76.4,298.02,309.1,107.52,76.24,297.14,310.81,1.0
2018-08-18 11:26:00,89.55845,37.01566,925.183,271.3,86.0,679.3,2.61,0.48,-51.98,105.96,76.6,296.51,311.02,108.04,76.4,297.14,310.75,1.0
2018-08-18 11:26:00,89.55845,37.0156,925.143,271.31,86.0,679.6,1.06,0.38,-52.84,105.43,76.74,296.98,310.84,108.36,76.57,297.2,310.68,1.0
2018-08-18 11:26:00,89.55845,37.01554,925.164,271.3,86.0,679.4,-0.19,0.45,-53.1,106.02,76.67,297.02,311.02,108.44,76.73,297.27,310.59,1.0
2018-08-18 11:26:00,89.55845,37.01547,925.146,271.3,86.0,679.6,0.18,0.21,-53.49,105.69,76.67,297.2,310.92,108.29,76.87,297.25,310.6,1.0
2018-08-18 11:26:00,89.55844,37.01541,925.077,271.3,86.0,680.2,2.38,-0.18,-54.01,106.35,76.81,297.11,311.02,107.92,76.96,297.18,310.72,1.0
2018-08-18 11:26:00,89.55844,37.01535,925.14,271.31,86.0,679.6,5.59,-0.25,-54.23,105.96,76.67,297.3,311.02,107.4,77.01,297.12,310.89,1.0
2018-08-18 11:26:00,89.55844,37.01529,925.173,271.31,86.0,679.4,8.13,-0.66,-54.44,105.96,76.74,297.2,311.11,106.8,77.01,297.19,310.96,1.0
2018-08-18 11:26:00,89.55844,37.01522,925.205,271.31,86.0,679.1,5.53,-0.85,-54.41,106.22,76.67,296.92,311.3,106.22,76.97,297.24,311.07,1.0
2018-08-18 11:26:00,89.55844,37.01516,925.216,271.31,86.0,679.0,1.63,-0.85,-53.95,105.89,76.54,297.01,310.82,105.72,76.91,297.27,311.2,1.0
2018-08-18 11:26:00,89.55844,37.0151,925.202,271.31,86.0,679.1,-1.29,-0.77,-53.05,105.3,76.67,297.0,311.21,105.37,76.83,297.29,311.33,1.0
2018-08-18 11:26:00,89.55844,37.01503,925.176,271.31,86.0,679.3,-2.69,-0.71,-52.06,107.07,76.74,297.19,311.02,105.2,76.76,297.29,311.44,1.0
2018-08-18 11:26:00,89.55844,37.01497,925.229,271.31,86.0,678.9,-3.84,-0.67,-52.35,105.17,76.74,297.28,311.3,105.22,76.68,297.27,311.52,1.0
2018-08-18 11:26:00,89.55844,37.01491,925.19,271.31,86.0,679.2,-1.17,-0.88,-52.17,105.17,76.74,297.19,311.02,105.4,76.62,297.24,311.55,1.0
2018-08-18 11:26:00,89.55844,37.01485,925.227,271.31,86.0,678.9,1.98,-0.76,-51.21,105.24,76.74,297.19,311.11,105.69,76.57,297.19,311.62,1.0
2018-08-18 11:26:00,89.55844,37.01479,925.294,271.31,86.0,678.3,4.1,-0.67,-50.1,106.35,76.67,297.19,311.01,106.03,76.54,297.14,311.66,1.0
2018-08-18 11:26:00,89.55844,37.01472,925.323,271.31,86.0,678.1,5.18,-0.76,-49.29,105.37,76.67,297.2,311.0,106.37,76.52,297.09,311.64,1.0
2018-08-18 11:26:00,89.55843,37.01466,925.324,271.31,86.0,678.1,6.89,-0.81,-48.89,105.89,76.6,297.12,311.11,106.64,76.51,297.07,311.61,1.0
2018-08-18 11:26:00,89.55843,37.0146,925.253,271.31,86.0,678.7,8.88,-0.68,-48.95,106.35,76.6,297.19,310.81,106.81,76.51,297.06,311.5,1.0
2018-08-18 11:26:00,89.55843,37.01453,925.281,271.31,86.0,678.4,12.71,-0.71,-48.71,106.02,76.81,297.0,311.89,106.86,76.52,297.06,311.4,1.0
2018-08-18 11:26:00,89.55843,37.01447,925.328,271.31,86.0,678.0,17.35,-0.65,-48.4,105.96,76.6,297.24,312.14,106.77,76.53,297.08,311.33,1.0
2018-08-18 11:26:00,89.55843,37.01441,925.319,271.31,86.0,678.1,19.7,-0.48,-48.25,105.69,76.81,297.14,311.82,106.57,76.54,297.1,311.28,1.0
2018-08-18 11:26:00,89.55843,37.01434,925.215,271.31,86.0,679.0,17.13,-0.31,-48.46,106.28,76.54,297.12,311.92,106.28,76.57,297.11,311.27,1.0
2018-08-18 11:26:00,89.55843,37.01426,925.194,271.31,86.0,679.2,18.37,-0.27,-49.52,106.74,76.81,296.91,311.13,105.94,76.59,297.11,311.29,1.0
2018-08-18 11:26:00,89.55843,37.01418,925.178,271.31,86.0,679.3,18.18,-0.19,-50.64,105.89,76.6,297.19,311.09,105.58,76.62,297.1,311.33,1.0
2018-08-18 11:26:00,89.55843,37.01411,925.178,271.31,86.0,679.3,15.7,-0.38,-50.98,104.91,76.47,297.29,311.18,105.22,76.64,297.07,311.3,1.0
2018-08-18 11:26:00,89.55843,37.01403,925.186,271.31,86.0,679.2,11.0,-0.75,-51.52,105.63,76.6,296.73,310.98,104.9,76.66,297.01,311.26,1.0
2018-08-18 11:26:00,89.55843,37.01395,925.195,271.32,86.0,679.2,5.56,-0.98,-52.66,105.76,76.67,297.0,311.0,104.63,76.67,296.91,311.23,1.0
2018-08-18 11:26:00,89.55842,37.01388,925.265,271.31,86.0,678.6,4.21,-0.47,-52.03,106.61,76.67,297.0,311.1,104.43,76.68,296.87,311.17,1.0
2018-08-18 11:26:00,89.55842,37.0138,925.196,271.31,86.0,679.2,6.72,-0.8,-51.17,105.63,76.81,297.1,311.0,104.3,76.67,296.87,311.14,1.0
2018-08-18 11:26:00,89.55842,37.01372,925.227,271.31,86.0,678.9,10.68,-0.88,-50.75,105.96,76.81,297.0,311.19,104.26,76.65,296.89,311.14,1.0
2018-08-18 11:26:00,89.55842,37.01365,925.297,271.31,86.0,678.3,12.63,-0.99,-50.73,105.89,76.54,296.88,311.0,104.31,76.63,296.93,311.13,1.0
2018-08-18 11:26:00,89.55842,37.01357,925.329,271.31,86.0,678.0,11.41,-1.14,-51.11,105.63,76.67,296.48,311.11,104.44,76.62,296.99,311.11,1.0
2018-08-18 11:26:00,89.55842,37.01349,925.304,271.31,86.0,678.2,8.01,-1.0,-51.99,105.96,76.67,296.76,310.75,104.64,76.61,297.07,311.08,1.0
2018-08-18 11:26:00,89.55842,37.01342,925.308,271.31,86.0,678.2,6.28,-0.91,-52.22,104.78,76.54,297.25,310.51,104.9,76.62,297.15,311.04,1.0
2018-08-18 11:26:00,89.55842,37.01335,925.332,271.31,86.0,678.0,4.93,-0.65,-52.4,106.28,76.67,297.02,310.76,105.2,76.64,297.21,311.0,1.0
2018-08-18 11:26:00,89.55842,37.01329,925.302,271.31,86.0,678.3,3.01,-0.34,-53.14,104.97,76.67,297.17,311.0,105.49,76.66,297.25,310.96,1.0
2018-08-18 11:26:00,89.55842,37.01322,925.247,271.31,86.0,678.7,0.91,-0.24,-54.1,105.43,76.6,297.18,311.19,105.75,76.69,297.3,310.91,1.0
2018-08-18 11:26:00,89.55842,37.01316,925.282,271.32,86.0,678.4,-0.25,-0.44,-54.8,105.24,76.67,297.19,311.27,105.95,76.72,297.35,310.87,1.0
2018-08-18 11:26:00,89.55842,37.01309,925.308,271.31,86.0,678.2,1.88,-0.25,-55.24,105.56,76.67,297.08,311.08,106.05,76.73,297.31,310.87,1.0
2018-08-18 11:26:00,89.55842,37.01302,925.289,271.31,86.0,678.4,3.56,-0.35,-54.52,106.54,76.67,296.99,310.89,106.05,76.72,297.24,310.88,1.0
2018-08-18 11:26:00,89.55842,37.01296,925.322,271.31,86.0,678.1,3.85,-0.73,-54.89,105.82,76.74,297.17,311.08,105.95,76.68,297.17,310.87,1.0
2018-08-18 11:26:00,89.55841,37.01289,925.351,271.31,86.0,677.8,2.44,-0.87,-55.31,105.96,76.6,296.99,311.27,105.77,76.61,297.06,310.81,1.0
2018-08-18 11:26:00,89.55841,37.01283,925.341,271.31,86.0,677.9,0.26,-0.69,-54.89,104.58,76.67,297.17,310.98,105.54,76.52,296.92,310.77,1.0
2018-08-18 11:26:00,89.55841,37.01276,925.457,271.31,86.0,676.9,-0.18,-0.76,-53.53,106.02,76.54,297.27,311.08,105.3,76.41,296.84,310.88,1.0
2018-08-18 11:26:00,89.55841,37.0127,925.36,271.31,86.0,677.8,-1.76,-0.74,-52.49,106.35,76.67,297.08,310.89,105.1,76.31,296.83,310.91,1.0
2018-08-18 11:26:00,89.55841,37.01263,925.361,271.31,86.0,677.8,0.96,-0.86,-51.64,105.56,76.88,297.17,311.08,104.97,76.22,296.75,310.92,1.0
2018-08-18 11:26:00,89.55841,37.01256,925.39,271.31,86.0,677.5,2.5,-1.05,-50.69,105.63,76.67,296.74,310.6,104.92,76.15,296.65,311.02,1.0
2018-08-18 11:26:00,89.55841,37.0125,925.387,271.31,86.0,677.5,1.59,-1.07,-49.68,105.69,76.6,296.22,310.89,104.97,76.13,296.61,311.16,1.0
2018-08-18 11:26:00,89.55841,37.01242,925.383,271.32,86.0,677.6,-0.21,-0.65,-48.92,104.65,76.54,296.73,312.15,105.1,76.15,296.63,311.27,1.0
2018-08-18 11:26:00,89.55841,37.01233,925.326,271.32,86.0,678.1,0.94,-1.1,-48.1,106.02,76.67,297.11,311.18,105.26,76.21,296.64,311.34,1.0
2018-08-18 11:26:00,89.55841,37.01224,925.364,271.32,86.0,677.7,-0.01,-1.51,-48.25,105.43,76.33,295.88,311.07,105.43,76.3,296.57,311.4,1.0
2018-08-18 11:26:00,89.55841,37.01215,925.416,271.32,86.0,677.3,-0.81,-1.55,-48.78,105.82,76.4,295.73,311.55,105.56,76.41,296.52,311.41,1.0
2018-08-18 11:26:00,89.5584,37.01206,925.442,271.31,86.0,677.1,-1.15,-1.46,-49.42,104.97,76.54,296.21,312.26,105.62,76.53,296.53,311.43,1.0
2018-08-18 11:26:00,89.5584,37.01197,925.444,271.31,86.0,677.1,-1.21,-1.56,-49.95,105.17,76.6,296.98,312.0,105.58,76.65,296.58,311.45,1.0
2018-08-18 11:26:00,89.5584,37.01188,925.411,271.32,86.0,677.3,-0.28,-1.46,-50.09,105.17,76.67,296.97,312.0,105.46,76.74,296.61,311.34,1.0
2018-08-18 11:26:00,89.5584,37.01179,925.329,271.32,86.0,678.0,0.16,-1.81,-50.29,106.68,76.74,296.57,311.8,105.27,76.8,296.61,311.34,1.0
2018-08-18 11:26:00,89.5584,37.0117,925.287,271.31,86.0,678.4,-0.55,-1.96,-50.66,106.68,76.6,296.69,311.26,105.05,76.83,296.73,311.36,1.0
2018-08-18 11:26:00,89.5584,37.01162,925.322,271.31,86.0,678.1,0.26,-1.9,-50.83,105.43,76.47,297.16,310.97,104.84,76.82,296.89,311.32,1.0
2018-08-18 11:26:00,89.5584,37.01155,925.393,271.32,86.0,677.5,2.42,-1.88,-51.02,104.97,76.6,297.15,310.78,104.7,76.79,297.02,311.23,1.0
2018-08-18 11:26:00,89.5584,37.01148,925.379,271.32,86.0,677.6,2.33,-2.19,-52.08,104.91,76.6,296.97,311.36,104.65,76.74,297.07,311.17,1.0
2018-08-18 11:26:00,89.5584,37.01141,925.429,271.32,86.0,677.2,-0.39,-1.88,-52.49,106.68,76.88,297.17,310.99,104.72,76.68,297.12,311.13,1.0
2018-08-18 11:26:00,89.55839,37.01134,925.413,271.32,86.0,677.3,-0.01,-2.12,-51.99,105.04,76.54,297.27,311.08,104.88,76.62,297.21,311.1,1.0
2018-08-18 11:26:00,89.55839,37.01128,925.41,271.32,86.0,677.3,-0.13,-2.18,-51.27,104.84,76.47,296.89,310.78,105.13,76.57,297.23,311.09,1.0
2018-08-18 11:26:00,89.55839,37.01121,925.439,271.32,86.0,677.1,-1.1,-2.07,-50.76,104.25,76.54,296.88,310.68,105.42,76.53,297.19,311.11,1.0
2018-08-18 11:26:00,89.55839,37.01114,925.46,271.31,86.0,676.9,-2.01,-2.05,-50.65,105.56,76.54,296.88,310.98,105.7,76.5,297.16,311.11,1.0
2018-08-18 11:26:00,89.55839,37.01107,925.522,271.32,86.0,676.4,-2.62,-2.09,-50.35,106.02,76.67,297.16,310.98,105.94,76.48,297.17,311.1,1.0
2018-08-18 11:26:00,89.55839,37.011,925.54,271.32,86.0,676.2,-4.23,-2.01,-50.45,105.56,76.67,297.36,311.27,106.1,76.46,297.1,311.09,1.0
2018-08-18 11:26:00,89.55839,37.01094,925.484,271.32,86.0,676.7,-4.55,-2.52,-50.38,106.09,76.67,297.17,311.08,106.16,76.44,297.04,311.09,1.0
2018-08-18 11:26:00,89.55839,37.01087,925.429,271.32,86.0,677.2,-4.15,-3.01,-50.7,105.37,76.67,297.06,310.99,106.14,76.42,297.05,311.09,1.0
2018-08-18 11:26:00,89.55839,37.0108,925.475,271.32,86.0,676.8,-3.3,-2.94,-51.66,105.82,76.4,297.38,311.08,106.06,76.4,297.14,311.1,1.0
2018-08-18 11:26:00,89.55839,37.01073,925.436,271.31,86.0,677.1,-0.5,-3.02,-51.93,104.65,76.67,298.17,311.18,105.94,76.37,297.26,311.12,1.0
2018-08-18 11:26:00,89.55838,37.01065,925.467,271.32,86.0,676.9,0.39,-3.13,-52.34,106.54,76.54,297.21,311.0,105.81,76.34,297.3,311.06,1.0
2018-08-18 11:26:00,89.55838,37.01057,925.523,271.32,86.0,676.4,2.46,-2.95,-53.15,106.28,76.6,297.24,310.7,105.72,76.32,297.43,311.07,1.0
2018-08-18 11:26:00,89.55838,37.01049,925.501,271.32,86.0,676.6,1.82,-2.76,-53.7,104.84,76.47,297.65,311.09,105.67,76.31,297.57,311.09,1.0
2018-08-18 11:26:00,89.55838,37.01041,925.414,271.32,86.0,677.3,-1.81,-2.65,-53.83,104.58,76.47,298.32,310.99,105.66,76.31,297.67,311.1,1.0
2018-08-18 11:26:00,89.55838,37.01033,925.45,271.32,86.0,677.0,-6.06,-2.6,-53.89,105.56,76.67,297.76,310.98,105.69,76.32,297.71,311.1,1.0
2018-08-18 11:26:00,89.55838,37.01025,925.395,271.32,86.0,677.5,-8.3,-2.85,-55.39,105.69,76.6,296.7,310.34,105.72,76.35,297.63,311.07,1.0
2018-08-18 11:26:00,89.55838,37.01017,925.398,271.32,86.0,677.4,-6.68,-2.86,-55.64,105.43,76.6,297.03,310.67,105.72,76.38,297.58,311.03,1.0
2018-08-18 11:26:00,89.55838,37.0101,925.452,271.32,86.0,677.0,-4.8,-2.98,-54.55,105.43,76.33,297.29,310.96,105.67,76.41,297.51,310.97,1.0
2018-08-18 11:26:00,89.55838,37.01002,925.497,271.32,86.1,676.6,-3.09,-3.11,-53.28,105.56,76.67,296.96,310.89,105.54,76.44,297.36,310.92,1.0
2018-08-18 11:26:00,89.55838,37.00994,925.449,271.32,86.0,677.0,-1.2,-3.05,-53.02,106.41,76.47,296.95,311.08,105.33,76.45,297.15,310.87,1.0
2018-08-18 11:26:00,89.55837,37.00986,925.476,271.32,86.0,676.8,0.69,-2.68,-52.77,106.15,76.47,296.95,310.97,105.06,76.45,296.98,310.84,1.0
2018-08-18 11:26:00,89.55837,37.00979,925.554,271.32,86.0,676.1,1.05,-2.87,-52.15,105.56,76.4,296.94,311.07,104.76,76.44,296.95,310.92,1.0
2018-08-18 11:26:00,89.55837,37.00973,925.523,271.32,86.0,676.4,1.64,-2.7,-51.03,105.04,76.67,297.03,311.07,104.47,76.41,296.89,310.96,1.0
2018-08-18 11:26:00,89.55837,37.00967,925.473,271.32,86.0,676.8,0.25,-2.73,-50.79,104.97,76.6,297.23,311.07,104.24,76.38,296.88,311.0,1.0
2018-08-18 11:26:00,89.55837,37.00961,925.486,271.32,86.0,676.7,-3.45,-2.96,-51.5,106.61,76.6,297.04,310.87,104.11,76.35,296.94,311.06,1.0
2018-08-18 11:26:00,89.55837,37.00956,925.477,271.32,86.0,676.8,-7.1,-2.7,-51.75,104.65,76.47,297.24,311.07,104.11,76.33,297.04,311.13,1.0
2018-08-18 11:26:00,89.55837,37.0095,925.405,271.32,86.0,677.4,-9.47,-2.66,-51.83,105.04,76.47,297.24,311.36,104.26,76.32,297.16,311.2,1.0
2018-08-18 11:26:00,89.55837,37.00944,925.459,271.31,86.0,676.9,-8.59,-2.25,-51.58,105.37,76.54,297.14,311.26,104.56,76.33,297.34,311.26,1.0
2018-08-18 11:26:00,89.55837,37.00938,925.49,271.31,86.0,676.7,-6.23,-1.9,-51.3,104.78,76.4,297.32,310.97,104.98,76.36,297.43,311.28,1.0
2018-08-18 11:26:00,89.55837,37.00932,925.476,271.31,86.0,676.8,-3.34,-1.8,-51.06,105.3,76.47,297.22,310.77,105.48,76.41,297.39,311.28,1.0
2018-08-18 11:26:00,89.55836,37.00926,925.531,271.32,86.0,676.3,-0.68,-1.92,-50.9,105.43,76.54,296.86,311.05,106.01,76.47,297.29,311.27,1.0
2018-08-18 11:26:00,89.55836,37.0092,925.559,271.32,86.1,676.1,0.25,-1.85,-51.66,105.82,76.6,297.14,311.07,106.53,76.54,297.17,311.24,1.0
2018-08-18 11:26:00,89.55836,37.00914,925.538,271.32,86.1,676.3,-0.13,-1.45,-51.42,105.5,76.4,297.77,310.78,106.98,76.59,297.02,311.19,1.0
2018-08-18 11:26:00,89.55836,37.00908,925.542,271.32,86.1,676.2,-1.83,-1.54,-52.43,105.82,76.4,297.18,310.61,107.32,76.63,296.87,311.15,1.0
2018-08-18 11:26:00,89.55836,37.00903,925.566,271.32,86.1,676.0,-4.49,-1.78,-53.83,104.71,76.54,296.14,310.73,107.52,76.66,296.75,311.1,1.0
2018-08-18 11:26:00,89.55836,37.00899,925.562,271.32,86.0,676.0,-7.01,-1.83,-54.5,106.35,76.47,296.12,310.99,107.57,76.65,296.67,311.07,1.0
2018-08-18 11:26:00,89.55836,37.00895,925.589,271.32,86.1,675.8,-7.12,-2.25,-54.9,105.63,76.6,296.36,311.09,107.46,76.63,296.63,311.05,1.0
2018-08-18 11:26:00,89.55836,37.00891,925.568,271.32,86.1,676.0,-7.67,-2.57,-55.56,104.97,76.47,296.47,311.24,107.21,76.6,296.71,310.98,1.0
2018-08-18 11:26:00,89.55836,37.00887,925.583,271.32,86.1,675.9,-3.75,-2.79,-55.01,105.04,76.6,296.63,311.15,106.85,76.56,296.71,310.95,1.0
2018-08-18 11:26:00,89.55836,37.00883,925.594,271.32,86.1,675.8,0.66,-2.61,-54.13,105.89,76.6,296.9,310.96,106.4,76.53,296.81,310.99,1.0
2018-08-18 11:26:00,89.55836,37.00879,925.591,271.32,86.1,675.8,3.33,-2.3,-53.33,106.48,76.6,297.22,310.96,105.92,76.51,297.07,311.02,1.0
2018-08-18 11:26:00,89.55835,37.00874,925.646,271.32,86.1,675.3,3.82,-2.5,-52.56,106.54,76.6,297.21,311.25,105.44,76.51,297.37,311.01,1.0
2018-08-18 11:26:00,89.55835,37.0087,925.573,271.32,86.1,676.0,3.09,-2.35,-52.46,105.37,76.26,297.66,310.38,105.03,76.54,297.62,311.0,1.0
2018-08-18 11:26:00,89.55835,37.00866,925.592,271.33,86.1,675.8,4.43,-1.94,-52.85,105.82,76.47,297.18,310.4,104.72,76.6,297.79,310.99,1.0
2018-08-18 11:26:00,89.55835,37.00862,925.593,271.33,86.1,675.8,6.24,-1.83,-53.0,106.35,76.47,297.37,310.77,104.54,76.68,297.86,310.97,1.0
2018-08-18 11:26:00,89.55835,37.00858,925.559,271.32,86.1,676.1,7.87,-2.03,-52.63,105.3,76.47,297.86,310.65,104.52,76.77,297.84,310.92,1.0
2018-08-18 11:26:00,89.55835,37.00854,925.617,271.32,86.1,675.6,9.41,-2.14,-51.94,104.84,76.54,298.35,310.36,104.65,76.86,297.77,310.84,1.0
2018-08-18 11:26:00,89.55835,37.00849,925.484,271.32,86.1,676.7,12.98,-1.93,-51.18,105.5,76.6,297.91,310.78,104.93,76.94,297.65,310.75,1.0
2018-08-18 11:26:00,89.55835,37.00845,925.521,271.33,86.1,676.4,13.37,-1.87,-50.65,105.37,76.6,297.52,311.15,105.31,76.99,297.45,310.71,1.0
2018-08-18 11:26:00,89.55835,37.00839,925.628,271.33,86.1,675.5,13.31,-1.92,-50.17,104.78,76.54,297.11,311.15,105.74,76.99,297.26,310.64,1.0
2018-08-18 11:26:00,89.55834,37.00832,925.693,271.33,86.1,674.9,12.54,-1.85,-49.85,105.82,76.67,297.2,311.15,106.14,76.95,297.1,310.56,1.0
2018-08-18 11:26:00,89.55834,37.00825,925.657,271.33,86.1,675.2,11.86,-1.72,-49.73,106.22,76.6,297.31,311.06,106.45,76.86,296.94,310.51,1.0
2018-08-18 11:26:00,89.55834,37.00818,925.608,271.33,86.1,675.7,13.85,-1.95,-49.72,105.76,76.67,297.3,311.05,106.6,76.72,296.77,310.54,1.0
2018-08-18 11:26:00,89.55834,37.0081,925.614,271.33,86.1,675.6,13.98,-1.34,-49.97,105.17,76.54,297.2,311.06,106.56,76.55,296.65,310.55,1.0
2018-08-18 11:26:00,89.55834,37.00803,925.608,271.33,86.1,675.7,12.68,-1.7,-50.91,106.28,76.6,296.85,310.96,106.3,76.35,296.6,310.55,1.0
2018-08-18 11:26:00,89.55834,37.00796,925.607,271.33,86.1,675.7,11.59,-1.75,-51.73,105.56,76.54,296.86,311.25,105.84,76.15,296.61,310.58,1.0
2018-08-18 11:26:00,89.55834,37.00789,925.614,271.32,86.1,675.6,10.63,-1.54,-52.27,105.63,76.6,297.31,311.19,105.22,75.96,296.61,310.63,1.0
2018-08-18 11:26:00,89.55833,37.00782,925.609,271.33,86.1,675.7,9.04,-1.73,-52.71,105.82,76.6,297.22,311.52,104.53,75.8,296.59,310.66,1.0
2018-08-18 11:26:00,89.55833,37.00775,925.661,271.33,86.1,675.2,8.39,-1.38,-53.19,106.02,76.54,297.13,311.08,103.84,75.68,296.63,310.71,1.0
2018-08-18 11:26:00,89.55833,37.00767,925.703,271.33,86.1,674.9,8.61,-1.16,-53.69,105.37,76.6,296.95,310.95,103.26,75.63,296.59,310.74,1.0
2018-08-18 11:26:00,89.55833,37.00758,925.718,271.33,86.1,674.7,7.77,-1.24,-53.86,106.41,76.47,297.21,310.76,102.88,75.63,296.62,310.75,1.0
2018-08-18 11:26:00,89.55833,37.0075,925.715,271.33,86.1,674.8,7.07,-1.45,-53.87,104.58,76.47,296.48,310.62,102.75,75.7,296.68,310.75,1.0
2018-08-18 11:26:00,89.55833,37.00741,925.71,271.33,86.1,674.8,7.42,-1.56,-53.92,105.24,76.26,296.4,310.46,102.91,75.83,296.67,310.73,1.0
2018-08-18 11:26:00,89.55833,37.00733,925.705,271.33,86.1,674.8,7.37,-1.28,-54.06,104.78,76.26,296.83,310.25,103.36,75.99,296.54,310.72,1.0
2018-08-18 11:26:00,89.55833,37.00724,925.666,271.33,86.1,675.2,8.18,-1.19,-52.97,105.82,76.47,295.89,309.92,104.06,76.19,296.56,310.73,1.0
2018-08-18 11:26:00,89.55833,37.00716,925.716,271.34,86.1,674.7,6.8,-1.35,-51.89,104.84,76.47,296.58,309.93,104.92,76.4,296.53,310.81,1.0
2018-08-18 11:26:00,89.55833,37.00708,925.76,271.34,86.1,674.4,4.95,-1.64,-51.11,104.91,76.26,296.9,310.2,105.87,76.6,296.51,310.85,1.0
2018-08-18 11:26:00,89.55833,37.00699,925.733,271.34,86.1,674.6,3.85,-1.81,-50.52,104.78,76.4,296.69,309.96,106.81,76.77,296.55,310.85,1.0
2018-08-18 11:26:00,89.55832,37.00691,925.728,271.34,86.1,674.6,3.68,-1.59,-49.65,105.63,76.6,295.4,310.82,107.63,76.92,296.61,310.89,1.0
2018-08-18 11:26:00,89.55832,37.00682,925.757,271.33,86.0,674.4,3.92,-1.54,-48.69,104.91,76.4,297.15,311.06,108.28,77.02,296.65,310.95,1.0
2018-08-18 11:26:00,89.55832,37.00674,925.752,271.34,86.1,674.4,4.92,-1.95,-48.21,105.82,76.4,296.62,311.98,108.71,77.07,296.8,311.06,1.0
2018-08-18 11:26:00,89.55832,37.00667,925.769,271.34,86.1,674.3,6.15,-1.87,-48.1,105.63,76.54,296.58,311.72,108.89,77.09,296.89,311.19,1.0
2018-08-18 11:26:00,89.55832,37.0066,925.792,271.33,86.1,674.1,7.2,-1.49,-48.17,105.24,76.6,296.92,311.13,108.84,77.06,296.96,311.34,1.0
2018-08-18 11:26:00,89.55832,37.00653,925.747,271.34,86.1,674.5,7.57,-1.32,-48.38,106.54,76.47,296.68,311.23,108.6,77.01,297.07,311.5,1.0
2018-08-18 11:26:00,89.55832,37.00646,925.765,271.34,86.1,674.3,6.07,-1.0,-49.58,106.22,76.54,297.09,311.12,108.2,76.95,297.3,311.59,1.0
2018-08-18 11:26:00,89.55832,37.00639,925.762,271.33,86.1,674.4,4.72,-1.12,-49.64,106.35,76.67,296.91,311.42,107.7,76.87,297.37,311.66,1.0
2018-08-18 11:26:00,89.55832,37.00632,925.755,271.34,86.1,674.4,3.09,-1.14,-50.29,105.69,76.54,297.38,311.04,107.15,76.81,297.46,311.61,1.0
2018-08-18 11:26:00,89.55832,37.00625,925.761,271.34,86.1,674.4,2.72,-0.94,-51.32,106.22,76.6,297.2,311.04,106.6,76.75,297.54,311.57,1.0
2018-08-18 11:26:00,89.55832,37.00618,925.784,271.34,86.1,674.2,3.6,-0.74,-52.4,105.37,76.33,297.21,311.23,106.08,76.71,297.57,311.55,1.0
2018-08-18 11:26:00,89.55832,37.0061,925.791,271.33,86.1,674.1,3.0,-1.24,-53.29,105.82,76.67,296.93,311.04,105.6,76.68,297.58,311.49,1.0
2018-08-18 11:26:00,89.55832,37.00603,925.79,271.34,86.1,674.1,4.05,-1.02,-53.13,105.17,76.47,296.91,311.14,105.19,76.67,297.54,311.41,1.0
2018-08-18 11:26:00,89.55831,37.00596,925.826,271.33,86.1,673.8,5.01,-1.43,-52.97,106.02,76.6,297.38,310.95,104.85,76.66,297.46,311.3,1.0
2018-08-18 11:26:00,89.55831,37.00589,925.859,271.33,86.1,673.5,6.02,-1.51,-52.81,106.35,76.54,297.11,311.33,104.6,76.66,297.37,311.18,1.0
2018-08-18 11:26:00,89.55831,37.00582,925.863,271.33,86.1,673.5,6.18,-1.34,-52.5,106.15,76.6,297.29,311.04,104.42,76.66,297.28,311.07,1.0
2018-08-18 11:26:00,89.55831,37.00576,925.843,271.33,86.1,673.7,4.51,-1.6,-51.85,106.22,76.6,297.09,311.14,104.34,76.64,297.18,310.97,1.0
2018-08-18 11:26:00,89.55831,37.00569,925.825,271.34,86.1,673.8,5.19,-1.68,-50.73,105.69,76.54,297.19,311.14,104.36,76.62,297.11,310.9,1.0
2018-08-18 11:26:00,89.55831,37.00562,925.809,271.34,86.1,674.0,2.97,-1.65,-50.15,106.02,76.74,297.1,311.04,104.48,76.6,297.05,310.86,1.0
2018-08-18 11:26:00,89.55831,37.00555,925.796,271.34,86.1,674.1,3.41,-1.97,-48.93,105.24,76.47,297.19,310.94,104.69,76.57,297.03,310.84,1.0
2018-08-18 11:26:00,89.55831,37.00548,925.815,271.34,86.1,673.9,6.02,-2.08,-47.45,104.38,76.6,297.1,311.03,104.98,76.53,297.02,310.85,1.0
2018-08-18 11:26:00,89.55831,37.00542,925.887,271.34,86.1,673.3,9.15,-1.67,-46.01,106.28,76.33,297.0,311.32,105.31,76.5,297.04,310.84,1.0
2018-08-18 11:26:00,89.55831,37.00535,925.936,271.34,86.1,672.9,11.38,-1.59,-44.2,105.1,76.67,297.19,311.03,105.66,76.48,297.07,310.75,1.0
2018-08-18 11:26:00,89.55831,37.00528,925.871,271.34,86.1,673.4,8.08,-1.15,-44.71,105.56,76.67,297.1,311.04,105.99,76.47,297.1,310.78,1.0
2018-08-18 11:26:00,89.5583,37.00522,925.9,271.35,86.1,673.2,6.3,-1.09,-47.01,105.63,76.54,297.0,310.95,106.25,76.47,297.12,310.81,1.0
2018-08-18 11:26:00,89.5583,37.00515,925.923,271.35,86.1,673.0,4.12,-1.23,-49.88,106.54,76.67,296.9,311.23,106.41,76.49,297.13,310.83,1.0
2018-08-18 11:26:00,89.5583,37.00508,925.868,271.34,86.1,673.5,0.94,-1.4,-52.11,105.37,76.47,297.1,310.55,106.46,76.52,297.12,310.84,1.0
2018-08-18 11:26:00,89.5583,37.00501,925.865,271.34,86.1,673.5,-2.03,-1.51,-53.11,105.17,76.4,297.03,309.8,106.39,76.56,297.1,310.85,1.0
2018-08-18 11:26:00,89.5583,37.00493,925.788,271.34,86.1,674.1,-2.34,-1.58,-53.3,106.61,76.54,296.91,310.6,106.22,76.6,297.08,310.85,1.0
2018-08-18 11:26:00,89.5583,37.00485,925.829,271.35,86.1,673.8,-0.95,-2.01,-54.13,106.22,76.67,296.91,310.84,105.98,76.64,297.06,310.86,1.0
2018-08-18 11:26:00,89.5583,37.00477,925.864,271.35,86.1,673.5,0.89,-2.1,-54.7,106.22,76.54,297.0,311.22,105.71,76.68,297.03,310.88,1.0
2018-08-18 11:26:00,89.5583,37.0047,925.849,271.35,86.1,673.6,2.61,-2.06,-54.59,104.38,76.6,297.1,311.21,105.45,76.71,297.02,310.9,1.0
2018-08-18 11:26:00,89.5583,37.00462,925.836,271.35,86.1,673.7,4.11,-2.25,-53.88,105.43,76.54,297.19,311.22,105.26,76.73,297.06,310.97,1.0
2018-08-18 11:26:00,89.5583,37.00454,925.819,271.35,86.1,673.9,5.72,-2.19,-53.91,105.82,76.6,297.1,310.93,105.15,76.75,297.11,311.12,1.0
2018-08-18 11:26:00,89.5583,37.00446,925.824,271.35,86.1,673.8,4.55,-2.5,-52.92,105.89,76.6,297.1,311.03,105.16,76.76,297.18,311.17,1.0
2018-08-18 11:26:00,89.5583,37.00438,925.876,271.35,86.1,673.4,4.13,-2.65,-53.11,106.35,76.47,296.86,310.84,105.27,76.76,297.28,311.12,1.0
2018-08-18 11:26:00,89.5583,37.0043,925.927,271.35,86.1,673.0,4.42,-2.7,-53.75,105.56,76.67,296.87,311.02,105.47,76.77,297.36,311.0,1.0
2018-08-18 11:26:00,89.5583,37.00423,925.922,271.35,86.1,673.0,4.79,-2.71,-54.01,106.09,76.54,297.19,311.02,105.72,76.77,297.4,310.9,1.0
2018-08-18 11:26:00,89.5583,37.00415,925.904,271.34,86.1,673.1,4.27,-2.59,-53.64,104.78,76.67,297.19,311.12,105.98,76.77,297.41,310.88,1.0
2018-08-18 11:26:00,89.5583,37.00407,925.88,271.34,86.1,673.3,3.48,-2.54,-52.86,105.3,76.54,297.18,311.22,106.21,76.77,297.38,310.84,1.0
2018-08-18 11:26:00,89.5583,37.00399,925.889,271.35,86.1,673.3,3.26,-2.38,-52.57,105.43,76.67,297.46,310.13,106.37,76.77,297.31,310.78,1.0
2018-08-18 11:26:00,89.5583,37.00391,925.938,271.35,86.1,672.9,3.14,-2.34,-52.58,105.82,76.6,297.2,309.48,106.43,76.75,297.24,310.73,1.0
2018-08-18 11:26:00,89.55829,37.0038,925.99,271.35,86.1,672.4,3.04,-2.3,-52.53,105.96,76.54,297.27,310.02,106.38,76.73,297.17,310.67,1.0
2018-08-18 11:26:00,89.55829,37.0037,925.954,271.35,86.1,672.7,2.91,-2.04,-52.17,106.94,76.6,297.08,311.32,106.24,76.7,297.08,310.63,1.0
2018-08-18 11:26:00,89.55829,37.0036,925.928,271.35,86.1,672.9,1.55,-2.34,-52.46,105.69,76.67,297.08,311.12,106.0,76.65,296.98,310.61,1.0
2018-08-18 11:26:00,89.55829,37.00349,925.982,271.35,86.1,672.5,-0.01,-2.63,-53.01,105.3,76.67,297.18,311.12,105.71,76.59,296.9,310.6,1.0
2018-08-18 11:26:00,89.55829,37.00339,926.039,271.35,86.1,672.0,-0.19,-2.45,-53.64,105.56,76.67,297.18,310.92,105.38,76.52,296.83,310.63,1.0
2018-08-18 11:26:00,89.55829,37.00328,926.041,271.35,86.1,672.0,0.27,-2.42,-53.96,106.02,76.6,297.2,311.2,105.05,76.45,296.8,310.74,1.0
2018-08-18 11:26:00,89.55829,37.00318,925.97,271.35,86.1,672.6,-0.05,-2.93,-53.77,105.63,76.54,297.61,311.01,104.75,76.38,296.82,310.87,1.0
2018-08-18 11:26:00,89.55829,37.00308,926.059,271.35,86.1,671.8,-2.54,-2.73,-53.73,105.76,76.54,297.08,310.92,104.49,76.32,296.86,310.91,1.0
2018-08-18 11:27:00,89.55829,37.00297,926.024,271.35,86.1,672.1,-5.53,-2.96,-54.96,105.43,76.6,297.08,311.2,104.28,76.28,296.92,310.94,1.0
2018-08-18 11:27:00,89.55828,37.00287,925.954,271.35,86.1,672.7,-8.12,-3.08,-55.62,105.69,76.6,297.07,310.29,104.13,76.26,296.96,310.96,1.0
2018-08-18 11:27:00,89.55828,37.00276,925.921,271.35,86.1,673.0,-9.21,-3.19,-55.78,106.09,76.6,297.07,310.68,104.04,76.26,296.92,310.96,1.0
2018-08-18 11:27:00,89.55828,37.00266,925.954,271.35,86.1,672.7,-8.51,-3.27,-55.9,105.63,76.67,297.17,311.2,104.0,76.29,296.82,310.93,1.0
2018-08-18 11:27:00,89.55828,37.00256,926.002,271.35,86.1,672.3,-6.75,-3.14,-56.55,105.56,76.6,296.87,310.91,104.01,76.33,296.8,310.89,1.0
2018-08-18 11:27:00,89.55828,37.00246,925.972,271.35,86.1,672.6,-4.8,-3.32,-56.82,104.97,76.54,296.97,310.61,104.07,76.39,296.79,310.84,1.0
2018-08-18 11:27:00,89.55828,37.00236,925.999,271.35,86.1,672.3,-3.23,-3.17,-56.93,104.32,76.33,296.83,310.81,104.19,76.46,296.76,310.79,1.0
2018-08-18 11:27:00,89.55828,37.00225,926.014,271.35,86.1,672.2,-2.53,-3.05,-56.2,106.15,76.4,295.82,310.72,104.35,76.54,296.73,310.81,1.0
2018-08-18 11:27:00,89.55828,37.00215,925.997,271.35,86.1,672.4,-3.14,-3.05,-55.53,105.1,76.47,295.5,310.93,104.56,76.6,296.7,310.83,1.0
2018-08-18 11:27:00,89.55828,37.00205,925.981,271.35,86.1,672.5,-5.01,-3.1,-56.05,106.48,76.81,296.79,311.29,104.81,76.65,296.71,310.84,1.0
2018-08-18 11:27:00,89.55828,37.00194,925.978,271.35,86.1,672.5,-5.83,-3.17,-56.41,105.17,76.54,297.34,311.2,105.08,76.69,296.83,310.95,1.0
2018-08-18 11:27:00,89.55828,37.00184,926.002,271.35,86.1,672.3,-6.01,-3.18,-57.23,104.91,76.67,297.07,311.2,105.37,76.71,296.86,311.0,1.0
2018-08-18 11:27:00,89.55828,37.00174,926.009,271.35,86.1,672.3,-5.29,-3.22,-57.8,105.43,76.54,297.25,310.91,105.64,76.72,296.88,311.03,1.0
2018-08-18 11:27:00,89.55828,37.00165,926.022,271.35,86.1,672.1,-4.16,-3.24,-58.02,105.04,76.54,297.06,311.0,105.88,76.72,297.0,311.09,1.0
2018-08-18 11:27:00,89.55828,37.00158,926.09,271.35,86.1,671.6,-3.17,-3.18,-57.82,105.17,76.67,297.02,311.26,106.07,76.71,297.15,311.15,1.0
2018-08-18 11:27:00,89.55828,37.00151,926.102,271.36,86.1,671.5,-2.6,-3.12,-57.49,105.43,76.4,298.54,312.0,106.2,76.69,297.2,311.2,1.0
2018-08-18 11:27:00,89.55827,37.00144,926.078,271.35,86.1,671.7,-3.48,-2.99,-56.99,105.89,76.6,297.26,311.06,106.28,76.68,297.24,311.23,1.0
2018-08-18 11:27:00,89.55827,37.00137,926.091,271.36,86.1,671.6,-2.31,-2.73,-57.34,104.78,76.6,297.06,311.19,106.31,76.66,297.28,311.24,1.0
2018-08-18 11:27:00,89.55827,37.0013,926.132,271.36,86.1,671.2,-2.27,-2.78,-58.49,105.82,76.74,296.96,311.09,106.32,76.64,297.32,311.23,1.0
2018-08-18 11:27:00,89.55827,37.00124,926.146,271.36,86.1,671.1,-2.96,-2.99,-59.7,105.96,76.4,297.14,310.99,106.32,76.63,297.36,311.21,1.0
2018-08-18 11:27:00,89.55827,37.00117,926.048,271.36,86.1,671.9,-2.43,-2.99,-60.13,105.37,76.67,297.04,311.0,106.36,76.61,297.36,311.15,1.0
2018-08-18 11:27:00,89.55827,37.0011,926.094,271.36,86.1,671.5,-3.42,-3.24,-60.26,105.82,76.47,297.14,310.99,106.45,76.59,297.26,311.01,1.0
2018-08-18 11:27:00,89.55827,37.00103,926.099,271.36,86.1,671.5,-4.02,-3.42,-59.68,104.97,76.6,297.04,311.01,106.6,76.57,297.27,310.96,1.0
2018-08-18 11:27:00,89.55827,37.00096,926.068,271.36,86.1,671.8,-2.73,-3.43,-59.03,105.63,76.67,297.14,311.0,106.82,76.54,297.28,310.89,1.0
2018-08-18 11:27:00,89.55827,37.0009,926.045,271.36,86.1,672.0,-1.76,-3.41,-58.65,106.54,76.54,297.05,311.0,107.08,76.52,297.31,310.79,1.0
2018-08-18 11:27:00,89.55827,37.00083,926.082,271.36,86.1,671.6,-2.95,-3.48,-58.65,105.3,76.67,296.87,311.0,107.35,76.5,297.38,310.7,1.0
2018-08-18 11:27:00,89.55827,37.00076,926.118,271.36,86.1,671.3,-4.05,-3.33,-58.78,104.97,76.54,297.06,310.9,107.59,76.49,297.45,310.63,1.0
2018-08-18 11:27:00,89.55827,37.00068,926.113,271.36,86.1,671.4,-5.32,-3.67,-58.84,105.76,76.67,296.95,311.0,107.75,76.49,297.44,310.64,1.0
2018-08-18 11:27:00,89.55826,37.00062,926.169,271.36,86.1,670.9,-6.03,-3.71,-58.7,105.37,76.47,297.06,310.68,107.8,76.51,297.4,310.69,1.0
2018-08-18 11:27:00,89.55826,37.00054,926.21,271.36,86.1,670.5,-4.98,-3.47,-58.54,105.76,76.67,297.38,310.04,107.69,76.55,297.37,310.74,1.0
2018-08-18 11:27:00,89.55826,37.00048,926.184,271.36,86.1,670.8,-2.67,-3.13,-58.48,106.35,76.47,297.68,309.73,107.43,76.6,297.35,310.79,1.0
2018-08-18 11:27:00,89.55826,37.0004,926.186,271.36,86.1,670.7,-2.12,-3.14,-58.67,106.48,76.4,297.85,309.59,107.03,76.68,297.33,310.83,1.0
2018-08-18 11:27:00,89.55826,37.00033,926.215,271.35,86.1,670.5,-0.42,-2.88,-58.82,106.74,76.6,297.15,310.82,106.52,76.76,297.34,310.94,1.0
2018-08-18 11:27:00,89.55826,37.00026,926.197,271.36,86.1,670.7,0.62,-3.0,-58.91,105.89,76.6,297.11,310.97,105.96,76.84,297.36,311.05,1.0
2018-08-18 11:27:00,89.55826,37.00019,926.172,271.36,86.1,670.9,1.01,-2.83,-58.72,105.96,76.67,297.06,310.99,105.41,76.92,297.38,311.19,1.0
2018-08-18 11:27:00,89.55826,37.00012,926.192,271.36,86.1,670.7,0.17,-2.42,-58.3,105.82,76.6,297.34,311.09,104.94,76.98,297.38,311.36,1.0
2018-08-18 11:27:00,89.55826,37.00005,926.26,271.36,86.1,670.1,-3.14,-2.74,-58.08,105.96,76.67,297.35,311.15,104.6,77.02,297.34,311.5,1.0
2018-08-18 11:27:00,89.55826,36.99998,926.245,271.36,86.1,670.2,-5.01,-2.64,-57.71,105.82,76.54,297.18,311.89,104.42,77.04,297.27,311.59,1.0
2018-08-18 11:27:00,89.55826,36.99991,926.264,271.36,86.1,670.1,-4.06,-2.66,-58.42,105.37,76.6,296.95,311.98,104.42,77.03,297.25,311.59,1.0
2018-08-18 11:27:00,89.55826,36.99983,926.281,271.36,86.1,669.9,-1.75,-2.63,-58.69,105.37,76.67,297.03,312.05,104.59,77.0,297.23,311.58,1.0
2018-08-18 11:27:00,89.55826,36.99975,926.277,271.36,86.1,670.0,-0.42,-2.69,-58.93,106.41,76.67,297.23,311.83,104.87,76.94,297.17,311.57,1.0
2018-08-18 11:27:00,89.55826,36.99966,926.25,271.36,86.1,670.2,-1.2,-2.91,-59.4,105.24,76.6,297.04,311.79,105.23,76.87,297.09,311.55,1.0
2018-08-18 11:27:00,89.55826,36.99958,926.226,271.37,86.1,670.4,-3.14,-3.14,-59.55,106.22,76.74,297.32,311.16,105.59,76.79,296.99,311.54,1.0
2018-08-18 11:27:00,89.55826,36.9995,926.182,271.36,86.1,670.8,-1.43,-3.01,-58.74,104.84,76.74,296.94,311.17,105.9,76.72,296.87,311.44,1.0
2018-08-18 11:27:00,89.55826,36.99942,926.186,271.36,86.1,670.8,-0.61,-3.28,-60.53,105.56,76.74,297.13,311.17,106.11,76.65,296.78,311.33,1.0
2018-08-18 11:27:00,89.55826,36.99934,926.229,271.36,86.1,670.4,0.85,-3.49,-61.6,105.76,76.67,297.04,311.27,106.2,76.59,296.7,311.22,1.0
2018-08-18 11:27:00,89.55826,36.99926,926.285,271.36,86.1,669.9,2.93,-3.59,-61.26,107.13,76.47,297.12,310.99,106.17,76.54,296.66,311.12,1.0
2018-08-18 11:27:00,89.55826,36.99917,926.307,271.36,86.1,669.7,4.56,-3.74,-60.5,105.76,76.67,297.22,310.89,106.04,76.51,296.65,311.08,1.0
2018-08-18 11:27:00,89.55826,36.99909,926.303,271.36,86.1,669.8,5.04,-3.64,-59.34,106.02,76.6,297.14,311.17,105.85,76.5,296.7,311.18,1.0
2018-08-18 11:27:00,89.55826,36.99901,926.29,271.36,86.1,669.9,6.33,-3.84,-58.89,105.37,76.67,297.22,310.98,105.64,76.49,296.75,311.2,1.0
2018-08-18 11:27:00,89.55826,36.99893,926.289,271.36,86.1,669.9,6.42,-3.49,-59.63,105.69,76.67,296.84,311.17,105.45,76.5,296.81,311.2,1.0
2018-08-18 11:27:00,89.55825,36.99884,926.291,271.37,86.1,669.9,5.83,-3.2,-60.76,105.37,76.67,297.03,310.99,105.33,76.51,296.88,311.19,1.0
2018-08-18 11:27:00,89.55825,36.99876,926.272,271.37,86.1,670.0,5.2,-3.39,-61.46,105.1,76.67,297.09,311.23,105.28,76.53,296.93,311.18,1.0
2018-08-18 11:27:00,89.55825,36.99867,926.226,271.37,86.1,670.4,4.13,-3.29,-61.51,106.02,76.6,297.22,312.36,105.31,76.54,296.95,311.17,1.0
2018-08-18 11:27:00,89.55825,36.99856,926.227,271.36,86.1,670.4,4.48,-3.37,-61.95,105.96,76.74,296.63,311.13,105.4,76.56,296.95,311.14,1.0
2018-08-18 11:27:00,89.55825,36.99845,926.249,271.37,86.1,670.2,5.38,-3.48,-62.34,106.41,76.47,297.12,311.17,105.52,76.57,296.92,311.1,1.0
2018-08-18 11:27:00,89.55825,36.99834,926.281,271.37,86.1,669.9,4.96,-3.42,-62.45,106.54,76.6,296.94,311.08,105.63,76.58,296.87,311.05,1.0
2018-08-18 11:27:00,89.55825,36.99823,926.309,271.37,86.1,669.7,3.83,-3.27,-62.22,105.1,76.4,296.85,310.8,105.69,76.58,296.82,311.0,1.0
2018-08-18 11:27:00,89.55825,36.99812,926.275,271.37,86.1,670.0,4.7,-3.37,-61.73,104.65,76.81,296.56,310.88,105.68,76.57,296.77,310.92,1.0
2018-08-18 11:27:00,89.55825,36.998,926.29,271.37,86.1,669.9,6.27,-3.33,-61.62,105.37,76.81,297.03,310.98,105.59,76.56,296.78,310.76,1.0
2018-08-18 11:27:00,89.55825,36.9979,926.32,271.37,86.1,669.6,8.13,-3.27,-61.53,106.28,76.6,296.94,310.98,105.44,76.54,296.82,310.68,1.0
2018-08-18 11:27:00,89.55825,36.99778,926.324,271.37,86.1,669.6,9.2,-3.24,-60.92,105.69,76.67,297.03,310.98,105.24,76.52,296.88,310.66,1.0
2018-08-18 11:27:00,89.55824,36.9977,926.294,271.37,86.1,669.8,9.36,-3.23,-60.23,106.02,76.54,297.03,311.08,105.03,76.5,296.97,310.68,1.0
2018-08-18 11:27:00,89.55824,36.99768,926.268,271.37,86.1,670.1,9.05,-3.24,-60.03,105.96,76.6,297.04,310.98,104.84,76.48,297.08,310.75,1.0
2018-08-18 11:27:00,89.55824,36.99766,926.358,271.37,86.1,669.3,8.75,-3.38,-59.43,105.56,76.47,297.68,311.17,104.71,76.47,297.23,310.9,1.0
2018-08-18 11:27:00,89.55824,36.99764,926.328,271.36,86.1,669.5,7.16,-3.54,-59.0,105.63,76.6,297.62,310.78,104.67,76.47,297.38,311.13,1.0
2018-08-18 11:27:00,89.55824,36.99762,926.319,271.36,86.1,669.6,6.06,-3.71,-58.82,105.82,76.67,297.02,311.07,104.7,76.49,297.55,311.29,1.0
2018-08-18 11:27:00,89.55824,36.99759,926.344,271.36,86.1,669.4,6.47,-3.78,-58.59,105.96,76.67,297.21,310.98,104.8,76.53,297.67,311.39,1.0
2018-08-18 11:27:00,89.55824,36.99757,926.376,271.37,86.1,669.1,8.01,-3.67,-58.31,104.91,76.67,296.98,311.35,104.93,76.58,297.7,311.5,1.0
2018-08-18 11:27:00,89.55824,36.99755,926.4,271.36,86.1,668.9,8.4,-3.39,-58.52,105.04,76.6,297.28,311.58,105.07,76.65,297.67,311.63,1.0
2018-08-18 11:27:00,89.55824,36.99753,926.376,271.36,86.0,669.1,8.6,-3.44,-59.01,104.97,76.4,297.23,312.35,105.17,76.73,297.55,311.67,1.0
2018-08-18 11:27:00,89.55824,36.9975,926.341,271.37,86.0,669.4,7.53,-3.76,-58.69,105.37,76.6,297.64,311.34,105.21,76.8,297.42,311.67,1.0
2018-08-18 11:27:00,89.55824,36.99748,926.331,271.37,86.1,669.5,6.48,-3.8,-58.41,106.41,76.67,297.46,310.8,105.17,76.86,297.3,311.63,1.0
2018-08-18 11:27:00,89.55824,36.99746,926.358,271.37,86.1,669.3,6.56,-3.62,-58.38,105.63,76.47,297.11,311.32,105.07,76.9,297.2,311.56,1.0
2018-08-18 11:27:00,89.55823,36.99744,926.434,271.37,86.1,668.6,8.46,-3.6,-58.22,105.96,76.81,297.03,311.93,104.92,76.92,297.11,311.46,1.0
2018-08-18 11:27:00,89.55823,36.99741,926.429,271.37,86.1,668.7,10.3,-3.39,-58.07,105.04,76.6,297.03,311.5,104.78,76.9,297.03,311.31,1.0
2018-08-18 11:27:00,89.55823,36.99737,926.394,271.38,86.1,669.0,9.25,-3.49,-56.98,105.76,76.67,297.22,310.55,104.68,76.86,296.99,311.12,1.0
2018-08-18 11:27:00,89.55823,36.99732,926.418,271.38,86.1,668.8,6.31,-3.6,-55.84,105.37,76.6,296.84,310.88,104.67,76.79,296.93,311.04,1.0
2018-08-18 11:27:00,89.55823,36.99727,926.463,271.37,86.1,668.4,3.61,-3.59,-55.08,106.02,76.6,297.02,310.97,104.78,76.71,296.92,311.04,1.0
2018-08-18 11:27:00,89.55823,36.99722,926.459,271.38,86.1,668.4,2.92,-3.48,-54.94,104.32,76.81,297.02,311.27,105.03,76.62,296.99,311.05,1.0
2018-08-18 11:27:00,89.55823,36.99718,926.502,271.37,86.1,668.1,4.13,-3.48,-55.33,105.89,76.6,297.21,311.16,105.41,76.55,297.05,311.04,1.0
2018-08-18 11:27:00,89.55823,36.99713,926.503,271.37,86.1,668.1,2.56,-3.08,-55.82,105.1,76.81,297.2,311.16,105.88,76.51,297.11,311.09,1.0
2018-08-18 11:27:00,89.55823,36.99708,926.446,271.38,86.1,668.5,1.25,-3.18,-56.1,104.84,76.67,297.01,311.26,106.4,76.49,297.17,311.16,1.0
2018-08-18 11:27:00,89.55822,36.99703,926.421,271.38,86.1,668.8,1.87,-3.18,-56.04,105.63,76.54,296.82,310.97,106.92,76.51,297.21,311.23,1.0
2018-08-18 11:27:00,89.55822,36.99699,926.481,271.37,86.1,668.2,3.93,-2.96,-55.62,104.78,76.4,296.92,311.06,107.37,76.56,297.21,311.28,1.0
2018-08-18 11:27:00,89.55822,36.99694,926.529,271.37,86.1,667.8,4.29,-2.96,-54.99,106.09,76.6,297.01,311.06,107.71,76.64,297.19,311.3,1.0
2018-08-18 11:27:00,89.55822,36.99689,926.491,271.37,86.1,668.2,-1.35,-2.44,-54.69,105.5,76.81,296.74,311.26,107.91,76.72,297.16,311.29,1.0
2018-08-18 11:27:00,89.55822,36.99684,926.51,271.37,86.1,668.0,-4.63,-2.06,-54.21,106.02,76.47,297.27,310.57,107.97,76.8,297.12,311.27,1.0
2018-08-18 11:27:00,89.55822,36.99678,926.507,271.37,86.1,668.0,-8.42,-1.98,-53.87,106.94,76.67,296.94,311.15,107.91,76.87,297.09,311.22,1.0
2018-08-18 11:27:00,89.55822,36.99672,926.482,271.37,86.1,668.2,-9.63,-2.1,-53.68,105.63,76.67,297.01,310.97,107.74,76.91,297.07,311.16,1.0
2018-08-18 11:27:00,89.55822,36.99666,926.49,271.37,86.1,668.2,-5.43,-2.25,-53.43,105.5,76.74,297.01,310.97,107.52,76.91,297.06,311.09,1.0
2018-08-18 11:27:00,89.55822,36.9966,926.457,271.37,86.1,668.4,-3.12,-2.55,-52.44,105.43,76.67,297.01,311.16,107.29,76.89,297.07,311.03,1.0
2018-08-18 11:27:00,89.55822,36.99654,926.482,271.38,86.1,668.2,-1.09,-2.93,-51.73,105.43,76.67,297.11,311.06,107.09,76.84,297.09,310.94,1.0
2018-08-18 11:27:00,89.55822,36.99648,926.501,271.38,86.1,668.1,-1.82,-2.82,-51.36,106.15,76.6,297.11,310.97,106.92,76.77,297.17,310.89,1.0
2018-08-18 11:27:00,89.55822,36.99642,926.532,271.37,86.1,667.8,-4.06,-2.58,-50.86,106.74,76.6,297.02,310.87,106.8,76.69,297.25,310.88,1.0
2018-08-18 11:27:00,89.55822,36.99636,926.586,271.38,86.1,667.4,-5.93,-2.5,-50.07,105.82,76.81,296.83,311.16,106.72,76.62,297.29,310.91,1.0
2018-08-18 11:27:00,89.55821,36.9963,926.56,271.37,86.1,667.6,-5.91,-2.54,-49.43,106.35,76.88,297.01,310.84,106.64,76.56,297.3,310.9,1.0
2018-08-18 11:27:00,89.55821,36.99624,926.518,271.38,86.1,667.9,-5.29,-2.3,-49.6,105.76,76.67,297.1,310.69,106.54,76.51,297.3,310.89,1.0
2018-08-18 11:27:00,89.55821,36.99618,926.452,271.37,86.1,668.5,-5.48,-2.36,-48.85,105.24,76.4,297.97,310.92,106.39,76.48,297.28,310.89,1.0
2018-08-18 11:27:00,89.55821,36.99612,926.446,271.37,86.1,668.5,-5.94,-2.15,-48.3,105.69,76.67,297.6,311.23,106.18,76.47,297.26,310.89,1.0
2018-08-18 11:27:00,89.55821,36.99608,926.502,271.38,86.1,668.1,-5.62,-1.94,-48.08,106.68,76.67,297.24,311.6,105.91,76.45,297.23,310.9,1.0
2018-08-18 11:27:00,89.55821,36.99604,926.495,271.38,86.1,668.1,-3.35,-2.41,-47.78,106.81,76.67,297.11,310.96,105.59,76.44,297.21,310.92,1.0
2018-08-18 11:27:00,89.55821,36.99601,926.53,271.37,86.1,667.8,-1.13,-1.64,-48.0,106.09,76.47,297.09,311.14,105.27,76.41,297.19,310.94,1.0
2018-08-18 11:27:00,89.55821,36.99597,926.54,271.38,86.1,667.7,-0.03,-1.67,-48.08,106.02,76.67,297.28,310.85,104.99,76.37,297.18,311.04,1.0
2018-08-18 11:27:00,89.55821,36.99594,926.489,271.38,86.1,668.2,-0.67,-1.65,-48.04,105.37,76.67,297.0,311.15,104.77,76.31,297.12,311.06,1.0
2018-08-18 11:27:00,89.55821,36.9959,926.438,271.37,86.1,668.6,-0.63,-1.52,-48.29,105.76,76.67,296.99,310.96,104.67,76.23,297.12,311.05,1.0
2018-08-18 11:27:00,89.55821,36.99587,926.474,271.38,86.1,668.3,1.6,-1.57,-49.05,106.15,76.81,296.9,311.14,104.7,76.16,297.21,311.09,1.0
2018-08-18 11:27:00,89.55821,36.99584,926.479,271.38,86.1,668.3,2.62,-2.31,-49.78,105.76,76.54,296.99,311.14,104.85,76.09,297.22,311.12,1.0
2018-08-18 11:27:00,89.5582,36.9958,926.545,271.38,86.1,667.7,4.07,-1.8,-49.71,105.89,76.67,297.0,311.13,105.1,76.03,297.21,311.15,1.0
2018-08-18 11:27:00,89.5582,36.99577,926.583,271.38,86.1,667.4,3.64,-1.89,-49.27,105.82,76.4,297.26,310.63,105.41,76.01,297.2,311.13,1.0
2018-08-18 11:27:00,89.5582,36.99573,926.581,271.38,86.1,667.4,2.1,-2.04,-48.82,105.24,76.47,297.67,310.32,105.73,76.03,297.17,311.1,1.0
2018-08-18 11:27:00,89.5582,36.9957,926.589,271.38,86.1,667.3,0.26,-1.93,-48.34,106.09,76.47,297.88,311.38,106.02,76.09,297.13,311.07,1.0
2018-08-18 11:27:00,89.5582,36.99566,926.486,271.38,86.1,668.2,-1.46,-1.91,-47.52,105.63,76.6,297.09,310.94,106.23,76.19,297.07,311.03,1.0
2018-08-18 11:27:00,89.5582,36.99563,926.613,271.38,86.1,667.1,-3.05,-2.08,-47.86,105.82,76.67,296.82,311.05,106.35,76.32,297.02,310.98,1.0
2018-08-18 11:27:00,89.5582,36.99559,926.608,271.38,86.1,667.2,-5.0,-1.69,-48.43,105.82,76.47,297.1,310.55,106.37,76.46,296.96,310.91,1.0
2018-08-18 11:27:00,89.5582,36.99557,926.567,271.38,86.1,667.5,-7.07,-1.81,-49.09,105.5,76.19,297.0,310.74,106.31,76.6,296.91,310.91,1.0
2018-08-18 11:27:00,89.5582,36.99555,926.561,271.38,86.1,667.6,-8.55,-2.25,-50.04,106.15,76.47,297.08,310.85,106.22,76.73,296.81,310.91,1.0
2018-08-18 11:27:00,89.5582,36.99553,926.597,271.38,86.1,667.3,-8.75,-2.44,-51.46,106.35,76.67,297.0,311.24,106.13,76.83,296.68,310.86,1.0
2018-08-18 11:27:00,89.55819,36.99551,926.536,271.38,86.1,667.8,-8.7,-2.99,-53.26,106.94,76.6,297.0,311.14,106.08,76.88,296.67,310.87,1.0
2018-08-18 11:27:00,89.55819,36.99549,926.517,271.38,86.1,667.9,-9.43,-3.23,-54.83,105.24,76.67,297.0,311.05,106.13,76.87,296.67,310.9,1.0
2018-08-18 11:27:00,89.55819,36.99547,926.483,271.38,86.1,668.2,-9.2,-3.61,-55.54,105.82,76.4,297.1,311.05,106.26,76.82,296.68,310.96,1.0
2018-08-18 11:27:00,89.55819,36.99545,926.463,271.38,86.1,668.4,-8.0,-3.78,-55.96,105.63,76.67,297.09,311.24,106.48,76.72,296.7,311.02,1.0
2018-08-18 11:27:00,89.55819,36.99543,926.505,271.38,86.1,668.0,-6.7,-3.81,-57.04,105.63,76.67,296.89,311.14,106.76,76.59,296.71,311.01,1.0
2018-08-18 11:27:00,89.55819,36.99541,926.533,271.38,86.1,667.8,-7.28,-4.85,-60.21,105.63,76.54,296.98,310.95,107.04,76.43,296.72,310.92,1.0
2018-08-18 11:27:00,89.55819,36.99542,926.581,271.38,86.1,667.4,-9.33,-4.99,-59.85,105.82,76.54,296.89,311.05,107.27,76.27,296.73,310.94,1.0
2018-08-18 11:27:00,89.55818,36.99542,926.643,271.39,86.1,666.9,-10.46,-4.86,-59.24,106.15,76.54,297.08,311.05,107.39,76.12,296.83,310.9,1.0
2018-08-18 11:27:00,89.55818,36.99543,926.679,271.39,86.1,666.6,-11.28,-4.82,-58.38,105.43,76.6,296.99,311.14,107.37,76.0,296.89,310.86,1.0
2018-08-18 11:27:00,89.55818,36.99544,926.679,271.39,86.1,666.6,-11.55,-4.74,-57.68,107.13,76.74,297.09,310.5,107.19,75.92,296.9,310.85,1.0
2018-08-18 11:27:00,89.55818,36.99544,926.673,271.38,86.1,666.6,-10.38,-4.35,-57.68,106.35,76.4,296.83,309.77,106.86,75.89,296.92,310.83,1.0
2018-08-18 11:27:00,89.55818,36.99545,926.594,271.38,86.1,667.3,-6.78,-4.53,-56.59,106.74,76.33,296.73,310.88,106.41,75.9,296.95,310.81,1.0
2018-08-18 11:27:00,89.55818,36.99546,926.61,271.38,86.1,667.2,-3.56,-4.19,-55.64,105.82,76.26,297.54,310.44,105.9,75.95,296.91,310.91,1.0
2018-08-18 11:27:00,89.55818,36.99547,926.647,271.38,86.1,666.8,-1.75,-3.95,-54.77,105.56,76.4,297.33,310.57,105.39,76.05,296.91,310.95,1.0
2018-08-18 11:27:00,89.55818,36.99548,926.672,271.38,86.1,666.6,-1.05,-3.81,-54.32,106.61,76.6,297.08,311.13,104.95,76.17,296.95,310.95,1.0
2018-08-18 11:27:00,89.55818,36.99548,926.691,271.38,86.1,666.5,-0.6,-3.59,-54.56,106.87,76.6,296.99,310.93,104.64,76.31,296.99,310.99,1.0
2018-08-18 11:27:00,89.55818,36.99549,926.768,271.39,86.1,665.8,-0.35,-3.44,-54.83,105.96,76.47,296.8,311.02,104.49,76.45,297.01,311.11,1.0
2018-08-18 11:27:00,89.55818,36.9955,926.762,271.39,86.1,665.9,0.29,-3.46,-54.92,105.04,76.54,296.12,312.36,104.51,76.58,297.02,311.11,1.0
2018-08-18 11:27:00,89.55817,36.99549,926.678,271.39,86.1,666.6,-0.46,-3.18,-55.31,105.17,76.19,296.39,311.24,104.69,76.69,296.93,311.21,1.0
2018-08-18 11:27:00,89.55817,36.99548,926.646,271.38,86.1,666.8,-2.58,-2.84,-55.63,105.63,76.33,296.72,310.83,104.99,76.77,296.86,311.32,1.0
2018-08-18 11:27:00,89.55817,36.99547,926.746,271.39,86.1,666.0,-5.51,-2.75,-55.75,106.22,76.54,296.71,311.02,105.36,76.81,296.83,311.39,1.0
2018-08-18 11:27:00,89.55817,36.99545,926.723,271.39,86.1,666.2,-8.1,-2.96,-55.97,106.41,76.4,296.9,310.83,105.75,76.83,296.81,311.43,1.0
2018-08-18 11:27:00,89.55817,36.99544,926.709,271.39,86.1,666.3,-7.16,-2.76,-55.62,105.56,76.6,297.08,311.13,106.11,76.82,296.8,311.45,1.0
2018-08-18 11:27:00,89.55817,36.99542,926.729,271.39,86.1,666.1,-6.73,-2.8,-55.17,106.02,76.6,296.8,311.87,106.39,76.79,296.89,311.36,1.0
2018-08-18 11:27:00,89.55817,36.99541,926.751,271.39,86.1,666.0,-4.88,-2.98,-55.05,105.96,76.4,297.08,311.96,106.58,76.75,296.95,311.33,1.0
2018-08-18 11:27:00,89.55817,36.9954,926.765,271.39,86.1,665.8,-1.8,-3.02,-54.88,105.89,76.67,297.08,311.77,106.68,76.71,296.99,311.36,1.0
2018-08-18 11:27:00,89.55817,36.99539,926.785,271.39,86.1,665.7,1.06,-2.68,-54.2,106.09,76.6,297.18,311.54,106.71,76.68,297.01,311.4,1.0
2018-08-18 11:27:00,89.55817,36.99537,926.781,271.39,86.1,665.7,0.28,-2.41,-54.31,106.68,76.54,296.99,310.95,106.67,76.67,296.94,311.43,1.0
2018-08-18 11:27:00,89.55816,36.99536,926.859,271.39,86.1,665.0,-2.35,-2.17,-53.81,105.82,76.47,297.08,311.02,106.62,76.68,296.92,311.46,1.0
2018-08-18 11:27:00,89.55816,36.99535,926.846,271.39,86.1,665.1,-4.62,-2.01,-54.32,104.84,76.47,296.9,311.12,106.56,76.7,296.89,311.41,1.0
2018-08-18 11:27:00,89.55816,36.99533,926.793,271.39,86.1,665.6,-6.31,-2.19,-55.24,106.15,76.33,296.98,311.11,106.52,76.72,296.86,311.33,1.0
2018-08-18 11:27:00,89.55816,36.99527,926.813,271.39,86.1,665.4,-7.24,-2.56,-55.7,106.15,76.6,296.76,311.0,106.5,76.75,296.84,311.26,1.0
2018-08-18 11:27:00,89.55816,36.99521,926.823,271.39,86.1,665.3,-6.43,-2.29,-55.43,105.69,76.54,295.4,310.81,106.49,76.76,296.79,311.19,1.0
2018-08-18 11:27:00,89.55816,36.99515,926.823,271.4,86.1,665.3,-4.82,-2.32,-54.88,106.94,76.6,296.15,310.92,106.49,76.76,296.71,311.15,1.0
2018-08-18 11:27:00,89.55816,36.9951,926.838,271.39,86.1,665.2,-3.85,-2.31,-54.49,106.35,76.6,296.3,311.22,106.48,76.72,296.62,311.1,1.0
2018-08-18 11:27:00,89.55816,36.99504,926.848,271.39,86.1,665.1,-2.15,-2.22,-54.36,105.56,76.47,296.46,311.11,106.46,76.66,296.53,311.06,1.0
2018-08-18 11:27:00,89.55816,36.99498,926.835,271.39,86.1,665.2,0.12,-2.12,-54.34,106.02,76.6,296.82,311.11,106.41,76.58,296.45,311.05,1.0
2018-08-18 11:27:00,89.55816,36.99492,926.793,271.39,86.1,665.6,1.68,-2.16,-54.23,106.41,76.6,296.8,310.93,106.36,76.47,296.43,311.11,1.0
2018-08-18 11:27:00,89.55816,36.99486,926.9,271.39,86.1,664.7,3.99,-1.9,-54.62,106.02,76.67,296.99,310.93,106.3,76.36,296.54,311.11,1.0
2018-08-18 11:27:00,89.55816,36.99481,926.914,271.39,86.1,664.6,5.52,-1.88,-55.18,106.15,76.47,296.99,311.12,106.28,76.26,296.57,311.23,1.0
2018-08-18 11:27:00,89.55815,36.99475,926.884,271.39,86.1,664.8,5.58,-2.11,-55.58,105.69,76.74,296.99,310.92,106.29,76.18,296.63,311.38,1.0
2018-08-18 11:27:00,89.55815,36.99469,926.848,271.39,86.1,665.1,4.11,-2.23,-55.86,106.15,76.54,296.99,311.45,106.35,76.14,296.72,311.48,1.0
2018-08-18 11:27:00,89.55815,36.99463,926.842,271.39,86.1,665.2,2.12,-2.0,-55.98,106.22,76.4,297.08,311.71,106.47,76.13,296.78,311.51,1.0
2018-08-18 11:27:00,89.55815,36.99457,926.885,271.4,86.1,664.8,3.09,-2.23,-55.43,106.15,76.4,296.7,311.31,106.62,76.16,296.84,311.54,1.0
2018-08-18 11:27:00,89.55815,36.99452,926.847,271.39,86.1,665.1,3.14,-2.22,-56.44,106.02,76.4,296.42,312.3,106.77,76.23,296.87,311.57,1.0
2018-08-18 11:27:00,89.55815,36.99446,926.819,271.39,86.1,665.4,2.77,-2.23,-57.28,105.69,76.47,296.38,312.36,106.89,76.31,296.88,311.58,1.0
2018-08-18 11:27:00,89.55815,36.99441,926.831,271.39,86.1,665.3,3.32,-2.18,-57.39,106.81,76.4,296.78,311.53,106.93,76.41,296.87,311.58,1.0
2018-08-18 11:27:00,89.55815,36.99435,926.878,271.4,86.1,664.9,5.57,-2.06,-56.6,106.54,76.6,296.78,311.21,106.85,76.49,296.84,311.54,1.0
2018-08-18 11:27:00,89.55815,36.99429,926.858,271.4,86.1,665.0,7.81,-2.07,-55.79,105.96,76.6,296.98,311.2,106.62,76.56,296.8,311.46,1.0
2018-08-18 11:27:00,89.55815,36.99424,926.853,271.4,86.1,665.1,7.78,-2.23,-55.63,106.22,76.47,296.98,310.91,106.26,76.6,296.77,311.44,1.0
2018-08-18 11:27:00,89.55815,36.99418,926.866,271.4,86.1,665.0,7.23,-2.2,-54.31,105.56,76.4,296.97,311.01,105.76,76.61,296.83,311.36,1.0
2018-08-18 11:27:00,89.55815,36.99412,926.863,271.4,86.1,665.0,7.26,-2.31,-53.65,106.94,76.54,296.79,311.01,105.19,76.59,296.88,311.29,1.0
2018-08-18 11:27:00,89.55815,36.99407,926.862,271.39,86.1,665.0,7.66,-2.49,-53.56,106.02,76.6,296.97,311.2,104.61,76.55,296.88,311.3,1.0
2018-08-18 11:27:00,89.55815,36.99401,926.938,271.4,86.1,664.4,7.49,-2.5,-53.08,106.61,76.47,297.06,310.91,104.08,76.51,296.86,311.4,1.0
2018-08-18 11:27:00,89.55814,36.99395,927.024,271.4,86.1,663.6,5.85,-2.22,-52.31,105.43,76.67,296.89,311.11,103.68,76.47,296.91,311.42,1.0
2018-08-18 11:27:00,89.55814,36.9939,927.006,271.4,86.1,663.8,4.59,-2.25,-52.13,107.13,76.47,297.03,311.8,103.46,76.44,296.96,311.39,1.0
2018-08-18 11:27:00,89.55814,36.99384,926.912,271.4,86.1,664.6,5.06,-2.13,-52.3,106.15,76.4,297.01,311.92,103.46,76.43,296.99,311.35,1.0
2018-08-18 11:27:00,89.55814,36.99379,926.87,271.4,86.1,664.9,5.9,-1.99,-52.67,105.37,76.4,296.58,312.22,103.68,76.45,297.0,311.31,1.0
2018-08-18 11:27:00,89.55814,36.99372,926.993,271.4,86.1,663.9,6.04,-1.95,-53.1,104.52,76.4,296.18,312.13,104.1,76.49,296.93,311.26,1.0
2018-08-18 11:27:00,89.55814,36.99365,926.972,271.39,86.1,664.1,6.24,-2.26,-53.54,105.56,76.54,296.79,311.65,104.67,76.54,296.77,311.23,1.0
2018-08-18 11:27:00,89.55814,36.99357,926.981,271.4,86.1,664.0,5.52,-2.26,-54.05,106.35,76.6,296.88,311.0,105.32,76.58,296.61,311.19,1.0
2018-08-18 11:27:00,89.55814,36.9935,926.932,271.4,86.1,664.4,2.61,-2.43,-53.77,105.82,76.47,296.79,311.2,105.97,76.6,296.44,311.1,1.0
2018-08-18 11:27:00,89.55814,36.99343,926.929,271.4,86.1,664.4,0.75,-2.48,-53.28,105.04,76.54,296.98,311.11,106.55,76.6,296.28,310.98,1.0
2018-08-18 11:27:00,89.55814,36.99335,926.988,271.4,86.1,663.9,1.22,-2.35,-52.87,105.82,76.6,296.47,311.2,107.0,76.55,296.19,310.87,1.0
2018-08-18 11:27:00,89.55814,36.99328,926.889,271.4,86.1,664.8,3.35,-2.18,-52.53,105.82,76.4,295.98,311.24,107.29,76.47,296.25,310.74,1.0
2018-08-18 11:27:00,89.55814,36.99321,927.037,271.4,86.1,663.5,3.13,-2.47,-52.31,106.22,76.67,296.31,311.37,107.41,76.35,296.27,310.69,1.0
2018-08-18 11:27:00,89.55814,36.99313,927.003,271.4,86.1,663.8,4.06,-2.36,-52.38,106.48,76.33,296.24,310.97,107.36,76.21,296.29,310.81,1.0
2018-08-18 11:27:00,89.55813,36.99306,926.996,271.4,86.1,663.9,3.68,-2.26,-52.44,105.43,76.47,296.32,310.91,107.19,76.06,296.38,310.89,1.0
2018-08-18 11:27:00,89.55813,36.99302,927.033,271.4,86.1,663.6,2.64,-2.32,-52.56,105.96,76.6,296.3,311.19,106.93,75.94,296.48,310.95,1.0
2018-08-18 11:27:00,89.55813,36.99299,926.983,271.4,86.1,664.0,1.88,-2.44,-52.9,106.74,76.6,296.99,310.62,106.63,75.85,296.57,311.07,1.0
2018-08-18 11:27:00,89.55813,36.99295,927.049,271.41,86.1,663.4,-1.49,-2.22,-53.25,106.02,76.4,296.98,311.2,106.35,75.82,296.71,311.17,1.0
2018-08-18 11:27:00,89.55813,36.99292,926.993,271.41,86.1,663.9,1.8,-2.4,-52.79,106.15,76.33,296.26,311.82,106.1,75.84,296.78,311.12,1.0
2018-08-18 11:27:00,89.55813,36.99289,926.97,271.41,86.1,664.1,6.28,-2.17,-52.37,105.63,76.4,296.46,311.57,105.91,75.94,296.85,311.11,1.0
2018-08-18 11:27:00,89.55813,36.99285,926.968,271.41,86.1,664.1,9.63,-2.14,-51.93,105.82,76.47,296.56,311.47,105.78,76.08,296.9,311.14,1.0
2018-08-18 11:27:00,89.55813,36.99282,926.938,271.41,86.1,664.4,10.84,-2.47,-51.53,105.96,76.33,295.93,312.08,105.71,76.27,296.9,311.18,1.0
2018-08-18 11:27:00,89.55813,36.99279,926.981,271.41,86.0,664.0,9.68,-2.34,-51.64,105.76,76.26,295.95,312.06,105.68,76.49,296.85,311.24,1.0
2018-08-18 11:27:00,89.55812,36.99275,926.967,271.41,86.1,664.1,8.26,-2.27,-51.76,106.22,76.26,296.16,310.24,105.69,76.69,296.74,311.3,1.0
2018-08-18 11:27:00,89.55812,36.99272,927.0,271.41,86.1,663.8,7.03,-2.31,-51.93,105.89,76.4,296.54,310.42,105.72,76.88,296.7,311.27,1.0
2018-08-18 11:27:00,89.55812,36.99268,927.053,271.41,86.1,663.4,3.1,-2.18,-52.04,106.02,76.47,296.96,311.0,105.77,77.02,296.65,311.29,1.0
2018-08-18 11:27:00,89.55812,36.99265,927.09,271.41,86.1,663.1,-1.16,-2.14,-52.03,106.09,76.47,297.12,311.0,105.84,77.1,296.63,311.34,1.0
2018-08-18 11:27:00,89.55812,36.9926,927.099,271.41,86.1,663.0,-1.4,-2.58,-51.96,106.22,76.47,297.37,310.61,105.93,77.12,296.7,311.32,1.0
2018-08-18 11:27:00,89.55812,36.99254,927.095,271.41,86.1,663.0,-5.9,-2.71,-52.33,106.02,76.67,296.99,310.9,106.04,77.09,296.8,311.28,1.0
2018-08-18 11:27:00,89.55812,36.99248,927.124,271.4,86.0,662.8,-6.17,-2.7,-52.79,105.24,76.47,297.24,310.9,106.17,77.0,296.92,311.38,1.0
2018-08-18 11:27:00,89.55812,36.99242,927.144,271.4,86.0,662.6,-4.86,-2.62,-52.74,106.54,76.47,297.14,311.09,106.32,76.89,297.02,311.44,1.0
2018-08-18 11:27:00,89.55812,36.99237,927.139,271.41,86.0,662.7,-3.98,-2.65,-52.53,106.02,76.6,297.05,311.19,106.45,76.76,297.1,311.44,1.0
2018-08-18 11:27:00,89.55812,36.99231,927.136,271.41,86.0,662.7,-2.85,-2.86,-52.47,105.82,76.6,297.05,310.9,106.56,76.63,297.15,311.45,1.0
2018-08-18 11:27:00,89.55811,36.99225,927.099,271.41,86.1,663.0,-1.25,-3.18,-52.06,105.82,76.54,296.86,310.9,106.61,76.53,297.16,311.48,1.0
2018-08-18 11:27:00,89.55811,36.99219,927.065,271.41,86.0,663.3,0.45,-3.01,-52.41,106.54,76.6,296.96,310.8,106.58,76.45,297.18,311.48,1.0
2018-08-18 11:27:00,89.55811,36.99214,927.033,271.41,86.0,663.6,2.7,-2.82,-52.34,105.37,76.4,296.76,311.19,106.47,76.4,297.18,311.46,1.0
2018-08-18 11:27:00,89.55811,36.99208,927.038,271.41,86.0,663.5,3.65,-2.74,-52.17,105.76,76.33,297.04,311.19,106.28,76.37,297.15,311.45,1.0
2018-08-18 11:27:00,89.55811,36.99202,927.093,271.41,86.0,663.0,3.09,-2.7,-51.97,106.09,76.54,297.23,311.24,106.03,76.37,297.1,311.45,1.0
2018-08-18 11:27:00,89.55811,36.99196,927.143,271.41,86.0,662.6,2.87,-2.21,-51.4,106.35,76.4,296.96,311.73,105.75,76.38,297.02,311.49,1.0
2018-08-18 11:27:00,89.55811,36.99191,927.122,271.41,86.0,662.8,2.0,-2.24,-50.49,106.74,76.6,296.78,311.3,105.49,76.39,296.89,311.63,1.0
2018-08-18 11:27:00,89.55811,36.99185,927.152,271.41,86.0,662.5,2.09,-2.24,-50.71,106.02,76.47,296.78,311.33,105.3,76.4,296.81,311.67,1.0
2018-08-18 11:27:00,89.55811,36.99179,927.161,271.41,86.0,662.5,0.59,-2.13,-51.15,106.22,76.67,296.96,310.9,105.22,76.39,296.76,311.68,1.0
2018-08-18 11:27:00,89.5581,36.99173,927.121,271.41,86.0,662.8,0.47,-2.06,-50.94,106.22,76.54,296.95,311.38,105.3,76.38,296.73,311.68,1.0
2018-08-18 11:27:00,89.5581,36.99168,927.065,271.42,86.0,663.3,4.25,-2.05,-49.91,106.02,76.54,296.81,311.41,105.53,76.35,296.7,311.65,1.0
2018-08-18 11:27:00,89.5581,36.99162,927.026,271.41,86.0,663.6,6.73,-1.58,-49.4,105.37,76.33,296.18,312.59,105.91,76.32,296.66,311.56,1.0
2018-08-18 11:27:00,89.5581,36.99156,927.097,271.42,86.0,663.0,12.79,-1.82,-49.16,105.37,76.4,296.48,310.98,106.39,76.3,296.67,311.48,1.0
2018-08-18 11:27:00,89.5581,36.9915,927.126,271.42,86.0,662.8,12.96,-1.83,-49.07,105.82,76.54,296.84,310.99,106.92,76.3,296.71,311.41,1.0
2018-08-18 11:27:00,89.5581,36.99145,927.113,271.41,86.0,662.9,10.5,-1.84,-49.34,105.37,76.4,296.94,311.09,107.42,76.32,296.77,311.34,1.0
2018-08-18 11:27:00,89.5581,36.99139,927.125,271.42,86.0,662.8,8.62,-2.11,-49.89,105.82,76.67,296.82,311.09,107.81,76.35,296.84,311.26,1.0
2018-08-18 11:27:00,89.5581,36.99133,927.257,271.41,86.0,661.7,7.33,-2.62,-50.3,106.41,76.33,296.53,311.08,108.04,76.41,296.92,311.19,1.0
2018-08-18 11:27:00,89.5581,36.99127,927.335,271.41,86.0,661.0,7.79,-2.36,-50.41,106.74,76.54,296.99,310.8,108.06,76.49,297.05,311.03,1.0
2018-08-18 11:27:00,89.5581,36.99122,927.258,271.41,86.0,661.7,8.56,-2.52,-49.89,106.48,76.47,296.96,311.38,107.86,76.57,297.13,310.99,1.0
2018-08-18 11:27:00,89.5581,36.99117,927.2,271.41,86.0,662.1,8.12,-2.55,-49.29,106.74,76.26,296.95,311.28,107.45,76.65,297.16,310.99,1.0
2018-08-18 11:27:00,89.55809,36.99113,927.227,271.42,86.0,661.9,6.66,-2.52,-49.03,106.94,76.4,296.95,311.09,106.89,76.71,297.16,311.01,1.0
2018-08-18 11:27:00,89.55809,36.99108,927.222,271.42,86.0,662.0,5.63,-2.77,-49.31,105.89,76.6,297.14,311.09,106.24,76.74,297.15,311.05,1.0
2018-08-18 11:27:00,89.55809,36.99104,927.245,271.41,86.0,661.8,4.89,-2.59,-50.08,106.22,76.6,296.76,311.09,105.58,76.74,297.14,311.08,1.0
2018-08-18 11:27:00,89.55809,36.991,927.279,271.42,86.0,661.5,2.68,-2.51,-50.54,105.43,76.4,296.94,310.98,104.99,76.72,297.07,311.11,1.0
2018-08-18 11:27:00,89.55809,36.99096,927.266,271.42,86.0,661.6,1.95,-2.65,-50.85,106.61,76.67,296.94,311.08,104.55,76.66,296.97,311.13,1.0
2018-08-18 11:27:00,89.55809,36.99091,927.259,271.42,86.0,661.6,2.65,-2.72,-50.64,107.0,76.47,297.13,311.08,104.3,76.58,296.87,311.14,1.0
2018-08-18 11:27:00,89.55809,36.99087,927.319,271.41,86.0,661.1,3.72,-2.52,-49.89,105.43,76.47,297.03,311.09,104.26,76.5,296.78,311.13,1.0
2018-08-18 11:27:00,89.55809,36.99083,927.308,271.42,86.0,661.2,3.56,-2.24,-49.57,105.82,76.54,296.94,311.39,104.42,76.41,296.71,311.11,1.0
2018-08-18 11:27:00,89.55809,36.99078,927.32,271.42,86.0,661.1,5.09,-2.91,-48.46,105.37,76.67,296.85,310.89,104.75,76.34,296.67,311.08,1.0
2018-08-18 11:27:00,89.55809,36.99074,927.342,271.42,86.0,660.9,5.53,-2.71,-47.16,106.09,76.4,296.94,311.09,105.2,76.29,296.66,311.05,1.0
2018-08-18 11:27:00,89.55809,36.9907,927.327,271.42,86.0,661.1,6.7,-2.33,-46.65,106.02,76.47,297.13,311.18,105.7,76.27,296.67,311.01,1.0
2018-08-18 11:27:00,89.55809,36.99066,927.277,271.42,86.0,661.5,7.79,-2.06,-47.04,105.63,76.33,297.22,311.08,106.18,76.27,296.67,310.98,1.0
2018-08-18 11:27:00,89.55809,36.99061,927.278,271.42,86.0,661.5,6.32,-1.71,-47.56,106.74,76.4,297.04,310.9,106.58,76.3,296.64,310.97,1.0
2018-08-18 11:27:00,89.55808,36.99057,927.345,271.42,86.0,660.9,7.73,-1.79,-47.48,106.28,76.6,296.94,311.19,106.85,76.34,296.58,311.09,1.0
2018-08-18 11:27:00,89.55808,36.9905,927.354,271.42,86.0,660.8,7.56,-1.93,-47.27,106.15,76.47,297.03,311.08,106.98,76.39,296.55,311.09,1.0
2018-08-18 11:27:00,89.55808,36.99043,927.343,271.42,86.0,660.9,9.52,-1.8,-46.96,105.89,76.67,296.84,311.18,106.93,76.43,296.51,311.06,1.0
2018-08-18 11:27:00,89.55808,36.99036,927.333,271.42,86.0,661.0,12.66,-1.74,-46.6,105.56,76.4,296.61,311.37,106.73,76.46,296.43,311.02,1.0
2018-08-18 11:27:00,89.55808,36.99029,927.3,271.42,86.0,661.3,15.04,-2.05,-46.28,105.56,76.33,296.08,311.24,106.4,76.47,296.31,310.96,1.0
2018-08-18 11:27:00,89.55808,36.99022,927.347,271.42,86.0,660.9,15.62,-2.23,-46.36,106.09,76.33,295.97,312.51,105.98,76.46,296.09,310.85,1.0
2018-08-18 11:27:00,89.55808,36.99015,927.324,271.43,86.0,661.1,13.96,-2.14,-46.5,106.22,76.6,296.59,311.14,105.51,76.42,295.98,310.8,1.0
2018-08-18 11:27:00,89.55808,36.99007,927.283,271.43,86.0,661.4,11.64,-2.34,-46.74,107.13,76.54,296.75,311.15,105.02,76.36,295.92,310.76,1.0
2018-08-18 11:27:00,89.55808,36.99,927.283,271.43,86.0,661.4,10.48,-2.43,-47.06,106.22,76.47,296.75,311.24,104.58,76.29,295.89,310.74,1.0
2018-08-18 11:27:00,89.55807,36.98993,927.336,271.42,86.0,661.0,11.18,-2.41,-47.37,105.76,76.6,296.64,310.89,104.21,76.21,295.9,310.69,1.0
2018-08-18 11:27:00,89.55807,36.98987,927.33,271.43,86.0,661.0,12.86,-2.96,-47.53,106.68,76.19,295.77,310.37,103.96,76.14,295.91,310.56,1.0
2018-08-18 11:27:00,89.55807,36.98981,927.357,271.42,86.0,660.8,14.04,-3.12,-47.2,105.04,76.6,296.69,310.98,103.83,76.08,296.06,310.44,1.0
2018-08-18 11:27:00,89.55807,36.98976,927.381,271.43,86.0,660.6,17.86,-3.4,-46.88,105.96,76.47,296.85,310.89,103.87,76.05,296.18,310.46,1.0
2018-08-18 11:27:00,89.55807,36.9897,927.35,271.43,86.0,660.9,20.58,-3.41,-46.86,105.82,76.54,296.85,310.99,104.05,76.04,296.32,310.49,1.0
2018-08-18 11:27:00,89.55807,36.98964,927.294,271.42,86.0,661.3,21.62,-2.99,-46.91,105.5,76.26,296.22,310.56,104.39,76.06,296.45,310.52,1.0
2018-08-18 11:27:00,89.55807,36.98958,927.326,271.43,86.0,661.1,21.75,-2.29,-46.59,105.17,76.4,295.2,309.62,104.86,76.11,296.58,310.57,1.0
2018-08-18 11:27:00,89.55807,36.98953,927.372,271.43,86.0,660.7,20.86,-2.71,-45.93,105.5,76.26,296.11,310.95,105.44,76.19,296.73,310.64,1.0
2018-08-18 11:27:00,89.55807,36.98947,927.32,271.42,86.0,661.1,21.16,-2.47,-46.12,105.24,76.4,295.92,310.67,106.07,76.28,296.73,310.59,1.0
2018-08-18 11:27:00,89.55806,36.98941,927.348,271.42,86.0,660.9,21.11,-2.86,-45.92,105.63,76.47,296.33,310.79,106.72,76.39,296.6,310.46,1.0
2018-08-18 11:27:00,89.55806,36.98935,927.42,271.43,86.0,660.3,21.28,-3.05,-45.69,106.54,76.19,296.56,310.88,107.32,76.49,296.44,310.33,1.0
2018-08-18 11:27:00,89.55806,36.9893,927.4,271.42,86.0,660.4,22.15,-2.43,-45.72,105.96,76.47,296.85,310.98,107.83,76.6,296.38,310.29,1.0
2018-08-18 11:27:00,89.55806,36.98924,927.36,271.43,86.0,660.8,22.57,-2.1,-44.9,105.43,76.54,296.76,311.06,108.2,76.69,296.41,310.33,1.0
2018-08-18 11:27:00,89.55806,36.98918,927.409,271.43,86.0,660.4,23.64,-2.54,-45.09,106.54,76.47,296.7,310.3,108.39,76.76,296.4,310.33,1.0
2018-08-18 11:27:00,89.55806,36.98912,927.453,271.43,86.0,660.0,25.7,-2.32,-44.95,106.15,76.47,296.2,309.54,108.39,76.82,296.44,310.36,1.0
2018-08-18 11:27:00,89.55806,36.98906,927.491,271.43,86.0,659.7,27.0,-2.38,-44.74,106.35,76.26,296.34,309.53,108.19,76.85,296.5,310.42,1.0
2018-08-18 11:27:00,89.55806,36.989,927.519,271.43,86.0,659.4,27.24,-2.59,-44.77,105.17,76.4,297.03,310.06,107.83,76.86,296.6,310.49,1.0
2018-08-18 11:27:00,89.55806,36.98893,927.482,271.43,86.0,659.7,27.58,-1.83,-45.27,105.76,76.47,296.74,310.32,107.34,76.85,296.73,310.57,1.0
2018-08-18 11:27:00,89.55806,36.98887,927.454,271.43,86.0,660.0,27.97,-1.82,-45.77,106.41,76.47,296.94,310.82,106.77,76.83,296.86,310.64,1.0
2018-08-18 11:27:00,89.55806,36.9888,927.427,271.43,86.0,660.2,27.76,-2.05,-45.74,105.96,76.6,297.03,310.99,106.19,76.8,297.0,310.76,1.0
2018-08-18 11:27:00,89.55806,36.98874,927.39,271.43,86.0,660.5,25.09,-2.18,-45.46,107.13,76.54,296.94,311.08,105.66,76.76,297.16,310.92,1.0
2018-08-18 11:27:00,89.55806,36.98868,927.379,271.43,86.0,660.6,23.09,-2.08,-45.29,106.48,76.54,296.94,311.08,105.24,76.73,297.27,311.04,1.0
2018-08-18 11:27:00,89.55805,36.98862,927.461,271.43,86.0,659.9,24.72,-1.86,-45.49,107.0,76.4,296.85,310.88,104.97,76.69,297.26,311.11,1.0
2018-08-18 11:27:00,89.55805,36.98855,927.418,271.43,86.0,660.3,26.15,-2.32,-45.81,105.1,76.47,296.74,310.79,104.88,76.66,297.21,311.16,1.0
2018-08-18 11:27:00,89.55805,36.98849,927.45,271.44,86.0,660.0,26.85,-2.55,-45.48,106.48,76.47,296.74,310.89,104.97,76.64,297.12,311.13,1.0
2018-08-18 11:27:00,89.55805,36.98843,927.486,271.43,86.0,659.7,28.12,-2.91,-45.25,105.37,76.54,296.65,310.89,105.23,76.63,296.97,311.19,1.0
2018-08-18 11:27:00,89.55805,36.98838,927.504,271.43,86.0,659.6,28.92,-3.26,-45.07,105.63,76.54,296.65,310.99,105.64,76.64,296.83,311.23,1.0
2018-08-18 11:27:00,89.55805,36.98833,927.497,271.43,86.0,659.6,28.61,-3.4,-45.0,106.41,76.54,296.84,311.08,106.14,76.67,296.75,311.23,1.0
2018-08-18 11:27:00,89.55805,36.98827,927.449,271.44,86.0,660.0,27.34,-3.27,-45.36,105.17,76.6,296.74,311.18,106.67,76.71,296.71,311.24,1.0
2018-08-18 11:27:00,89.55805,36.98822,927.486,271.44,86.0,659.7,25.58,-3.29,-46.36,105.43,76.4,296.93,310.89,107.19,76.76,296.71,311.26,1.0
2018-08-18 11:27:00,89.55805,36.98817,927.502,271.43,86.0,659.6,23.09,-3.85,-47.43,105.76,76.6,296.2,312.07,107.64,76.83,296.75,311.28,1.0
2018-08-18 11:27:00,89.55804,36.98812,927.534,271.43,86.0,659.3,21.5,-3.71,-48.27,107.07,76.4,296.54,311.79,107.97,76.9,296.83,311.3,1.0
2018-08-18 11:27:00,89.55804,36.98806,927.561,271.44,86.0,659.1,21.88,-3.26,-48.82,106.74,76.54,296.93,310.79,108.14,76.97,296.93,311.32,1.0
2018-08-18 11:27:00,89.55804,36.98801,927.5,271.44,86.0,659.6,24.05,-3.46,-49.15,105.82,76.54,296.84,311.08,108.14,77.03,297.01,311.31,1.0
2018-08-18 11:27:00,89.55804,36.98796,927.486,271.43,86.0,659.7,23.2,-3.1,-49.2,107.26,76.54,297.12,311.08,107.97,77.07,297.02,311.28,1.0
2018-08-18 11:27:00,89.55804,36.9879,927.535,271.43,86.0,659.3,24.5,-3.37,-49.0,106.54,76.67,296.74,310.79,107.64,77.09,297.03,311.24,1.0
2018-08-18 11:27:00,89.55804,36.98785,927.542,271.43,86.0,659.2,26.9,-3.42,-48.75,106.22,76.67,296.93,311.08,107.19,77.08,297.05,311.1,1.0
2018-08-18 11:27:00,89.55804,36.9878,927.538,271.43,86.0,659.3,29.49,-3.11,-48.57,105.43,76.6,296.74,311.08,106.65,77.03,297.04,310.98,1.0
2018-08-18 11:27:00,89.55804,36.98775,927.592,271.44,86.0,658.8,30.81,-2.7,-48.53,106.02,76.6,296.67,310.78,106.09,76.95,297.0,310.95,1.0
2018-08-18 11:27:00,89.55804,36.9877,927.607,271.44,86.0,658.7,29.13,-2.76,-48.68,106.74,76.67,296.03,310.96,105.54,76.84,296.93,310.94,1.0
2018-08-18 11:27:00,89.55804,36.98766,927.579,271.44,86.0,658.9,25.7,-2.52,-49.14,106.61,76.6,296.44,311.08,105.07,76.72,296.86,310.96,1.0
2018-08-18 11:27:00,89.55804,36.98761,927.546,271.44,86.0,659.2,20.14,-2.39,-49.21,105.96,76.74,296.54,311.17,104.7,76.59,296.81,311.0,1.0
2018-08-18 11:27:00,89.55804,36.98756,927.542,271.44,86.0,659.2,17.66,-2.12,-49.9,106.61,76.6,296.75,311.07,104.49,76.47,296.72,311.05,1.0
2018-08-18 11:27:00,89.55803,36.98751,927.568,271.44,86.0,659.0,18.82,-1.8,-51.23,106.41,76.54,297.12,310.98,104.42,76.37,296.63,311.08,1.0
2018-08-18 11:27:00,89.55803,36.98747,927.577,271.44,86.0,658.9,20.45,-1.78,-52.32,106.87,76.6,297.03,310.88,104.5,76.3,296.63,311.09,1.0
2018-08-18 11:27:00,89.55803,36.98742,927.616,271.43,86.0,658.6,21.11,-1.65,-51.99,105.96,76.67,296.94,311.08,104.71,76.27,296.74,311.06,1.0
2018-08-18 11:27:00,89.55803,36.98737,927.565,271.44,86.0,659.0,18.75,-1.79,-52.3,105.04,76.67,296.92,311.17,105.01,76.28,296.82,311.04,1.0
2018-08-18 11:27:00,89.55803,36.98732,927.523,271.44,86.0,659.4,17.22,-1.75,-52.3,105.63,76.6,296.49,310.81,105.35,76.33,296.91,311.01,1.0
2018-08-18 11:27:00,89.55803,36.98727,927.525,271.44,86.0,659.4,16.58,-1.61,-52.27,106.02,76.47,296.25,310.23,105.7,76.41,296.97,310.96,1.0
2018-08-18 11:27:00,89.55803,36.98723,927.49,271.44,86.0,659.7,15.54,-1.65,-52.62,105.24,76.4,296.7,310.08,106.0,76.51,296.99,310.91,1.0
2018-08-18 11:27:00,89.55803,36.98718,927.55,271.43,86.0,659.2,12.9,-1.97,-51.55,106.81,76.6,296.65,310.11,106.22,76.61,297.0,310.85,1.0
2018-08-18 11:27:00,89.55803,36.98713,927.576,271.44,86.0,658.9,12.0,-1.99,-50.15,106.41,76.67,296.92,310.34,106.34,76.71,296.99,310.79,1.0
2018-08-18 11:27:00,89.55803,36.98708,927.59,271.44,86.0,658.8,13.43,-1.9,-48.69,105.76,76.67,296.92,310.47,106.36,76.8,296.96,310.75,1.0
2018-08-18 11:27:00,89.55803,36.98701,927.598,271.44,86.0,658.8,15.7,-1.66,-47.84,107.13,76.33,296.92,310.89,106.29,76.86,296.96,310.76,1.0
2018-08-18 11:27:00,89.55803,36.98692,927.607,271.44,86.0,658.7,17.06,-1.46,-47.74,105.3,76.74,296.91,311.08,106.16,76.89,296.98,310.82,1.0
2018-08-18 11:27:00,89.55803,36.98683,927.618,271.44,86.0,658.6,16.15,-1.77,-47.74,105.96,76.54,296.91,311.26,106.0,76.9,296.94,310.92,1.0
2018-08-18 11:27:00,89.55802,36.98674,927.574,271.44,86.0,659.0,14.87,-1.96,-48.19,105.89,76.6,296.91,311.16,105.85,76.88,296.88,311.06,1.0
2018-08-18 11:27:00,89.55802,36.98665,927.611,271.44,86.0,658.7,15.85,-2.03,-48.89,106.48,76.81,296.93,311.06,105.75,76.85,296.83,311.17,1.0
2018-08-18 11:27:00,89.55802,36.98656,927.669,271.44,86.0,658.2,17.34,-1.98,-49.37,105.69,76.54,296.75,311.16,105.72,76.8,296.78,311.25,1.0
2018-08-18 11:27:00,89.55802,36.98647,927.687,271.44,86.0,658.0,18.12,-1.71,-50.12,106.61,76.6,297.11,311.06,105.76,76.74,296.76,311.28,1.0
2018-08-18 11:27:00,89.55802,36.98638,927.621,271.44,86.0,658.6,17.49,-1.19,-51.84,105.82,76.81,296.91,311.16,105.88,76.68,296.74,311.26,1.0
2018-08-18 11:27:00,89.55802,36.98629,927.61,271.44,86.0,658.7,16.04,-1.44,-52.47,105.96,76.67,297.01,311.16,106.06,76.61,296.75,311.22,1.0
2018-08-18 11:27:00,89.55802,36.9862,927.683,271.44,86.0,658.0,14.94,-1.42,-53.23,105.89,76.67,296.93,310.97,106.28,76.54,296.77,311.15,1.0
2018-08-18 11:27:00,89.55802,36.98613,927.712,271.44,86.0,657.8,15.32,-1.41,-53.29,105.69,76.4,297.11,310.78,106.49,76.47,296.8,311.07,1.0
2018-08-18 11:27:00,89.55802,36.98608,927.68,271.44,86.0,658.1,16.59,-1.52,-52.89,105.96,76.6,297.01,311.07,106.66,76.4,296.85,311.0,1.0
2018-08-18 11:27:00,89.55802,36.98602,927.655,271.44,86.0,658.3,17.64,-1.66,-52.4,106.15,76.54,297.01,311.16,106.78,76.33,296.91,310.94,1.0
2018-08-18 11:27:00,89.55802,36.98596,927.673,271.44,86.0,658.1,17.57,-1.46,-51.7,105.82,76.74,297.01,311.26,106.82,76.26,296.96,310.91,1.0
2018-08-18 11:27:00,89.55801,36.98591,927.711,271.44,86.0,657.8,18.17,-2.03,-50.93,106.22,76.54,296.73,311.16,106.79,76.21,296.99,310.94,1.0
2018-08-18 11:27:00,89.55801,36.98585,927.725,271.45,86.0,657.7,18.77,-2.13,-50.01,106.61,76.67,297.01,311.07,106.68,76.17,297.0,310.98,1.0
2018-08-18 11:27:00,89.55801,36.98579,927.715,271.45,86.0,657.8,19.36,-2.13,-49.58,106.68,76.54,297.01,311.16,106.51,76.16,296.99,311.06,1.0
2018-08-18 11:27:00,89.55801,36.98573,927.702,271.45,86.0,657.9,20.17,-2.3,-49.66,105.89,76.67,296.83,310.87,106.32,76.17,296.98,311.17,1.0
2018-08-18 11:27:00,89.55801,36.98568,927.728,271.44,86.0,657.7,21.52,-2.61,-49.72,106.41,76.6,296.9,311.19,106.12,76.22,296.93,311.22,1.0
2018-08-18 11:27:00,89.55801,36.98562,927.798,271.45,86.0,657.1,22.65,-2.32,-49.58,106.22,76.6,296.73,311.31,105.93,76.29,296.88,311.26,1.0
2018-08-18 11:27:00,89.55801,36.98556,927.751,271.45,86.0,657.5,20.93,-2.55,-49.09,105.43,76.6,296.39,311.17,105.78,76.39,296.8,311.26,1.0
2018-08-18 11:27:00,89.55801,36.98551,927.686,271.45,86.0,658.0,18.18,-2.7,-48.44,105.96,76.19,296.69,311.42,105.67,76.49,296.72,311.24,1.0
2018-08-18 11:27:00,89.55801,36.98547,927.659,271.45,86.0,658.2,15.46,-2.72,-47.87,106.02,76.4,296.59,311.52,105.6,76.59,296.65,311.19,1.0
2018-08-18 11:27:00,89.55801,36.98544,927.747,271.44,86.0,657.5,14.77,-2.93,-48.23,106.41,76.54,296.62,310.86,105.56,76.68,296.6,311.14,1.0
2018-08-18 11:27:00,89.558,36.9854,927.778,271.45,86.0,657.2,14.94,-3.23,-48.78,105.82,76.47,296.92,311.07,105.54,76.74,296.58,311.08,1.0
2018-08-18 11:27:00,89.558,36.98536,927.78,271.45,86.0,657.2,13.68,-3.12,-49.38,106.74,76.67,296.92,310.87,105.53,76.76,296.61,311.01,1.0
2018-08-18 11:27:00,89.558,36.98532,927.739,271.45,86.0,657.6,15.19,-3.19,-50.22,105.82,76.67,297.01,310.97,105.51,76.75,296.68,310.96,1.0
2018-08-18 11:27:00,89.558,36.98529,927.718,271.45,86.0,657.7,17.49,-3.16,-50.36,105.89,76.6,297.11,311.36,105.49,76.71,296.75,310.9,1.0
2018-08-18 11:27:00,89.558,36.98525,927.752,271.45,86.0,657.5,19.2,-2.99,-49.72,106.02,76.6,297.01,311.07,105.45,76.65,296.77,310.84,1.0
2018-08-18 11:27:00,89.558,36.98521,927.706,271.45,86.0,657.8,21.03,-3.02,-49.76,105.89,76.81,296.92,311.07,105.4,76.57,296.76,310.86,1.0
2018-08-18 11:27:00,89.558,36.98518,927.756,271.45,86.0,657.4,18.64,-3.15,-50.19,106.87,76.47,297.11,311.06,105.35,76.5,296.84,310.93,1.0
2018-08-18 11:27:00,89.558,36.98514,927.739,271.45,86.0,657.6,16.15,-3.12,-50.56,105.56,76.67,297.01,310.9,105.32,76.45,296.89,310.99,1.0
2018-08-18 11:27:00,89.558,36.9851,927.738,271.45,86.0,657.6,14.7,-3.19,-51.09,105.17,76.33,296.62,310.74,105.31,76.43,296.92,311.03,1.0
2018-08-18 11:27:00,89.558,36.98506,927.782,271.45,86.0,657.2,13.89,-3.43,-51.65,106.28,76.47,295.9,310.42,105.33,76.43,296.91,311.04,1.0
2018-08-18 11:27:00,89.558,36.98502,927.748,271.45,86.0,657.5,12.43,-3.64,-51.86,105.63,76.47,295.55,310.73,105.39,76.46,296.87,311.03,1.0
2018-08-18 11:27:00,89.558,36.98496,927.803,271.46,86.0,657.0,13.18,-3.61,-51.63,106.87,76.6,296.75,311.04,105.49,76.51,296.8,310.99,1.0
2018-08-18 11:27:00,89.558,36.9849,927.8,271.46,86.0,657.0,16.59,-4.1,-51.8,105.37,76.6,296.9,311.07,105.62,76.57,296.73,310.95,1.0
2018-08-18 11:27:00,89.55799,36.98485,927.744,271.46,86.0,657.5,18.04,-4.17,-51.46,105.76,76.6,296.99,310.87,105.78,76.62,296.66,310.93,1.0
2018-08-18 11:27:00,89.55799,36.98479,927.71,271.46,86.0,657.8,18.05,-4.19,-50.71,105.96,76.47,296.81,311.15,105.95,76.66,296.63,310.94,1.0
2018-08-18 11:27:00,89.55799,36.98474,927.779,271.45,86.0,657.2,17.52,-4.46,-49.85,106.22,76.54,297.09,310.85,106.12,76.68,296.67,310.98,1.0
2018-08-18 11:27:00,89.55799,36.98468,927.851,271.46,86.0,656.6,15.05,-4.25,-48.98,105.17,76.6,296.9,311.04,106.29,76.67,296.76,311.04,1.0
2018-08-18 11:27:00,89.55799,36.98463,927.848,271.45,86.0,656.6,14.3,-4.12,-49.02,105.76,76.6,296.99,311.05,106.44,76.64,296.77,311.08,1.0
2018-08-18 11:27:00,89.55799,36.98457,927.835,271.46,86.0,656.7,10.88,-4.14,-48.61,106.35,76.74,296.81,311.14,106.58,76.6,296.69,311.07,1.0
2018-08-18 11:27:00,89.55799,36.98452,927.81,271.46,86.0,657.0,6.45,-4.24,-48.5,106.68,76.47,296.81,311.14,106.69,76.55,296.64,311.07,1.0
2018-08-18 11:27:00,89.55799,36.98446,927.772,271.46,86.0,657.3,2.99,-4.28,-48.83,106.22,76.6,296.81,310.95,106.79,76.52,296.66,311.11,1.0
2018-08-18 11:27:00,89.55799,36.9844,927.768,271.45,86.0,657.3,2.83,-4.04,-49.07,105.17,76.6,296.9,311.26,106.88,76.5,296.67,311.13,1.0
2018-08-18 11:27:00,89.55799,36.98435,927.82,271.45,86.0,656.9,8.27,-4.04,-50.2,105.56,76.4,296.89,310.87,106.97,76.5,296.66,311.11,1.0
2018-08-18 11:27:00,89.55799,36.9843,927.821,271.45,86.0,656.9,11.12,-4.05,-50.89,106.28,76.67,295.96,310.32,107.04,76.54,296.63,311.07,1.0
2018-08-18 11:27:00,89.55799,36.98425,927.834,271.45,86.0,656.8,13.02,-4.23,-51.22,106.22,76.47,296.1,310.17,107.12,76.59,296.6,311.0,1.0
2018-08-18 11:27:00,89.55798,36.98421,927.867,271.45,86.0,656.5,13.56,-4.33,-51.29,106.02,76.4,296.82,310.95,107.18,76.65,296.56,310.92,1.0
2018-08-18 11:27:00,89.55798,36.98416,927.854,271.45,86.0,656.6,11.92,-4.03,-51.16,106.22,76.6,296.9,310.96,107.24,76.71,296.54,310.86,1.0
2018-08-18 11:27:00,89.55798,36.98411,927.933,271.46,86.0,655.9,12.75,-4.13,-50.86,106.94,76.6,296.9,311.05,107.28,76.76,296.52,310.81,1.0
2018-08-18 11:27:00,89.55798,36.98406,927.854,271.46,86.0,656.6,15.0,-4.21,-50.26,105.96,76.74,296.9,311.14,107.3,76.79,296.54,310.8,1.0
2018-08-18 11:27:00,89.55798,36.98401,927.852,271.46,86.0,656.6,17.94,-4.16,-49.63,105.5,76.54,296.9,311.14,107.28,76.78,296.7,310.91,1.0
2018-08-18 11:27:00,89.55798,36.98396,927.898,271.46,86.0,656.2,19.55,-4.19,-49.04,106.54,76.54,296.9,311.42,107.23,76.74,296.85,311.02,1.0
2018-08-18 11:27:00,89.55798,36.98392,927.893,271.46,86.0,656.3,18.33,-4.27,-48.47,106.02,76.6,296.77,311.04,107.13,76.68,296.93,311.08,1.0
2018-08-18 11:27:00,89.55798,36.98387,927.898,271.46,86.0,656.2,14.26,-3.87,-47.7,106.22,76.67,296.66,311.33,107.0,76.6,297.0,311.11,1.0
2018-08-18 11:27:00,89.55798,36.98382,927.916,271.46,86.0,656.1,10.57,-4.16,-48.32,106.81,76.54,296.97,310.95,106.82,76.5,297.06,311.16,1.0
2018-08-18 11:27:00,89.55798,36.98377,927.925,271.46,86.0,656.0,9.68,-3.99,-48.84,106.41,76.67,296.71,311.05,106.61,76.42,297.09,311.19,1.0
2018-08-18 11:27:00,89.55798,36.98372,927.913,271.46,86.0,656.1,9.85,-3.8,-49.56,106.81,76.6,296.9,311.14,106.38,76.34,297.07,311.16,1.0
2018-08-18 11:27:00,89.55798,36.98367,927.894,271.46,86.0,656.2,10.57,-3.77,-50.16,106.28,76.6,296.86,310.83,106.15,76.29,297.01,311.07,1.0
2018-08-18 11:27:00,89.55798,36.98361,927.934,271.46,86.0,655.9,12.42,-3.69,-49.93,105.76,76.4,296.6,310.39,105.92,76.26,296.9,310.91,1.0
2018-08-18 11:27:00,89.55798,36.98352,928.044,271.46,86.0,655.0,15.84,-2.93,-49.53,105.89,76.6,296.7,310.7,105.71,76.25,296.78,310.73,1.0
2018-08-18 11:27:00,89.55798,36.98342,928.015,271.46,86.0,655.2,20.49,-3.45,-49.21,106.54,76.6,296.72,311.05,105.55,76.26,296.63,310.56,1.0
2018-08-18 11:27:00,89.55798,36.98332,927.974,271.46,86.0,655.6,22.68,-3.32,-49.54,105.89,76.47,296.91,310.95,105.43,76.27,296.48,310.41,1.0
2018-08-18 11:27:00,89.55798,36.98323,927.974,271.46,86.0,655.6,21.82,-3.08,-49.73,106.68,76.47,296.81,310.77,105.37,76.27,296.29,310.26,1.0
2018-08-18 11:27:00,89.55797,36.98313,928.003,271.46,86.0,655.3,18.76,-3.43,-49.1,106.61,76.47,296.99,310.7,105.37,76.25,296.1,310.17,1.0
2018-08-18 11:27:00,89.55797,36.98303,927.972,271.46,86.0,655.6,16.15,-3.38,-48.67,106.61,76.67,296.98,310.97,105.42,76.2,296.06,310.2,1.0
2018-08-18 11:27:00,89.55797,36.98293,928.064,271.46,86.0,654.8,12.87,-3.37,-48.69,105.82,76.54,297.18,311.0,105.52,76.12,296.06,310.23,1.0
2018-08-18 11:27:00,89.55797,36.98284,928.047,271.46,86.0,655.0,11.27,-3.37,-48.35,105.89,76.6,296.9,311.14,105.64,76.01,296.07,310.3,1.0
2018-08-18 11:27:00,89.55797,36.98274,927.973,271.46,86.0,655.6,11.01,-3.41,-48.47,105.76,76.4,296.41,310.96,105.79,75.89,296.11,310.38,1.0
2018-08-18 11:27:00,89.55797,36.98266,927.941,271.46,86.0,655.9,11.59,-3.57,-48.63,105.24,76.4,296.02,310.7,105.93,75.76,296.16,310.45,1.0
2018-08-18 11:27:00,89.55797,36.98259,927.954,271.46,86.0,655.7,12.85,-3.97,-47.28,106.74,76.6,296.7,310.96,106.05,75.63,296.22,310.51,1.0
2018-08-18 11:27:00,89.55797,36.98252,927.996,271.46,86.0,655.4,14.79,-3.4,-46.58,107.2,76.54,296.98,310.76,106.14,75.53,296.29,310.57,1.0
2018-08-18 11:27:00,89.55797,36.98244,927.988,271.47,86.0,655.5,15.6,-3.33,-45.76,105.56,76.4,296.68,311.06,106.19,75.46,296.4,310.64,1.0
2018-08-18 11:27:00,89.55797,36.98237,927.99,271.47,86.0,655.4,16.22,-3.44,-45.54,106.22,76.19,296.07,310.93,106.2,75.44,296.48,310.65,1.0
2018-08-18 11:27:00,89.55796,36.9823,928.002,271.47,86.0,655.3,15.67,-3.53,-45.92,105.24,76.33,296.26,310.2,106.18,75.48,296.59,310.65,1.0
2018-08-18 11:27:00,89.55796,36.98223,927.968,271.47,86.0,655.6,13.1,-3.47,-46.52,106.61,76.19,296.08,310.48,106.12,75.58,296.7,310.68,1.0
2018-08-18 11:27:00,89.55796,36.98215,928.021,271.47,86.0,655.2,11.49,-3.49,-47.46,106.81,76.47,296.39,310.73,106.06,75.73,296.69,310.7,1.0
2018-08-18 11:27:00,89.55796,36.98208,928.052,271.47,86.0,654.9,10.12,-3.03,-48.5,106.15,76.26,297.31,311.64,106.0,75.93,296.65,310.73,1.0
2018-08-18 11:27:00,89.55796,36.98201,928.061,271.47,86.0,654.8,9.88,-2.9,-49.3,105.82,76.26,297.03,311.29,105.96,76.15,296.65,310.79,1.0
2018-08-18 11:27:00,89.55796,36.98194,928.055,271.47,86.0,654.9,10.02,-2.95,-49.91,106.35,76.26,297.08,310.89,105.95,76.39,296.6,310.9,1.0
2018-08-18 11:27:00,89.55796,36.98186,928.045,271.47,86.0,655.0,10.14,-3.07,-50.27,106.22,76.33,296.74,311.16,105.99,76.62,296.56,311.03,1.0
2018-08-18 11:27:00,89.55796,36.98181,928.063,271.47,86.0,654.8,10.86,-3.28,-50.17,105.96,76.26,296.86,311.15,106.07,76.84,296.62,311.16,1.0
2018-08-18 11:27:00,89.55796,36.98176,928.08,271.47,86.0,654.7,11.38,-2.86,-50.87,105.5,76.4,296.35,311.0,106.2,77.02,296.67,311.26,1.0
2018-08-18 11:27:00,89.55796,36.98171,928.056,271.47,86.0,654.9,10.85,-3.18,-50.47,105.5,76.12,296.6,311.31,106.35,77.15,296.69,311.29,1.0
2018-08-18 11:27:00,89.55796,36.98166,928.07,271.47,86.0,654.8,10.23,-3.32,-49.76,106.74,76.26,295.93,311.32,106.51,77.23,296.72,311.33,1.0
2018-08-18 11:27:00,89.55796,36.9816,928.138,271.47,86.0,654.2,10.72,-3.17,-49.3,106.54,76.54,295.9,311.16,106.65,77.25,296.77,311.38,1.0
2018-08-18 11:27:00,89.55795,36.98155,928.184,271.47,86.0,653.8,12.98,-3.14,-49.4,106.48,76.54,296.96,310.94,106.76,77.23,296.83,311.38,1.0
2018-08-18 11:27:00,89.55795,36.9815,928.137,271.47,86.0,654.2,13.67,-3.32,-49.55,105.56,76.6,296.78,311.13,106.81,77.16,296.88,311.36,1.0
2018-08-18 11:27:00,89.55795,36.98145,928.174,271.47,86.0,653.9,16.03,-3.46,-49.29,106.68,76.47,296.88,311.04,106.8,77.06,296.97,311.35,1.0
2018-08-18 11:27:00,89.55795,36.9814,928.158,271.47,86.0,654.0,16.85,-4.0,-48.96,106.15,76.6,296.88,310.94,106.7,76.95,297.04,311.3,1.0
2018-08-18 11:27:00,89.55795,36.98135,928.123,271.47,86.0,654.3,17.6,-4.19,-48.74,106.28,76.4,296.97,310.84,106.54,76.84,297.16,311.27,1.0
2018-08-18 11:27:00,89.55795,36.9813,928.155,271.47,86.0,654.0,19.43,-3.67,-48.77,106.15,76.54,296.87,310.94,106.32,76.73,297.29,311.28,1.0
2018-08-18 11:27:00,89.55795,36.98125,928.133,271.47,86.0,654.2,19.64,-3.88,-49.19,106.09,76.4,296.95,310.93,106.06,76.65,297.32,311.33,1.0
2018-08-18 11:27:00,89.55795,36.98119,928.196,271.47,86.0,653.7,17.56,-4.21,-49.41,105.82,76.33,296.67,311.03,105.79,76.6,297.39,311.37,1.0
2018-08-18 11:27:00,89.55794,36.98113,928.163,271.47,86.0,654.0,15.97,-4.48,-49.71,106.15,76.54,296.87,311.03,105.54,76.58,297.47,311.42,1.0
2018-08-18 11:27:00,89.55794,36.98107,928.15,271.47,86.0,654.1,15.1,-4.83,-50.14,106.81,76.67,296.88,310.84,105.35,76.59,297.5,311.46,1.0
2018-08-18 11:27:00,89.55794,36.98102,928.2,271.47,86.0,653.7,15.0,-4.98,-50.8,106.81,76.47,296.87,311.14,105.24,76.62,297.46,311.48,1.0
2018-08-18 11:27:00,89.55794,36.98096,928.121,271.47,86.0,654.3,15.66,-4.44,-51.81,105.69,76.47,296.92,311.02,105.22,76.67,297.4,311.47,1.0
2018-08-18 11:27:00,89.55794,36.9809,928.171,271.47,86.0,653.9,17.07,-4.63,-51.34,105.82,76.6,297.5,311.14,105.32,76.73,297.34,311.44,1.0
2018-08-18 11:27:00,89.55794,36.98085,928.141,271.47,86.0,654.2,17.06,-4.82,-50.73,106.22,76.33,297.62,310.84,105.52,76.77,297.34,311.38,1.0
2018-08-18 11:27:00,89.55794,36.98079,928.131,271.47,86.0,654.2,16.06,-4.84,-50.38,105.56,76.6,297.2,310.87,105.81,76.8,297.3,311.32,1.0
2018-08-18 11:27:00,89.55794,36.98073,928.174,271.47,86.0,653.9,13.83,-4.7,-50.34,106.35,76.47,296.87,311.05,106.17,76.81,297.23,311.26,1.0
2018-08-18 11:27:00,89.55794,36.98067,928.187,271.47,86.0,653.8,10.47,-4.47,-50.49,105.89,76.6,296.69,310.96,106.56,76.79,297.18,311.2,1.0
2018-08-18 11:27:00,89.55794,36.98062,928.147,271.48,86.0,654.1,9.43,-3.94,-51.1,106.02,76.54,296.88,311.05,106.95,76.75,297.14,311.16,1.0
2018-08-18 11:27:00,89.55794,36.98056,928.189,271.47,86.0,653.7,8.97,-4.17,-50.94,106.41,76.6,297.66,311.06,107.3,76.68,297.08,311.14,1.0
2018-08-18 11:27:00,89.55794,36.9805,928.222,271.47,86.0,653.5,8.78,-4.2,-51.07,105.56,76.47,297.26,311.1,107.57,76.6,297.02,311.14,1.0
2018-08-18 11:27:00,89.55793,36.98045,928.247,271.47,86.0,653.3,9.79,-3.95,-51.45,106.02,76.6,296.85,311.14,107.75,76.51,297.01,311.15,1.0
2018-08-18 11:27:00,89.55793,36.98039,928.288,271.48,86.0,652.9,12.18,-3.67,-51.74,106.94,76.6,296.86,311.03,107.8,76.43,297.07,311.21,1.0
2018-08-18 11:27:00,89.55793,36.98034,928.273,271.47,86.0,653.0,14.44,-3.84,-51.5,106.15,76.6,296.96,311.13,107.74,76.35,297.14,311.34,1.0
2018-08-18 11:27:00,89.55793,36.98028,928.259,271.47,86.0,653.2,11.96,-3.84,-50.98,106.41,76.67,297.05,311.03,107.57,76.3,297.21,311.35,1.0
2018-08-18 11:27:00,89.55793,36.98023,928.224,271.48,86.0,653.4,11.68,-3.64,-50.86,106.94,76.47,296.96,311.03,107.3,76.26,297.19,311.35,1.0
2018-08-18 11:27:00,89.55793,36.98017,928.199,271.48,86.0,653.7,10.65,-3.64,-51.33,105.5,76.26,296.86,311.03,106.96,76.25,297.18,311.32,1.0
2018-08-18 11:27:00,89.55793,36.98012,928.218,271.47,86.0,653.5,10.27,-3.65,-51.93,106.87,76.54,296.86,311.78,106.58,76.25,297.18,311.27,1.0
2018-08-18 11:27:00,89.55793,36.98006,928.317,271.48,86.0,652.7,13.81,-3.15,-51.88,106.35,76.47,296.96,312.2,106.19,76.26,297.17,311.22,1.0
2018-08-18 11:27:00,89.55793,36.98,928.343,271.48,86.0,652.4,14.77,-2.94,-51.05,106.61,76.47,296.77,311.44,105.82,76.28,297.2,311.23,1.0
2018-08-18 11:27:00,89.55793,36.97995,928.353,271.48,86.0,652.4,13.08,-2.82,-51.22,106.74,76.67,296.86,311.02,105.5,76.3,297.14,311.19,1.0
2018-08-18 11:27:00,89.55793,36.97989,928.319,271.48,86.0,652.6,12.2,-2.65,-50.95,106.09,76.6,296.95,311.02,105.25,76.32,297.05,311.17,1.0
2018-08-18 11:27:00,89.55793,36.97984,928.294,271.48,86.0,652.9,11.7,-2.48,-50.48,106.22,76.4,296.95,310.83,105.09,76.33,296.96,311.17,1.0
2018-08-18 11:27:00,89.55793,36.97978,928.361,271.48,86.0,652.3,10.54,-2.35,-50.47,106.02,76.6,297.04,311.25,105.02,76.35,296.89,311.16,1.0
2018-08-18 11:27:00,89.55793,36.97973,928.358,271.48,86.0,652.3,10.6,-2.07,-51.09,106.02,76.26,297.92,311.72,105.06,76.36,296.82,311.1,1.0
2018-08-18 11:27:00,89.55793,36.97967,928.374,271.49,86.0,652.2,10.27,-1.76,-51.53,105.76,76.4,297.12,311.35,105.2,76.39,296.77,311.17,1.0
2018-08-18 11:27:00,89.55792,36.97961,928.374,271.48,86.0,652.2,10.16,-1.78,-51.86,106.22,76.47,296.96,311.22,105.42,76.42,296.75,311.26,1.0
2018-08-18 11:27:00,89.55792,36.97956,928.385,271.48,86.0,652.1,9.36,-1.89,-52.1,106.15,76.6,296.87,310.93,105.71,76.46,296.77,311.34,1.0
2018-08-18 11:27:00,89.55792,36.9795,928.401,271.48,86.0,652.0,7.84,-2.04,-52.3,107.33,76.47,296.96,311.03,106.06,76.52,296.8,311.39,1.0
2018-08-18 11:27:00,89.55792,36.97944,928.314,271.48,86.0,652.7,6.71,-2.4,-52.61,106.61,76.54,296.94,311.03,106.43,76.58,296.82,311.41,1.0
2018-08-18 11:27:00,89.55792,36.97938,928.317,271.48,86.0,652.7,4.46,-2.49,-53.27,104.52,76.47,296.63,310.89,106.8,76.66,296.74,311.34,1.0
2018-08-18 11:27:00,89.55792,36.97932,928.316,271.48,86.0,652.7,5.5,-2.49,-51.92,106.35,76.4,296.78,310.86,107.14,76.73,296.75,311.29,1.0
2018-08-18 11:27:00,89.55792,36.97926,928.329,271.48,86.0,652.6,6.63,-2.76,-50.56,105.96,76.6,296.96,310.74,107.42,76.79,296.77,311.23,1.0
2018-08-18 11:27:00,89.55792,36.97921,928.364,271.48,86.0,652.3,6.54,-3.0,-49.7,106.35,76.33,296.76,311.31,107.6,76.83,296.78,311.16,1.0
2018-08-18 11:27:00,89.55792,36.97915,928.421,271.49,86.0,651.8,5.24,-2.74,-48.9,106.35,76.54,296.78,311.01,107.67,76.84,296.77,311.08,1.0
2018-08-18 11:27:00,89.55792,36.9791,928.484,271.49,86.0,651.3,4.61,-2.85,-47.82,106.48,76.47,296.33,310.95,107.62,76.82,296.75,311.02,1.0
2018-08-18 11:27:00,89.55792,36.97908,928.422,271.49,86.0,651.8,4.09,-3.12,-47.89,106.54,76.6,296.55,311.11,107.44,76.77,296.74,310.98,1.0
2018-08-18 11:27:00,89.55791,36.97905,928.389,271.49,86.0,652.1,2.4,-3.43,-48.03,106.41,76.67,296.86,311.23,107.14,76.69,296.72,310.97,1.0
2018-08-18 11:27:00,89.55791,36.97902,928.41,271.49,86.0,651.9,1.72,-3.58,-48.1,105.96,76.47,296.86,311.04,106.74,76.59,296.69,310.99,1.0
2018-08-18 11:27:00,89.55791,36.979,928.434,271.48,86.0,651.7,3.13,-3.46,-48.22,106.87,76.6,296.85,311.33,106.28,76.48,296.69,311.05,1.0
2018-08-18 11:27:00,89.55791,36.97897,928.387,271.49,86.0,652.1,3.06,-3.25,-48.41,106.81,76.47,296.87,311.23,105.8,76.36,296.76,311.13,1.0
2018-08-18 11:27:00,89.55791,36.97894,928.466,271.48,86.0,651.4,2.61,-3.17,-48.32,106.74,76.67,296.68,310.94,105.34,76.25,296.86,311.22,1.0
2018-08-18 11:27:00,89.55791,36.97892,928.495,271.49,86.0,651.2,2.57,-3.31,-48.65,106.28,76.47,296.96,311.33,104.95,76.16,296.81,311.34,1.0
2018-08-18 11:27:00,89.55791,36.97889,928.474,271.49,86.0,651.3,2.57,-3.37,-49.52,106.22,76.54,296.76,311.14,104.67,76.09,296.78,311.42,1.0
2018-08-18 11:27:00,89.55791,36.97886,928.453,271.49,86.0,651.5,2.28,-3.34,-50.69,105.63,76.47,297.03,311.34,104.51,76.05,296.81,311.45,1.0
2018-08-18 11:27:00,89.55791,36.97884,928.448,271.49,86.0,651.6,1.61,-3.46,-51.69,105.76,76.54,297.75,311.24,104.51,76.03,296.83,311.48,1.0
2018-08-18 11:27:00,89.55791,36.97881,928.42,271.49,86.0,651.8,-0.79,-3.51,-52.65,107.07,76.47,297.25,311.12,104.67,76.04,296.84,311.57,1.0
2018-08-18 11:27:00,89.5579,36.97878,928.391,271.5,86.0,652.0,-2.44,-3.34,-52.61,106.54,76.26,296.14,311.43,104.96,76.06,296.85,311.64,1.0
2018-08-18 11:27:00,89.5579,36.97876,928.422,271.5,86.0,651.8,-2.8,-3.44,-52.82,104.38,76.47,296.23,311.01,105.37,76.11,296.85,311.61,1.0
2018-08-18 11:27:00,89.5579,36.97874,928.485,271.49,86.0,651.2,-1.9,-3.54,-53.23,106.15,76.33,297.03,310.84,105.86,76.17,296.85,311.53,1.0
2018-08-18 11:27:00,89.5579,36.97871,928.488,271.49,86.0,651.2,-0.62,-3.38,-53.51,105.96,76.47,296.75,311.39,106.4,76.24,296.86,311.47,1.0
2018-08-18 11:27:00,89.5579,36.97869,928.547,271.49,86.0,650.7,-0.92,-3.92,-54.12,106.54,76.6,296.83,312.58,106.94,76.32,296.92,311.47,1.0
2018-08-18 11:27:00,89.5579,36.97866,928.51,271.49,86.0,651.0,-0.29,-3.69,-53.91,106.61,76.47,296.66,312.49,107.44,76.4,296.99,311.55,1.0
2018-08-18 11:27:00,89.5579,36.97864,928.535,271.5,86.0,650.8,0.11,-3.52,-53.42,106.74,76.4,296.85,311.61,107.85,76.5,297.08,311.56,1.0
2018-08-18 11:27:00,89.5579,36.97862,928.563,271.5,86.0,650.6,-1.12,-3.33,-52.34,105.5,76.4,296.94,311.1,108.16,76.59,297.13,311.57,1.0
2018-08-18 11:27:00,89.5579,36.97859,928.536,271.49,86.0,650.8,-3.76,-2.95,-51.12,106.74,76.54,297.21,311.24,108.34,76.69,297.11,311.63,1.0
2018-08-18 11:27:00,89.5579,36.97857,928.609,271.49,86.0,650.2,-5.35,-2.27,-51.33,105.24,76.26,298.55,311.69,108.36,76.77,297.08,311.68,1.0
2018-08-18 11:27:00,89.5579,36.97854,928.628,271.49,86.0,650.0,-11.07,-2.67,-51.47,105.96,76.4,297.98,312.06,108.24,76.84,297.05,311.61,1.0
2018-08-18 11:27:00,89.5579,36.97852,928.641,271.49,86.0,649.9,-15.38,-2.76,-51.4,106.68,76.47,297.24,311.56,107.98,76.88,297.02,311.55,1.0
2018-08-18 11:27:00,89.5579,36.97849,928.614,271.49,86.0,650.1,-17.73,-2.65,-51.57,106.81,76.54,296.65,310.92,107.61,76.9,296.99,311.54,1.0
2018-08-18 11:27:00,89.55789,36.97846,928.55,271.49,86.0,650.7,-19.85,-2.68,-51.92,107.0,76.47,296.85,311.12,107.16,76.88,296.96,311.56,1.0
2018-08-18 11:27:00,89.55789,36.97843,928.512,271.5,86.0,651.0,-23.41,-3.1,-52.36,107.2,76.54,296.85,311.21,106.67,76.84,296.9,311.54,1.0
2018-08-18 11:27:00,89.55789,36.9784,928.593,271.49,86.0,650.3,-23.12,-3.34,-54.12,106.68,76.54,296.85,311.22,106.19,76.77,296.76,311.46,1.0
2018-08-18 11:27:00,89.55789,36.97836,928.571,271.49,86.0,650.5,-21.47,-3.56,-54.2,106.41,76.6,296.66,311.12,105.78,76.68,296.65,311.32,1.0
2018-08-18 11:27:00,89.55789,36.97833,928.561,271.49,86.0,650.6,-21.19,-3.54,-54.23,106.15,76.6,296.86,311.31,105.49,76.58,296.64,311.24,1.0
2018-08-18 11:27:00,89.55789,36.9783,928.572,271.49,86.0,650.5,-22.59,-3.54,-54.28,106.54,76.54,296.67,311.12,105.35,76.49,296.68,311.19,1.0
2018-08-18 11:27:00,89.55789,36.97826,928.573,271.5,86.0,650.5,-25.29,-3.7,-54.16,105.43,76.47,296.94,311.3,105.39,76.41,296.73,311.1,1.0
2018-08-18 11:27:00,89.55789,36.97823,928.579,271.5,86.0,650.4,-28.42,-3.75,-53.65,106.54,76.4,296.94,311.02,105.62,76.35,296.77,310.95,1.0
2018-08-18 11:27:00,89.55789,36.9782,928.581,271.49,86.0,650.4,-27.95,-3.4,-53.23,106.35,76.67,296.67,311.11,106.03,76.32,296.8,310.9,1.0
2018-08-18 11:27:00,89.55789,36.97817,928.664,271.5,86.0,649.7,-24.14,-3.69,-53.08,106.61,76.4,296.94,311.03,106.56,76.31,296.8,310.87,1.0
2018-08-18 11:27:00,89.55789,36.97813,928.706,271.5,86.0,649.4,-20.26,-3.74,-52.84,106.48,76.6,296.75,311.22,107.16,76.31,296.84,310.84,1.0
2018-08-18 11:27:00,89.55788,36.9781,928.623,271.5,86.0,650.1,-17.45,-3.2,-52.26,105.96,76.4,296.85,311.06,107.75,76.32,296.9,310.82,1.0
2018-08-18 11:27:00,89.55788,36.97807,928.574,271.5,86.0,650.5,-14.55,-2.56,-51.32,105.24,76.19,296.66,309.94,108.25,76.33,296.93,310.8,1.0
2018-08-18 11:27:00,89.55788,36.97804,928.52,271.5,86.0,650.9,-13.95,-2.39,-51.5,107.53,76.67,296.66,311.09,108.58,76.34,296.87,310.79,1.0
2018-08-18 11:27:00,89.55788,36.978,928.629,271.5,86.0,650.0,-13.18,-2.13,-51.96,107.59,76.4,296.66,311.22,108.7,76.33,296.81,310.77,1.0
2018-08-18 11:27:00,89.55788,36.97797,928.712,271.5,86.0,649.3,-14.17,-2.16,-52.15,105.69,76.67,297.32,311.02,108.57,76.3,296.82,310.8,1.0
2018-08-18 11:27:00,89.55788,36.97793,928.715,271.5,86.0,649.3,-16.48,-2.31,-52.31,106.02,76.47,298.01,311.21,108.19,76.26,296.86,310.81,1.0
2018-08-18 11:27:00,89.55788,36.9779,928.706,271.5,86.0,649.4,-18.52,-2.26,-52.84,107.2,76.54,297.78,310.83,107.61,76.23,296.89,310.85,1.0
2018-08-18 11:27:00,89.55788,36.97787,928.749,271.51,86.0,649.0,-17.3,-1.96,-53.4,107.72,76.4,296.67,311.02,106.88,76.19,297.01,311.06,1.0
2018-08-18 11:27:00,89.55788,36.97783,928.717,271.5,86.0,649.3,-13.79,-2.22,-53.37,106.54,76.4,296.83,311.12,106.11,76.18,297.1,311.19,1.0
2018-08-18 11:27:00,89.55788,36.9778,928.674,271.5,86.0,649.6,-13.68,-2.01,-53.11,106.74,76.54,297.42,311.34,105.38,76.18,297.19,311.31,1.0
2018-08-18 11:27:00,89.55788,36.97777,928.649,271.5,86.0,649.9,-14.64,-1.76,-51.96,106.74,76.47,297.51,311.11,104.79,76.21,297.23,311.43,1.0
2018-08-18 11:27:00,89.55788,36.97773,928.652,271.5,86.0,649.8,-14.8,-1.71,-50.04,106.15,76.33,297.02,311.37,104.43,76.26,297.22,311.53,1.0
2018-08-18 11:27:00,89.55788,36.9777,928.754,271.5,86.0,649.0,-14.81,-1.38,-49.32,106.81,76.33,297.36,311.99,104.32,76.33,297.2,311.6,1.0
2018-08-18 11:27:00,89.55788,36.97766,928.774,271.51,86.0,648.8,-15.55,-1.27,-49.2,106.81,76.4,296.77,312.17,104.49,76.4,297.24,311.6,1.0
2018-08-18 11:27:00,89.55788,36.97763,928.736,271.5,86.0,649.1,-15.43,-1.26,-49.6,105.82,76.33,296.74,312.21,104.9,76.46,297.24,311.58,1.0
2018-08-18 11:27:00,89.55787,36.9776,928.706,271.5,86.0,649.4,-15.95,-1.01,-50.24,106.02,76.6,296.64,312.16,105.49,76.5,297.15,311.53,1.0
2018-08-18 11:27:00,89.55787,36.97756,928.71,271.51,86.0,649.3,-18.0,-0.85,-50.65,105.89,76.4,296.64,312.06,106.17,76.51,297.04,311.5,1.0
2018-08-18 11:27:00,89.55787,36.97749,928.716,271.51,86.0,649.3,-21.82,-1.49,-50.35,106.48,76.47,296.64,311.87,106.84,76.49,296.95,311.49,1.0
2018-08-18 11:27:00,89.55787,36.97743,928.712,271.5,86.0,649.3,-26.18,-1.91,-51.38,106.41,76.4,296.64,311.17,107.42,76.44,296.8,311.39,1.0
2018-08-18 11:27:00,89.55787,36.97737,928.678,271.5,86.0,649.6,-29.33,-2.24,-52.04,106.15,76.54,296.83,310.81,107.82,76.38,296.72,311.29,1.0
2018-08-18 11:27:00,89.55787,36.97731,928.656,271.5,86.0,649.8,-29.58,-2.12,-52.08,106.22,76.47,296.75,311.3,108.01,76.31,296.66,311.19,1.0
2018-08-18 11:27:00,89.55787,36.97725,928.691,271.51,85.9,649.5,-27.4,-1.71,-52.01,106.81,76.33,296.84,311.11,107.97,76.25,296.61,311.09,1.0
2018-08-18 11:27:00,89.55787,36.97719,928.801,271.51,85.9,648.6,-24.47,-1.32,-52.13,106.61,76.54,296.92,311.12,107.73,76.21,296.59,311.0,1.0
2018-08-18 11:27:00,89.55787,36.97713,928.781,271.51,85.9,648.7,-24.52,-1.47,-51.61,107.0,76.47,296.83,311.11,107.34,76.2,296.57,310.91,1.0
2018-08-18 11:27:00,89.55786,36.97707,928.797,271.51,85.9,648.6,-25.29,-1.35,-51.76,107.2,76.4,296.83,311.11,106.89,76.21,296.57,310.89,1.0
2018-08-18 11:27:00,89.55786,36.977,928.786,271.51,85.9,648.7,-27.09,-1.04,-51.54,106.54,76.4,296.84,311.11,106.44,76.24,296.55,310.75,1.0
2018-08-18 11:27:00,89.55786,36.97695,928.792,271.51,85.9,648.6,-27.38,-1.09,-51.45,106.74,76.19,296.94,310.92,106.08,76.28,296.53,310.63,1.0
2018-08-18 11:27:00,89.55786,36.97689,928.841,271.51,85.9,648.2,-25.16,-1.38,-51.73,106.68,76.26,296.84,311.31,105.86,76.31,296.52,310.57,1.0
2018-08-18 11:27:00,89.55786,36.97683,928.797,271.51,85.9,648.6,-22.09,-1.02,-52.01,106.22,76.6,297.03,311.12,105.8,76.32,296.5,310.5,1.0
2018-08-18 11:27:00,89.55786,36.97677,928.79,271.51,85.9,648.7,-22.14,-1.46,-52.2,106.41,76.54,296.97,311.12,105.91,76.31,296.48,310.44,1.0
2018-08-18 11:27:00,89.55786,36.97671,928.764,271.51,85.9,648.9,-19.52,-1.66,-52.42,105.76,76.19,296.33,309.59,106.15,76.26,296.45,310.4,1.0
2018-08-18 11:27:00,89.55786,36.97665,928.75,271.51,85.9,649.0,-17.23,-1.77,-52.28,105.76,76.47,296.49,310.13,106.47,76.18,296.42,310.39,1.0
2018-08-18 11:27:00,89.55786,36.9766,928.765,271.51,85.9,648.9,-15.64,-1.96,-51.94,106.74,76.19,296.68,310.75,106.8,76.09,296.36,310.37,1.0
2018-08-18 11:27:00,89.55786,36.97654,928.82,271.51,85.9,648.4,-14.47,-2.32,-51.86,106.74,76.6,296.65,311.1,107.08,75.99,296.3,310.34,1.0
2018-08-18 11:27:00,89.55786,36.97648,928.865,271.51,85.9,648.0,-16.76,-1.87,-52.11,106.81,76.47,296.95,311.21,107.25,75.91,296.36,310.43,1.0
2018-08-18 11:27:00,89.55786,36.97642,928.835,271.52,85.9,648.3,-15.54,-2.24,-52.16,107.13,76.4,296.65,311.11,107.28,75.86,296.4,310.5,1.0
2018-08-18 11:27:00,89.55786,36.97636,928.775,271.52,85.9,648.8,-15.23,-2.4,-52.17,106.61,76.47,296.57,311.2,107.17,75.86,296.53,310.7,1.0
2018-08-18 11:27:00,89.55786,36.9763,928.746,271.52,85.9,649.0,-15.07,-2.44,-52.25,107.0,76.4,296.61,310.42,106.93,75.93,296.62,310.87,1.0
2018-08-18 11:27:00,89.55786,36.97625,928.794,271.52,85.9,648.6,-14.6,-2.69,-52.56,106.09,76.19,296.21,310.13,106.6,76.05,296.62,310.91,1.0
2018-08-18 11:27:00,89.55785,36.9762,928.826,271.52,85.9,648.3,-16.76,-3.81,-53.71,106.15,76.05,297.21,311.02,106.24,76.22,296.62,310.94,1.0
2018-08-18 11:27:00,89.55785,36.97615,928.825,271.51,86.0,648.4,-16.46,-3.55,-54.67,107.0,75.98,297.23,310.4,105.93,76.42,296.64,310.95,1.0
2018-08-18 11:27:00,89.55785,36.97611,928.814,271.51,85.9,648.5,-13.02,-3.81,-55.01,106.74,76.19,297.61,310.85,105.72,76.64,296.67,310.94,1.0
2018-08-18 11:27:00,89.55785,36.97606,928.844,271.51,85.9,648.2,-8.46,-3.74,-55.03,105.63,76.4,297.55,310.84,105.68,76.85,296.71,310.92,1.0
2018-08-18 11:27:00,89.55785,36.97601,928.883,271.52,85.9,647.9,-4.92,-3.3,-54.78,107.0,76.54,296.67,311.1,105.82,77.02,296.8,310.98,1.0
2018-08-18 11:27:00,89.55785,36.97596,928.782,271.52,85.9,648.7,-4.85,-3.17,-54.3,106.74,76.47,296.66,311.0,106.14,77.14,296.9,311.14,1.0
2018-08-18 11:27:00,89.55785,36.97592,928.897,271.52,85.9,647.7,-9.61,-3.09,-54.84,106.15,76.47,296.65,311.0,106.62,77.2,296.84,311.12,1.0
2018-08-18 11:27:00,89.55785,36.97587,928.877,271.52,85.9,647.9,-13.63,-2.41,-55.87,106.35,76.47,296.66,311.29,107.21,77.2,296.86,311.16,1.0
2018-08-18 11:27:00,89.55785,36.97582,928.839,271.52,85.9,648.2,-17.3,-2.34,-55.87,107.07,76.54,296.66,311.0,107.83,77.15,296.83,311.2,1.0
2018-08-18 11:27:00,89.55785,36.97578,928.846,271.52,85.9,648.2,-19.82,-2.37,-55.33,106.09,76.4,296.76,311.44,108.39,77.04,296.83,311.25,1.0
2018-08-18 11:27:00,89.55784,36.97573,928.92,271.52,85.9,647.6,-20.78,-1.94,-55.03,106.02,76.4,296.46,311.8,108.83,76.91,296.89,311.35,1.0
2018-08-18 11:27:00,89.55784,36.97568,928.952,271.52,85.9,647.3,-22.47,-2.42,-54.56,106.41,76.47,296.04,310.98,109.07,76.76,296.92,311.47,1.0
2018-08-18 11:27:00,89.55784,36.97565,928.971,271.52,85.9,647.1,-19.99,-2.66,-54.9,107.07,76.4,296.54,310.77,109.07,76.6,296.93,311.55,1.0
2018-08-18 11:27:00,89.55784,36.97561,928.965,271.52,85.9,647.2,-15.89,-2.58,-55.12,106.81,76.54,296.67,310.98,108.81,76.46,296.91,311.6,1.0
2018-08-18 11:27:00,89.55784,36.97558,928.952,271.52,85.9,647.3,-12.13,-2.63,-55.01,107.4,76.47,296.76,310.98,108.3,76.34,296.81,311.62,1.0
2018-08-18 11:27:00,89.55784,36.97554,928.94,271.52,85.9,647.4,-9.21,-2.75,-54.69,107.07,76.6,296.76,311.08,107.6,76.24,296.63,311.58,1.0
2018-08-18 11:27:00,89.55784,36.9755,928.905,271.52,85.9,647.7,-6.57,-2.33,-54.48,107.13,76.33,296.67,311.55,106.78,76.17,296.49,311.45,1.0
2018-08-18 11:27:00,89.55784,36.97547,928.925,271.52,85.9,647.5,-9.08,-2.41,-54.36,107.4,76.47,296.55,310.94,105.93,76.13,296.42,311.41,1.0
2018-08-18 11:27:00,89.55784,36.97543,928.92,271.52,85.9,647.5,-12.71,-2.45,-54.98,106.74,76.54,296.74,311.19,105.15,76.11,296.4,311.35,1.0
2018-08-18 11:27:00,89.55784,36.97539,928.938,271.52,85.9,647.4,-14.36,-2.37,-56.1,106.54,76.47,296.02,310.81,104.51,76.12,296.4,311.29,1.0
2018-08-18 11:27:00,89.55784,36.97536,928.966,271.52,85.9,647.2,-14.9,-2.41,-57.05,106.81,76.47,295.34,311.1,104.11,76.15,296.4,311.24,1.0
2018-08-18 11:27:00,89.55784,36.97532,928.928,271.53,85.9,647.5,-16.42,-2.68,-56.99,106.61,76.33,295.39,311.1,103.97,76.19,296.39,311.19,1.0
2018-08-18 11:27:00,89.55784,36.97528,929.038,271.53,85.9,646.5,-16.06,-1.85,-55.76,106.61,76.4,295.79,310.99,104.12,76.24,296.42,311.15,1.0
2018-08-18 11:27:00,89.55784,36.97525,929.074,271.52,85.9,646.2,-13.98,-2.17,-55.41,106.41,76.26,296.7,311.0,104.53,76.31,296.46,311.16,1.0
2018-08-18 11:27:00,89.55783,36.97523,929.092,271.52,85.9,646.1,-12.08,-1.81,-55.34,105.63,76.4,296.75,311.1,105.15,76.37,296.47,311.18,1.0
2018-08-18 11:27:00,89.55783,36.97521,929.052,271.52,85.9,646.4,-11.25,-1.14,-55.18,106.15,76.4,296.43,310.95,105.89,76.44,296.55,311.21,1.0
2018-08-18 11:27:00,89.55783,36.97519,928.934,271.53,85.9,647.4,-11.47,-0.73,-54.84,106.54,76.47,296.03,310.9,106.68,76.5,296.67,311.24,1.0
2018-08-18 11:27:00,89.55783,36.97517,928.969,271.53,85.9,647.1,-11.71,-0.91,-54.67,106.54,76.4,296.56,311.0,107.4,76.55,296.75,311.27,1.0
2018-08-18 11:27:00,89.55783,36.97514,929.064,271.53,85.9,646.3,-9.85,-0.42,-53.84,107.0,76.4,296.84,311.19,107.99,76.59,296.8,311.28,1.0
2018-08-18 11:27:00,89.55783,36.97512,929.076,271.53,85.9,646.2,-9.33,-0.51,-54.02,105.24,76.47,296.65,311.1,108.38,76.62,296.77,311.28,1.0
2018-08-18 11:27:00,89.55783,36.9751,929.03,271.53,85.9,646.6,-9.28,-0.55,-54.28,107.33,76.4,296.84,311.1,108.54,76.64,296.71,311.27,1.0
2018-08-18 11:27:00,89.55783,36.97508,928.991,271.53,85.9,647.0,-9.32,-0.38,-54.28,106.74,76.6,296.56,311.1,108.45,76.65,296.66,311.28,1.0
2018-08-18 11:27:00,89.55783,36.97506,929.052,271.53,85.9,646.4,-9.41,-0.27,-54.21,106.68,76.4,296.93,311.38,108.14,76.66,296.6,311.34,1.0
2018-08-18 11:27:00,89.55783,36.97504,929.075,271.53,85.9,646.2,-9.85,-0.82,-54.95,107.53,76.4,296.84,310.81,107.67,76.67,296.58,311.3,1.0
2018-08-18 11:27:00,89.55783,36.97501,929.088,271.53,85.9,646.1,-9.88,-0.91,-55.75,106.35,76.4,296.74,311.09,107.1,76.68,296.58,311.27,1.0
2018-08-18 11:27:00,89.55783,36.97499,929.086,271.53,85.9,646.1,-9.94,-1.05,-56.14,106.94,76.47,296.84,310.9,106.5,76.7,296.6,311.24,1.0
2018-08-18 11:27:00,89.55783,36.97497,929.074,271.53,85.9,646.3,-10.8,-1.35,-56.19,106.74,76.6,296.42,311.53,105.94,76.72,296.62,311.21,1.0
2018-08-18 11:27:00,89.55782,36.97495,929.064,271.53,85.9,646.3,-12.0,-1.72,-56.2,107.4,76.4,295.97,312.0,105.48,76.74,296.66,311.18,1.0
2018-08-18 11:27:00,89.55782,36.97491,929.071,271.53,85.9,646.3,-7.89,-1.73,-56.4,106.48,76.26,296.71,311.21,105.15,76.76,296.7,311.16,1.0
2018-08-18 11:27:00,89.55782,36.97486,929.083,271.53,85.9,646.2,-6.15,-1.57,-56.81,106.41,76.47,296.92,311.1,104.99,76.77,296.73,311.14,1.0
2018-08-18 11:27:00,89.55782,36.97481,929.1,271.54,85.9,646.0,-2.9,-1.6,-56.88,105.56,76.6,296.74,311.19,104.98,76.77,296.76,311.16,1.0
2018-08-18 11:27:00,89.55782,36.97476,929.1,271.54,85.9,646.0,-1.96,-1.69,-56.6,106.94,76.54,296.74,311.0,105.11,76.74,296.78,311.2,1.0
2018-08-18 11:27:00,89.55782,36.97471,929.076,271.53,85.9,646.2,-3.84,-1.85,-56.32,105.43,76.67,296.65,311.29,105.35,76.7,296.83,311.18,1.0
2018-08-18 11:27:00,89.55782,36.97466,929.069,271.53,85.9,646.3,-3.78,-2.25,-56.66,107.26,76.47,296.65,311.1,105.64,76.63,296.91,311.08,1.0
2018-08-18 11:27:00,89.55782,36.97462,929.091,271.53,85.9,646.1,-3.99,-2.22,-56.06,107.2,76.54,296.82,311.0,105.95,76.56,296.91,311.05,1.0
2018-08-18 11:27:00,89.55782,36.97457,929.112,271.53,85.9,645.9,-3.59,-2.14,-55.61,106.48,76.47,296.64,311.61,106.24,76.47,296.91,311.03,1.0
2018-08-18 11:27:00,89.55782,36.97452,929.105,271.53,85.9,646.0,-3.85,-2.13,-55.18,106.68,76.47,296.92,311.58,106.47,76.38,296.89,311.01,1.0
2018-08-18 11:27:00,89.55781,36.97447,929.092,271.53,85.9,646.1,-4.78,-2.0,-54.72,105.56,76.6,296.84,311.58,106.62,76.3,296.84,311.02,1.0
2018-08-18 11:27:00,89.55781,36.97442,929.18,271.53,85.9,645.3,-5.54,-1.55,-54.27,106.68,76.4,296.85,311.08,106.68,76.23,296.7,311.07,1.0
2018-08-18 11:27:00,89.55781,36.97438,929.233,271.53,85.9,644.9,-7.26,-1.87,-53.96,105.56,76.54,296.36,310.99,106.66,76.19,296.54,311.07,1.0
2018-08-18 11:27:00,89.55781,36.97434,929.187,271.53,85.9,645.3,-8.77,-2.0,-54.01,106.61,76.47,296.64,311.1,106.58,76.17,296.38,311.07,1.0
2018-08-18 11:27:00,89.55781,36.97429,929.175,271.53,85.9,645.4,-9.15,-1.76,-52.93,106.68,76.6,296.83,311.18,106.45,76.18,296.32,311.04,1.0
2018-08-18 11:27:00,89.55781,36.97425,929.187,271.54,85.9,645.3,-8.49,-1.51,-51.99,107.2,76.26,296.18,311.28,106.31,76.21,296.29,310.99,1.0
2018-08-18 11:27:00,89.55781,36.9742,929.169,271.53,85.9,645.4,-7.54,-1.52,-52.11,106.41,76.4,295.51,311.44,106.19,76.26,296.23,310.99,1.0
2018-08-18 11:27:00,89.55781,36.97416,929.229,271.53,85.9,644.9,-8.97,-1.74,-51.94,106.94,76.47,295.2,311.0,106.12,76.33,296.24,311.05,1.0
2018-08-18 11:27:00,89.55781,36.97411,929.176,271.54,85.9,645.4,-7.81,-1.59,-51.61,106.87,76.54,295.26,310.79,106.13,76.4,296.26,311.08,1.0
2018-08-18 11:27:00,89.55781,36.97407,929.216,271.54,85.9,645.0,-6.62,-1.59,-51.32,105.1,76.47,296.37,310.99,106.24,76.48,296.28,311.13,1.0
2018-08-18 11:27:00,89.55781,36.97403,929.301,271.53,85.9,644.3,-5.57,-1.54,-51.27,106.28,76.47,296.44,310.99,106.46,76.56,296.3,311.18,1.0
2018-08-18 11:27:00,89.55781,36.97398,929.317,271.53,85.9,644.2,-5.47,-1.35,-51.36,106.54,76.6,296.16,311.35,106.79,76.63,296.35,311.2,1.0
2018-08-18 11:27:00,89.55781,36.97394,929.323,271.54,85.9,644.1,-8.04,-1.14,-51.27,106.74,76.19,296.93,311.36,107.21,76.7,296.47,311.2,1.0
2018-08-18 11:27:00,89.5578,36.97389,929.229,271.54,85.9,644.9,-8.35,-0.6,-51.47,106.35,76.47,296.84,311.04,107.68,76.75,296.61,311.25,1.0
2018-08-18 11:27:00,89.5578,36.97382,929.244,271.54,85.9,644.8,-7.85,-0.47,-51.88,106.22,76.47,296.84,310.81,108.16,76.8,296.73,311.3,1.0
2018-08-18 11:27:00,89.5578,36.97375,929.246,271.54,85.9,644.8,-5.8,-0.58,-52.07,105.82,76.47,296.83,310.81,108.6,76.83,296.75,311.34,1.0
2018-08-18 11:27:00,89.5578,36.97369,929.22,271.54,85.9,645.0,-4.53,-0.64,-52.03,107.72,76.54,296.74,311.1,108.94,76.84,296.73,311.37,1.0
2018-08-18 11:27:00,89.5578,36.97362,929.27,271.54,85.9,644.6,-6.05,-0.52,-51.78,106.41,76.54,296.74,311.0,109.15,76.84,296.74,311.38,1.0
2018-08-18 11:27:00,89.5578,36.97354,929.27,271.54,85.9,644.6,-6.8,-0.75,-50.82,106.94,76.6,296.73,311.1,109.19,76.82,296.68,311.36,1.0
2018-08-18 11:27:00,89.5578,36.97348,929.226,271.54,85.9,645.0,-5.76,-0.66,-50.71,106.81,76.54,296.82,311.0,109.03,76.78,296.63,311.34,1.0
2018-08-18 11:27:00,89.5578,36.9734,929.19,271.54,85.9,645.3,-3.38,-0.51,-50.69,106.81,76.54,296.64,311.29,108.68,76.72,296.59,311.32,1.0
2018-08-18 11:27:00,89.5578,36.97334,929.214,271.54,85.9,645.1,-1.25,-0.5,-50.68,106.54,76.6,297.01,311.1,108.17,76.65,296.56,311.3,1.0
2018-08-18 11:27:00,89.5578,36.97327,929.292,271.54,85.9,644.4,0.19,-0.59,-50.51,107.98,76.4,296.92,311.19,107.53,76.56,296.55,311.27,1.0
2018-08-18 11:27:00,89.5578,36.9732,929.215,271.54,85.9,645.1,2.47,-0.41,-49.75,106.87,76.6,296.82,311.29,106.83,76.48,296.55,311.24,1.0
2018-08-18 11:27:00,89.5578,36.97313,929.242,271.54,85.9,644.8,5.11,-0.38,-50.05,106.35,76.47,296.63,310.98,106.13,76.39,296.57,311.21,1.0
2018-08-18 11:27:00,89.5578,36.97306,929.283,271.54,85.9,644.5,8.49,-0.57,-49.82,107.72,76.47,296.54,311.0,105.5,76.33,296.6,311.19,1.0
2018-08-18 11:27:00,89.5578,36.973,929.314,271.54,85.9,644.2,10.46,-0.53,-49.84,107.07,76.6,296.82,311.0,105.0,76.28,296.58,311.24,1.0
2018-08-18 11:27:00,89.5578,36.97294,929.33,271.54,85.9,644.1,11.28,-0.15,-50.04,106.28,76.54,296.82,311.19,104.67,76.27,296.55,311.33,1.0
2018-08-18 11:27:00,89.5578,36.97287,929.324,271.54,85.9,644.1,12.06,0.42,-49.98,106.87,76.6,296.82,311.48,104.54,76.28,296.6,311.4,1.0
2018-08-18 11:27:00,89.55779,36.97281,929.283,271.54,85.9,644.5,10.22,0.35,-50.88,106.68,76.54,296.54,311.29,104.59,76.33,296.64,311.45,1.0
2018-08-18 11:27:00,89.55779,36.97275,929.299,271.54,85.9,644.3,9.35,0.37,-50.74,106.15,76.47,296.82,311.19,104.82,76.4,296.68,311.48,1.0
2018-08-18 11:27:00,89.55779,36.97269,929.317,271.54,85.9,644.2,10.11,0.4,-51.1,106.35,76.33,295.85,311.89,105.18,76.49,296.7,311.51,1.0
2018-08-18 11:27:00,89.55779,36.97262,929.333,271.54,85.9,644.0,10.86,0.58,-52.23,106.41,76.33,295.65,312.29,105.62,76.59,296.69,311.55,1.0
2018-08-18 11:27:00,89.55779,36.97256,929.364,271.54,85.9,643.8,9.92,0.88,-53.82,107.0,76.6,296.82,311.79,106.08,76.68,296.64,311.56,1.0
2018-08-18 11:27:00,89.55779,36.9725,929.337,271.54,85.9,644.0,8.14,0.69,-55.07,106.22,76.47,296.82,312.32,106.51,76.76,296.62,311.53,1.0
2018-08-18 11:27:00,89.55779,36.97244,929.296,271.55,85.9,644.4,8.4,0.49,-55.27,107.0,76.47,296.92,311.61,106.87,76.82,296.46,311.5,1.0
2018-08-18 11:27:00,89.55779,36.97237,929.314,271.54,85.9,644.2,8.4,0.56,-55.42,105.5,76.67,296.82,311.76,107.13,76.85,296.3,311.47,1.0
2018-08-18 11:27:00,89.55779,36.97231,929.356,271.54,85.9,643.9,8.98,0.58,-55.57,106.81,76.54,296.3,311.67,107.28,76.85,296.19,311.39,1.0
2018-08-18 11:27:00,89.55779,36.97226,929.383,271.55,85.9,643.6,9.73,0.6,-55.61,106.74,76.6,296.16,311.7,107.32,76.82,296.13,311.27,1.0
2018-08-18 11:27:00,89.55779,36.97222,929.46,271.55,85.9,643.0,8.61,1.1,-55.29,106.61,76.47,296.71,310.98,107.27,76.78,296.11,311.18,1.0
2018-08-18 11:27:00,89.55779,36.97217,929.422,271.55,85.9,643.3,5.3,0.67,-54.5,106.94,76.6,295.2,311.09,107.15,76.72,296.1,311.12,1.0
2018-08-18 11:27:00,89.55779,36.97212,929.399,271.55,85.9,643.5,3.84,0.43,-53.68,106.61,76.6,295.27,311.08,106.99,76.66,296.1,311.08,1.0
2018-08-18 11:27:00,89.55779,36.97207,929.405,271.55,85.9,643.4,2.96,0.41,-53.75,107.4,76.54,295.26,310.8,106.82,76.6,296.1,311.03,1.0
2018-08-18 11:27:00,89.55779,36.97203,929.437,271.55,85.9,643.2,3.16,0.4,-53.81,106.15,76.54,295.77,311.0,106.65,76.55,296.14,310.97,1.0
2018-08-18 11:27:00,89.55778,36.97198,929.472,271.55,85.9,642.9,5.6,0.23,-52.72,107.33,76.47,296.84,311.08,106.51,76.52,296.21,310.91,1.0
2018-08-18 11:27:00,89.55778,36.97193,929.408,271.55,85.9,643.4,10.84,0.45,-51.88,106.35,76.67,296.93,311.1,106.4,76.51,296.25,310.91,1.0
2018-08-18 11:27:00,89.55778,36.97189,929.406,271.56,85.9,643.4,10.89,-0.02,-50.93,105.04,76.47,296.93,311.0,106.32,76.51,296.32,310.98,1.0
2018-08-18 11:27:00,89.55778,36.97184,929.403,271.56,85.9,643.5,11.88,-0.43,-50.19,106.54,76.6,296.67,311.0,106.27,76.52,296.44,311.0,1.0
2018-08-18 11:27:00,89.55778,36.97179,929.415,271.56,85.9,643.4,12.62,-0.34,-49.27,107.53,76.6,296.66,311.19,106.24,76.52,296.57,310.98,1.0
2018-08-18 11:27:00,89.55778,36.97175,929.459,271.56,85.9,643.0,11.84,0.19,-48.19,106.61,76.47,296.82,310.99,106.23,76.52,296.64,310.98,1.0
2018-08-18 11:27:00,89.55778,36.9717,929.385,271.55,85.9,643.6,11.02,-0.07,-47.97,107.26,76.54,296.6,311.13,106.24,76.51,296.58,310.99,1.0
2018-08-18 11:27:00,89.55778,36.97165,929.477,271.55,85.9,642.8,8.57,0.52,-48.29,106.54,76.47,295.8,311.75,106.27,76.48,296.5,311.01,1.0
2018-08-18 11:27:00,89.55778,36.9716,929.513,271.55,85.9,642.5,6.26,0.16,-48.53,106.28,76.6,296.21,311.37,106.34,76.43,296.48,311.14,1.0
2018-08-18 11:27:00,89.55778,36.97154,929.493,271.55,85.9,642.7,4.66,-0.2,-49.12,106.54,76.6,296.63,311.18,106.43,76.36,296.51,311.3,1.0
2018-08-18 11:27:00,89.55778,36.97148,929.456,271.56,85.9,643.0,4.65,-0.26,-50.26,106.15,76.6,296.64,311.08,106.57,76.29,296.53,311.41,1.0
2018-08-18 11:27:00,89.55778,36.97143,929.441,271.56,85.9,643.1,6.74,-0.24,-51.85,106.61,76.54,296.82,311.29,106.74,76.21,296.46,311.46,1.0
2018-08-18 11:27:00,89.55778,36.97137,929.444,271.56,85.9,643.1,5.36,-0.42,-52.63,106.74,76.6,296.64,311.1,106.94,76.14,296.48,311.56,1.0
2018-08-18 11:27:00,89.55778,36.97131,929.43,271.55,85.8,643.2,4.81,-0.25,-53.41,106.61,76.4,297.56,312.26,107.16,76.09,296.54,311.5,1.0
2018-08-18 11:27:00,89.55777,36.97125,929.456,271.55,85.8,643.0,5.55,-0.62,-54.11,106.48,76.47,298.1,312.11,107.39,76.07,296.57,311.44,1.0
2018-08-18 11:27:00,89.55777,36.97119,929.538,271.55,85.9,642.3,7.75,-0.97,-54.62,106.61,76.47,297.8,311.37,107.6,76.07,296.58,311.4,1.0
2018-08-18 11:27:00,89.55777,36.97113,929.643,271.56,85.9,641.4,10.64,-0.63,-54.74,107.0,76.47,296.95,311.14,107.77,76.09,296.58,311.34,1.0
2018-08-18 11:27:00,89.55777,36.97107,929.564,271.56,85.9,642.1,11.11,-0.36,-54.06,105.37,76.4,297.33,311.96,107.88,76.14,296.5,311.26,1.0
2018-08-18 11:27:00,89.55777,36.97102,929.535,271.56,85.9,642.3,8.54,-0.5,-52.76,107.0,76.54,296.8,311.07,107.91,76.2,296.53,311.28,1.0
2018-08-18 11:27:00,89.55777,36.97097,929.587,271.56,85.9,641.9,5.57,-0.45,-51.56,107.4,76.47,296.64,310.8,107.86,76.28,296.49,311.12,1.0
2018-08-18 11:27:00,89.55777,36.97093,929.606,271.57,85.9,641.7,3.41,-0.5,-49.98,107.26,76.4,296.81,311.09,107.73,76.35,296.39,310.93,1.0
2018-08-18 11:27:00,89.55777,36.9709,929.522,271.56,85.8,642.5,2.88,-0.64,-48.36,107.53,76.6,296.36,311.3,107.53,76.41,296.29,310.84,1.0
2018-08-18 11:27:00,89.55777,36.97086,929.539,271.56,85.8,642.3,3.93,-0.36,-48.04,106.22,76.4,295.19,311.17,107.28,76.45,296.25,310.82,1.0
2018-08-18 11:27:00,89.55777,36.97082,929.497,271.56,85.8,642.7,1.44,-0.52,-46.7,106.22,76.19,296.3,311.93,107.0,76.46,296.14,310.76,1.0
2018-08-18 11:27:00,89.55777,36.97078,929.479,271.56,85.9,642.8,-0.71,-0.25,-45.06,106.68,76.4,296.61,311.21,106.71,76.46,296.08,310.79,1.0
2018-08-18 11:27:00,89.55776,36.97074,929.554,271.56,85.9,642.2,-2.93,0.2,-44.42,107.2,76.47,296.56,310.63,106.45,76.43,296.06,310.84,1.0
2018-08-18 11:27:00,89.55776,36.9707,929.682,271.56,85.9,641.1,-3.6,0.4,-44.67,106.81,76.67,296.53,311.29,106.22,76.38,296.06,310.86,1.0
2018-08-18 11:27:00,89.55776,36.97066,929.666,271.56,85.9,641.2,-1.0,0.12,-44.88,107.2,76.47,296.64,311.1,106.05,76.32,296.13,310.85,1.0
2018-08-18 11:27:00,89.55776,36.97062,929.553,271.56,85.9,642.2,1.03,0.33,-45.56,106.41,76.6,296.64,311.2,105.94,76.25,296.28,310.85,1.0
2018-08-18 11:27:00,89.55776,36.97058,929.599,271.56,85.9,641.8,-1.76,0.17,-46.61,106.81,76.47,296.73,311.1,105.88,76.19,296.37,310.78,1.0
2018-08-18 11:27:00,89.55776,36.97054,929.632,271.56,85.9,641.5,-6.13,-0.08,-47.43,106.81,76.47,296.71,310.56,105.87,76.15,296.45,310.78,1.0
2018-08-18 11:27:00,89.55776,36.97051,929.602,271.57,85.8,641.8,-10.61,-0.21,-48.03,105.76,76.26,296.72,310.09,105.91,76.13,296.51,310.79,1.0
2018-08-18 11:27:00,89.55776,36.97048,929.538,271.56,85.8,642.3,-13.87,-0.2,-48.4,107.66,76.26,296.76,309.75,105.99,76.13,296.57,310.78,1.0
2018-08-18 11:27:00,89.55776,36.97044,929.566,271.57,85.8,642.1,-15.34,-1.01,-48.45,106.35,76.4,296.52,310.18,106.1,76.16,296.65,310.74,1.0
2018-08-18 11:27:00,89.55776,36.97041,929.574,271.57,85.8,642.0,-16.37,-1.64,-48.99,107.07,76.26,296.86,310.72,106.23,76.22,296.64,310.61,1.0
2018-08-18 11:27:00,89.55776,36.97038,929.62,271.57,85.8,641.6,-12.05,-1.74,-47.92,106.35,76.4,296.76,311.11,106.4,76.31,296.69,310.48,1.0
2018-08-18 11:27:00,89.55776,36.97035,929.623,271.57,85.8,641.6,-3.92,-1.91,-46.09,106.22,76.6,296.47,311.01,106.59,76.41,296.77,310.38,1.0
2018-08-18 11:27:00,89.55776,36.97032,929.58,271.57,85.8,642.0,4.25,-2.11,-44.41,107.0,76.4,296.27,310.91,106.81,76.53,296.82,310.31,1.0
2018-08-18 11:27:00,89.55775,36.97028,929.664,271.57,85.8,641.2,7.82,-1.88,-43.51,106.61,76.54,296.54,310.98,107.07,76.64,296.86,310.31,1.0
2018-08-18 11:27:00,89.55775,36.97025,929.597,271.57,85.8,641.8,2.41,-2.52,-43.46,107.13,76.4,295.73,309.97,107.35,76.75,296.84,310.41,1.0
2018-08-18 11:27:00,89.55775,36.97022,929.625,271.57,85.8,641.6,2.76,-2.54,-43.15,105.24,76.33,296.51,309.57,107.66,76.83,296.79,310.47,1.0
2018-08-18 11:27:00,89.55775,36.97019,929.675,271.57,85.8,641.2,2.59,-2.4,-43.13,106.54,76.33,297.12,309.5,107.97,76.89,296.81,310.52,1.0
2018-08-18 11:27:00,89.55775,36.97015,929.69,271.57,85.8,641.0,0.4,-2.09,-43.46,107.72,76.4,297.17,309.45,108.27,76.91,296.91,310.57,1.0
2018-08-18 11:27:00,89.55775,36.97013,929.679,271.58,85.8,641.1,-0.91,-1.56,-43.49,106.68,76.4,297.07,310.0,108.53,76.89,297.01,310.64,1.0
2018-08-18 11:27:00,89.55775,36.97011,929.638,271.58,85.8,641.5,-0.82,-1.25,-42.63,107.13,76.54,296.54,311.2,108.74,76.85,297.07,310.72,1.0
2018-08-18 11:27:00,89.55775,36.97009,929.631,271.58,85.8,641.5,2.59,-1.36,-42.16,106.94,76.47,296.62,311.12,108.87,76.78,297.22,310.88,1.0
2018-08-18 11:27:00,89.55775,36.97006,929.636,271.58,85.8,641.5,4.75,-0.88,-41.93,106.54,76.6,297.28,310.77,108.92,76.69,297.29,311.01,1.0
2018-08-18 11:27:00,89.55774,36.97004,929.664,271.58,85.8,641.2,5.64,-0.75,-41.76,107.07,76.6,297.4,310.88,108.89,76.6,297.31,311.13,1.0
2018-08-18 11:27:00,89.55774,36.97002,929.708,271.58,85.8,640.9,5.51,-1.28,-41.72,107.0,76.54,297.16,310.82,108.79,76.52,297.29,311.26,1.0
2018-08-18 11:27:00,89.55774,36.97,929.672,271.58,85.8,641.2,4.6,-1.6,-42.26,107.53,76.54,296.62,311.01,108.64,76.46,297.26,311.34,1.0
2018-08-18 11:27:00,89.55774,36.96998,929.661,271.57,85.8,641.3,6.84,-1.1,-43.18,107.13,76.4,296.62,311.1,108.45,76.44,297.31,311.3,1.0
2018-08-18 11:27:00,89.55774,36.96995,929.662,271.58,85.8,641.3,8.51,-1.24,-43.99,107.2,76.47,296.81,311.01,108.25,76.44,297.28,311.25,1.0
2018-08-18 11:27:00,89.55774,36.96993,929.682,271.58,85.8,641.1,8.31,-1.29,-44.73,106.22,76.47,296.44,311.01,108.05,76.47,297.17,311.21,1.0
2018-08-18 11:27:00,89.55774,36.96991,929.708,271.58,85.8,640.9,7.15,-1.31,-45.2,107.26,76.54,296.54,311.1,107.86,76.53,297.01,311.18,1.0
2018-08-18 11:27:00,89.55774,36.96989,929.697,271.58,85.8,641.0,7.3,-1.76,-45.03,107.92,76.4,296.62,311.01,107.69,76.6,296.86,311.15,1.0
2018-08-18 11:27:00,89.55774,36.96986,929.754,271.58,85.8,640.5,10.86,-2.02,-44.43,107.4,76.19,297.33,311.01,107.52,76.66,296.76,311.12,1.0
2018-08-18 11:27:00,89.55774,36.96984,929.677,271.58,85.8,641.1,13.23,-1.63,-43.87,107.2,76.67,296.98,311.1,107.34,76.72,296.67,311.12,1.0
2018-08-18 11:27:00,89.55773,36.96981,929.695,271.58,85.8,641.0,13.37,-1.78,-44.09,107.33,76.47,296.62,311.2,107.14,76.75,296.62,311.13,1.0
2018-08-18 11:27:00,89.55773,36.96979,929.745,271.58,85.8,640.6,11.46,-1.85,-44.33,107.53,76.6,296.71,311.1,106.89,76.76,296.6,311.16,1.0
2018-08-18 11:27:00,89.55773,36.96976,929.69,271.58,85.8,641.0,8.64,-1.59,-44.07,107.26,76.54,296.9,311.1,106.61,76.73,296.62,311.2,1.0
2018-08-18 11:27:00,89.55773,36.96974,929.739,271.58,85.8,640.6,7.6,-2.48,-44.09,106.68,76.6,296.73,311.01,106.29,76.68,296.65,311.23,1.0
2018-08-18 11:27:00,89.55773,36.96971,929.727,271.58,85.8,640.7,5.75,-2.48,-43.32,106.68,76.6,296.62,311.1,105.95,76.61,296.6,311.17,1.0
2018-08-18 11:27:00,89.55773,36.96969,929.701,271.58,85.8,640.9,2.99,-2.07,-42.61,107.26,76.4,296.72,311.1,105.62,76.54,296.59,311.16,1.0
2018-08-18 11:27:00,89.55773,36.96966,929.757,271.58,85.8,640.5,0.62,-2.14,-42.61,106.94,76.54,296.9,311.2,105.35,76.47,296.58,311.16,1.0
2018-08-18 11:27:00,89.55773,36.96964,929.88,271.58,85.8,639.4,-0.5,-2.48,-43.14,107.26,76.74,296.71,311.01,105.17,76.42,296.57,311.15,1.0
2018-08-18 11:27:00,89.55773,36.96961,929.776,271.58,85.8,640.3,-0.25,-1.87,-43.28,107.26,76.47,296.67,311.02,105.12,76.4,296.57,311.12,1.0
2018-08-18 11:27:00,89.55773,36.96959,929.82,271.58,85.8,639.9,1.25,-2.12,-43.32,106.81,76.4,296.0,310.1,105.23,76.4,296.54,311.09,1.0
2018-08-18 11:27:00,89.55772,36.96957,929.801,271.59,85.8,640.1,2.15,-2.0,-43.54,107.0,76.33,295.63,310.38,105.49,76.42,296.48,311.05,1.0
2018-08-18 11:27:00,89.55772,36.96954,929.782,271.59,85.8,640.3,1.6,-1.97,-44.18,107.33,76.47,295.88,311.1,105.91,76.47,296.41,311.01,1.0
2018-08-18 11:27:00,89.55772,36.96951,929.783,271.59,85.8,640.2,0.36,-2.25,-45.13,107.33,76.6,296.05,311.2,106.45,76.54,296.34,310.93,1.0
2018-08-18 11:27:00,89.55772,36.96946,929.772,271.59,85.8,640.3,-0.72,-2.73,-46.11,106.22,76.47,296.55,311.01,107.04,76.61,296.27,310.79,1.0
2018-08-18 11:27:00,89.55772,36.96942,929.793,271.58,85.8,640.2,-3.5,-2.37,-46.79,106.02,76.67,296.62,311.2,107.64,76.68,296.24,310.69,1.0
2018-08-18 11:27:00,89.55772,36.96937,929.869,271.59,85.8,639.5,-8.85,-2.88,-47.61,105.76,76.47,296.62,311.2,108.19,76.75,296.29,310.7,1.0
2018-08-18 11:27:00,89.55772,36.96932,929.861,271.59,85.8,639.6,-8.86,-3.23,-47.28,106.74,76.6,296.81,311.0,108.62,76.82,296.38,310.72,1.0
2018-08-18 11:27:00,89.55772,36.96928,929.848,271.58,85.8,639.7,-4.85,-3.1,-46.76,106.81,76.4,296.63,310.78,108.89,76.87,296.51,310.73,1.0
2018-08-18 11:27:00,89.55772,36.96923,929.907,271.59,85.8,639.2,-0.08,-2.67,-46.68,108.18,76.54,296.72,309.58,109.0,76.91,296.63,310.73,1.0
2018-08-18 11:27:00,89.55772,36.96918,929.858,271.59,85.8,639.6,1.89,-2.8,-46.49,107.4,76.6,296.54,309.66,108.92,76.95,296.69,310.72,1.0
2018-08-18 11:27:00,89.55771,36.96914,929.9,271.59,85.8,639.2,-0.21,-2.72,-46.8,107.33,76.6,296.89,310.04,108.7,76.97,296.73,310.68,1.0
2018-08-18 11:27:00,89.55771,36.96909,929.864,271.59,85.8,639.6,1.39,-2.67,-46.03,107.85,76.54,296.85,310.76,108.38,76.99,296.75,310.62,1.0
2018-08-18 11:27:00,89.55771,36.96904,929.875,271.59,85.8,639.5,3.65,-2.76,-45.02,107.26,76.6,296.74,311.49,107.99,76.99,296.74,310.55,1.0
2018-08-18 11:27:00,89.55771,36.969,929.976,271.59,85.8,638.6,5.07,-2.85,-44.43,107.26,76.6,296.72,310.72,107.6,76.99,296.71,310.53,1.0
2018-08-18 11:27:00,89.55771,36.96895,929.995,271.59,85.8,638.4,5.86,-2.68,-44.47,106.87,76.47,296.62,311.2,107.26,76.96,296.66,310.6,1.0
2018-08-18 11:27:00,89.55771,36.9689,929.937,271.59,85.8,638.9,5.36,-2.36,-44.62,107.2,76.67,296.71,311.09,107.0,76.93,296.61,310.68,1.0
2018-08-18 11:27:00,89.55771,36.96886,929.974,271.6,85.8,638.6,3.98,-2.26,-45.59,106.02,76.74,296.8,311.2,106.85,76.87,296.55,310.75,1.0
2018-08-18 11:27:00,89.55771,36.96881,929.968,271.6,85.8,638.7,2.77,-2.21,-46.4,107.53,76.6,296.51,311.2,106.8,76.8,296.52,310.79,1.0
2018-08-18 11:27:00,89.55771,36.96876,929.936,271.59,85.8,638.9,1.84,-2.16,-46.99,107.4,76.6,296.52,311.1,106.84,76.72,296.49,310.82,1.0
2018-08-18 11:27:00,89.55771,36.96871,929.961,271.58,85.8,638.7,0.92,-2.13,-47.62,107.2,76.6,296.81,310.99,106.94,76.64,296.47,310.88,1.0
2018-08-18 11:27:00,89.5577,36.96867,930.002,271.59,85.8,638.4,-0.6,-2.32,-48.83,106.54,76.74,296.62,311.1,107.07,76.56,296.42,311.0,1.0
2018-08-18 11:27:00,89.5577,36.96862,929.972,271.59,85.8,638.6,1.64,-2.57,-52.6,107.59,76.67,296.81,311.09,107.18,76.5,296.43,311.01,1.0
2018-08-18 11:27:00,89.5577,36.96857,929.925,271.59,85.8,639.0,3.28,-2.61,-54.14,107.59,76.74,296.81,310.99,107.25,76.46,296.47,311.03,1.0
2018-08-18 11:27:00,89.5577,36.96852,929.926,271.59,85.8,639.0,3.78,-2.68,-54.92,107.66,76.54,296.53,311.09,107.26,76.44,296.52,311.05,1.0
2018-08-18 11:27:00,89.5577,36.96848,929.988,271.59,85.8,638.5,3.02,-2.81,-55.27,106.81,76.6,296.38,311.17,107.19,76.45,296.55,311.04,1.0
2018-08-18 11:27:00,89.5577,36.96843,929.919,271.59,85.8,639.1,1.38,-2.65,-53.91,106.54,76.4,295.54,311.7,107.06,76.48,296.55,311.02,1.0
2018-08-18 11:27:00,89.5577,36.96837,929.947,271.59,85.8,638.8,-1.95,-2.78,-52.76,107.33,76.4,295.62,310.21,106.88,76.52,296.52,310.99,1.0
2018-08-18 11:27:00,89.5577,36.96831,930.022,271.59,85.8,638.2,-5.75,-2.51,-51.83,107.72,76.81,296.35,310.61,106.7,76.58,296.48,310.97,1.0
2018-08-18 11:27:00,89.5577,36.96825,930.041,271.59,85.8,638.1,-6.14,-2.4,-51.47,107.13,76.67,296.52,311.1,106.53,76.64,296.37,310.96,1.0
2018-08-18 11:27:00,89.5577,36.96818,930.018,271.6,85.8,638.2,-3.75,-2.45,-51.41,107.0,76.67,296.61,311.1,106.43,76.69,296.23,310.97,1.0
2018-08-18 11:27:00,89.5577,36.96812,930.071,271.6,85.8,637.8,-1.4,-2.37,-51.12,106.81,76.54,296.52,311.01,106.41,76.74,296.15,310.99,1.0
2018-08-18 11:27:00,89.5577,36.96806,930.03,271.6,85.8,638.1,-0.78,-2.18,-50.22,106.74,76.54,296.81,311.01,106.48,76.77,296.18,310.98,1.0
2018-08-18 11:27:00,89.5577,36.968,930.021,271.6,85.8,638.2,-0.79,-2.23,-50.83,107.2,76.67,296.53,311.0,106.65,76.8,296.15,311.09,1.0
2018-08-18 11:27:00,89.55769,36.96794,930.033,271.6,85.8,638.1,-0.35,-2.09,-52.01,106.28,76.67,296.08,310.99,106.91,76.81,296.17,311.19,1.0
2018-08-18 11:27:00,89.55769,36.96788,930.048,271.6,85.8,638.0,0.96,-2.03,-53.34,107.59,76.67,295.73,311.28,107.21,76.82,296.25,311.25,1.0
2018-08-18 11:27:00,89.55769,36.96782,930.05,271.6,85.8,638.0,2.79,-2.19,-54.39,107.72,76.6,296.03,311.2,107.51,76.82,296.34,311.3,1.0
2018-08-18 11:27:00,89.55769,36.96776,930.076,271.6,85.8,637.8,2.78,-2.14,-54.25,107.0,76.67,296.06,311.09,107.78,76.82,296.43,311.3,1.0
2018-08-18 11:27:00,89.55769,36.9677,930.056,271.6,85.8,637.9,3.1,-1.64,-54.3,107.59,76.47,295.32,311.0,107.97,76.82,296.49,311.15,1.0
2018-08-18 11:27:00,89.55769,36.96764,930.026,271.6,85.8,638.2,1.94,-1.64,-53.63,106.81,76.67,295.95,310.7,108.05,76.81,296.52,310.98,1.0
2018-08-18 11:27:00,89.55769,36.96759,930.042,271.6,85.8,638.0,-0.61,-1.63,-53.16,106.81,76.67,296.52,311.29,108.01,76.8,296.59,310.87,1.0
2018-08-18 11:27:00,89.55769,36.96753,930.105,271.6,85.8,637.5,-3.03,-1.62,-53.08,107.13,76.6,296.62,311.01,107.86,76.78,296.65,310.79,1.0
2018-08-18 11:27:00,89.55769,36.96747,930.128,271.6,85.8,637.3,-4.42,-2.18,-52.64,106.54,76.81,296.81,310.95,107.62,76.74,296.68,310.68,1.0
2018-08-18 11:27:00,89.55768,36.96742,930.054,271.6,85.8,637.9,-6.93,-2.03,-51.74,106.54,76.67,296.61,309.67,107.33,76.71,296.69,310.63,1.0
2018-08-18 11:27:00,89.55768,36.96736,930.035,271.6,85.8,638.1,-4.29,-1.82,-51.39,107.98,76.67,296.61,309.87,107.05,76.66,296.76,310.61,1.0
2018-08-18 11:27:00,89.55768,36.9673,930.061,271.6,85.8,637.9,-0.5,-1.95,-50.62,108.31,76.47,296.61,310.58,106.84,76.62,296.76,310.62,1.0
2018-08-18 11:27:00,89.55768,36.96725,930.118,271.6,85.8,637.4,2.87,-1.96,-49.67,107.13,76.81,296.81,310.97,106.73,76.59,296.72,310.66,1.0
2018-08-18 11:27:00,89.55768,36.96719,930.181,271.6,85.8,636.9,5.39,-1.57,-48.9,107.59,76.67,296.94,310.64,106.76,76.57,296.67,310.67,1.0
2018-08-18 11:27:00,89.55768,36.96713,930.044,271.6,85.8,638.0,7.11,-1.81,-48.11,106.41,76.67,296.91,310.7,106.92,76.57,296.52,310.63,1.0
2018-08-18 11:27:00,89.55768,36.96708,930.069,271.6,85.8,637.8,6.46,-1.74,-47.78,107.26,76.67,296.64,311.06,107.2,76.59,296.51,310.77,1.0
2018-08-18 11:27:00,89.55768,36.96703,930.134,271.61,85.8,637.3,7.52,-1.42,-47.7,107.13,76.54,296.65,311.09,107.55,76.63,296.53,310.9,1.0
2018-08-18 11:27:00,89.55768,36.96699,930.134,271.61,85.8,637.3,7.52,-1.12,-48.27,107.13,76.67,296.79,311.0,107.92,76.69,296.55,310.93,1.0
2018-08-18 11:27:00,89.55768,36.96696,930.069,271.61,85.8,637.8,4.67,-0.82,-49.62,106.54,76.6,296.19,310.71,108.22,76.76,296.56,310.91,1.0
2018-08-18 11:27:00,89.55768,36.96692,930.155,271.6,85.8,637.1,0.0,-0.2,-51.24,107.13,76.54,295.12,309.89,108.41,76.83,296.55,310.9,1.0
2018-08-18 11:27:00,89.55768,36.96688,930.227,271.61,85.8,636.5,-2.73,-0.01,-52.61,106.41,76.67,296.41,310.75,108.43,76.89,296.53,310.85,1.0
2018-08-18 11:27:00,89.55767,36.96684,930.209,271.61,85.8,636.6,-4.15,-0.04,-53.43,107.33,76.81,296.7,311.0,108.27,76.95,296.51,310.8,1.0
2018-08-18 11:27:00,89.55767,36.96681,930.175,271.61,85.8,636.9,-6.61,0.06,-54.47,108.12,76.6,296.79,311.19,107.93,76.99,296.49,310.77,1.0
2018-08-18 11:27:00,89.55767,36.96677,930.156,271.61,85.8,637.1,-8.15,-0.11,-55.59,107.79,76.67,296.61,310.99,107.46,77.02,296.48,310.77,1.0
2018-08-18 11:27:00,89.55767,36.96673,930.124,271.61,85.8,637.4,-5.75,-1.03,-56.22,107.79,76.67,296.79,310.99,106.92,77.05,296.51,310.82,1.0
2018-08-18 11:27:00,89.55767,36.9667,930.198,271.61,85.8,636.7,-3.01,-0.93,-55.81,107.98,76.88,296.69,311.09,106.38,77.06,296.65,310.97,1.0
2018-08-18 11:27:00,89.55767,36.96666,930.22,271.61,85.8,636.5,-3.97,-1.59,-56.21,107.46,76.6,296.51,311.28,105.92,77.08,296.67,311.06,1.0
2018-08-18 11:27:00,89.55767,36.96662,930.212,271.61,85.8,636.6,-2.2,-1.69,-55.55,107.0,76.67,296.7,310.99,105.61,77.09,296.67,311.13,1.0
2018-08-18 11:27:00,89.55767,36.96658,930.222,271.61,85.8,636.5,0.52,-1.42,-54.35,106.54,76.81,296.61,311.18,105.47,77.11,296.61,311.19,1.0
2018-08-18 11:27:00,89.55767,36.96655,930.281,271.61,85.8,636.0,1.84,-1.29,-53.38,106.09,76.67,296.61,311.18,105.51,77.11,296.5,311.23,1.0
2018-08-18 11:27:00,89.55767,36.96651,930.244,271.61,85.8,636.3,2.54,-1.67,-52.64,107.98,76.88,296.61,311.09,105.71,77.11,296.37,311.24,1.0
2018-08-18 11:27:00,89.55767,36.96647,930.238,271.61,85.8,636.4,3.47,-1.28,-51.97,106.48,76.54,296.79,310.79,106.01,77.08,296.25,311.21,1.0
2018-08-18 11:27:00,89.55767,36.96636,930.288,271.61,85.8,636.0,6.9,-1.02,-51.14,106.94,76.88,296.8,310.89,106.34,77.02,296.18,311.15,1.0
2018-08-18 11:27:00,89.55766,36.96626,930.286,271.61,85.8,636.0,10.37,-0.85,-50.53,107.2,76.81,296.0,311.18,106.63,76.94,296.13,311.08,1.0
2018-08-18 11:27:00,89.55766,36.96615,930.19,271.61,85.8,636.8,11.28,-0.64,-50.22,106.48,76.67,295.61,311.18,106.81,76.82,296.08,311.0,1.0
2018-08-18 11:27:00,89.55766,36.96604,930.187,271.61,85.8,636.8,8.86,-0.37,-49.92,107.0,76.88,295.59,311.18,106.85,76.68,296.05,310.93,1.0
2018-08-18 11:27:00,89.55766,36.96594,930.201,271.62,85.8,636.7,6.97,-0.21,-50.43,107.66,76.74,295.86,310.99,106.73,76.53,296.03,310.87,1.0
2018-08-18 11:27:00,89.55766,36.96583,930.223,271.62,85.8,636.5,3.65,0.2,-51.37,107.2,76.88,296.56,310.99,106.49,76.38,296.03,310.83,1.0
2018-08-18 11:27:00,89.55766,36.96572,930.22,271.62,85.8,636.5,0.29,0.11,-52.21,107.33,76.74,296.61,311.09,106.15,76.25,296.05,310.82,1.0
2018-08-18 11:27:00,89.55766,36.96562,930.192,271.61,85.8,636.8,-1.65,-0.31,-52.93,107.0,76.81,296.52,311.18,105.8,76.16,296.13,310.82,1.0
2018-08-18 11:28:00,89.55766,36.96551,930.171,271.62,85.8,637.0,-1.72,-0.53,-53.69,106.74,76.67,296.81,311.18,105.5,76.11,296.28,310.83,1.0
2018-08-18 11:28:00,89.55766,36.96542,930.181,271.62,85.8,636.9,-3.13,-0.47,-54.04,107.53,76.67,296.81,310.99,105.3,76.11,296.44,310.84,1.0
2018-08-18 11:28:00,89.55766,36.96535,930.282,271.61,85.8,636.0,-2.41,-0.73,-54.72,106.41,76.67,296.52,311.09,105.26,76.16,296.54,310.7,1.0
2018-08-18 11:28:00,89.55766,36.96528,930.291,271.61,85.8,635.9,-1.04,-0.66,-54.95,107.53,76.81,296.61,311.08,105.39,76.25,296.54,310.63,1.0
2018-08-18 11:28:00,89.55765,36.96521,930.263,271.61,85.8,636.2,0.86,-0.71,-54.61,105.89,76.6,296.96,311.28,105.66,76.37,296.51,310.59,1.0
2018-08-18 11:28:00,89.55765,36.96514,930.298,271.61,85.8,635.9,3.03,-0.97,-54.15,105.37,76.47,296.75,310.9,106.03,76.49,296.46,310.54,1.0
2018-08-18 11:28:00,89.55765,36.96508,930.322,271.61,85.8,635.7,3.97,-0.58,-54.66,106.28,76.26,296.83,310.73,106.46,76.6,296.39,310.5,1.0
2018-08-18 11:28:00,89.55765,36.96501,930.3,271.61,85.8,635.9,6.94,-0.42,-55.1,107.13,76.6,296.42,309.32,106.88,76.68,296.27,310.57,1.0
2018-08-18 11:28:00,89.55765,36.96494,930.349,271.62,85.8,635.4,6.86,-0.76,-54.84,107.26,76.88,296.33,310.2,107.24,76.73,296.21,310.57,1.0
2018-08-18 11:28:00,89.55765,36.96487,930.41,271.62,85.8,634.9,3.73,-0.77,-54.58,107.0,76.88,296.7,311.08,107.5,76.75,296.11,310.64,1.0
2018-08-18 11:28:00,89.55765,36.9648,930.406,271.62,85.8,635.0,-0.52,-0.55,-54.07,107.33,76.67,296.6,311.18,107.66,76.73,296.02,310.78,1.0
2018-08-18 11:28:00,89.55765,36.96473,930.306,271.62,85.8,635.8,-3.28,-0.74,-52.56,107.66,76.81,296.62,311.11,107.71,76.69,295.98,310.93,1.0
2018-08-18 11:28:00,89.55765,36.96467,930.367,271.62,85.8,635.3,-0.89,-0.3,-51.79,106.28,76.81,295.79,312.41,107.69,76.65,295.93,311.11,1.0
2018-08-18 11:28:00,89.55765,36.9646,930.417,271.62,85.8,634.9,3.92,-0.69,-50.84,106.74,76.67,296.39,311.58,107.64,76.63,295.99,311.36,1.0
2018-08-18 11:28:00,89.55765,36.96456,930.387,271.62,85.8,635.1,8.56,-1.04,-49.98,106.35,76.54,295.98,311.44,107.58,76.63,296.08,311.53,1.0
2018-08-18 11:28:00,89.55764,36.96451,930.322,271.62,85.8,635.7,10.68,-1.08,-49.21,106.68,76.4,295.17,312.05,107.56,76.68,296.15,311.64,1.0
2018-08-18 11:28:00,89.55764,36.96447,930.327,271.62,85.8,635.6,10.41,-1.0,-48.68,106.81,76.67,295.87,311.89,107.58,76.76,296.2,311.7,1.0
2018-08-18 11:28:00,89.55764,36.96442,930.32,271.62,85.8,635.7,12.31,-1.5,-49.14,107.0,76.54,295.65,311.88,107.63,76.88,296.22,311.69,1.0
2018-08-18 11:28:00,89.55764,36.96438,930.321,271.62,85.8,635.7,11.39,-1.16,-49.78,107.2,76.6,296.2,310.88,107.69,77.01,296.27,311.54,1.0
2018-08-18 11:28:00,89.55764,36.96434,930.352,271.62,85.8,635.4,8.34,-1.45,-50.09,106.74,76.81,296.6,311.33,107.74,77.15,296.25,311.44,1.0
2018-08-18 11:28:00,89.55764,36.9643,930.371,271.62,85.8,635.3,6.95,-1.68,-50.06,107.0,76.81,296.51,311.43,107.75,77.28,296.23,311.33,1.0
2018-08-18 11:28:00,89.55764,36.96425,930.361,271.62,85.8,635.3,8.3,-1.55,-50.1,107.4,76.67,296.51,311.23,107.7,77.38,296.19,311.17,1.0
2018-08-18 11:28:00,89.55764,36.96421,930.359,271.62,85.8,635.4,10.61,-1.27,-50.77,107.46,76.67,296.68,310.98,107.58,77.43,296.1,311.01,1.0
2018-08-18 11:28:00,89.55764,36.96417,930.434,271.62,85.8,634.7,9.72,-1.94,-50.85,106.74,76.88,296.5,310.98,107.42,77.43,296.04,310.88,1.0
2018-08-18 11:28:00,89.55764,36.96412,930.465,271.63,85.8,634.5,11.56,-1.51,-50.99,106.54,76.81,296.6,310.88,107.24,77.39,295.97,310.86,1.0
2018-08-18 11:28:00,89.55764,36.96408,930.482,271.63,85.8,634.3,13.05,-1.45,-51.41,107.26,76.81,296.06,311.26,107.09,77.31,295.99,310.88,1.0
2018-08-18 11:28:00,89.55763,36.96402,930.503,271.63,85.8,634.1,14.44,-1.48,-51.48,107.59,76.74,295.65,311.41,107.01,77.19,296.05,310.96,1.0
2018-08-18 11:28:00,89.55763,36.96397,930.52,271.63,85.8,634.0,16.51,-0.99,-50.61,107.07,76.88,295.38,311.06,107.03,77.07,296.11,311.13,1.0
2018-08-18 11:28:00,89.55763,36.96392,930.462,271.63,85.8,634.5,16.95,-0.93,-49.78,107.07,76.74,295.52,310.89,107.18,76.94,296.22,311.24,1.0
2018-08-18 11:28:00,89.55763,36.96386,930.454,271.63,85.8,634.6,15.61,-1.29,-49.39,106.94,76.88,295.66,311.08,107.44,76.84,296.32,311.33,1.0
2018-08-18 11:28:00,89.55763,36.96381,930.474,271.63,85.8,634.4,12.5,-0.82,-49.07,106.81,76.81,296.17,311.18,107.78,76.76,296.4,311.39,1.0
2018-08-18 11:28:00,89.55763,36.96375,930.505,271.62,85.7,634.1,10.92,-0.57,-48.59,106.02,76.74,296.28,311.56,108.15,76.71,296.48,311.4,1.0
2018-08-18 11:28:00,89.55763,36.9637,930.536,271.63,85.8,633.9,11.48,-0.9,-48.1,106.68,76.81,295.98,311.86,108.48,76.69,296.52,311.36,1.0
2018-08-18 11:28:00,89.55763,36.96365,930.557,271.63,85.7,633.7,9.64,-0.65,-48.38,107.72,76.74,296.49,310.79,108.72,76.71,296.46,311.31,1.0
2018-08-18 11:28:00,89.55763,36.96359,930.492,271.62,85.7,634.2,10.4,-0.46,-48.82,107.72,76.88,296.49,310.79,108.8,76.74,296.48,311.23,1.0
2018-08-18 11:28:00,89.55763,36.96354,930.475,271.63,85.7,634.4,9.62,-0.58,-48.79,107.4,76.81,296.59,310.98,108.72,76.79,296.48,311.14,1.0
2018-08-18 11:28:00,89.55763,36.96348,930.467,271.63,85.7,634.4,8.46,-0.42,-48.65,107.79,76.81,296.6,310.79,108.47,76.85,296.42,311.04,1.0
2018-08-18 11:28:00,89.55762,36.96343,930.459,271.63,85.8,634.5,8.37,-0.19,-48.75,107.79,76.81,295.83,310.98,108.09,76.9,296.36,310.91,1.0
2018-08-18 11:28:00,89.55762,36.9634,930.519,271.63,85.7,634.0,10.51,-0.58,-49.31,106.81,76.67,295.07,310.78,107.66,76.94,296.35,310.75,1.0
2018-08-18 11:28:00,89.55762,36.96338,930.544,271.63,85.7,633.8,13.19,-0.88,-50.36,107.13,76.81,296.51,310.89,107.24,76.98,296.33,310.73,1.0
2018-08-18 11:28:00,89.55762,36.96336,930.541,271.63,85.7,633.8,16.33,-0.74,-49.93,107.59,76.81,296.69,310.98,106.92,76.99,296.34,310.73,1.0
2018-08-18 11:28:00,89.55762,36.96334,930.54,271.63,85.7,633.8,17.46,-0.82,-49.44,106.28,76.81,296.69,311.18,106.74,77.0,296.39,310.77,1.0
2018-08-18 11:28:00,89.55762,36.96332,930.542,271.63,85.7,633.8,18.35,-1.06,-49.21,107.59,76.81,296.6,310.8,106.76,76.99,296.45,310.82,1.0
2018-08-18 11:28:00,89.55762,36.9633,930.542,271.63,85.7,633.8,19.89,-1.12,-49.28,108.18,76.81,296.78,310.98,106.97,76.97,296.57,310.88,1.0
2018-08-18 11:28:00,89.55762,36.96329,930.561,271.63,85.7,633.6,17.91,-0.3,-49.71,106.68,76.88,296.58,310.98,107.34,76.94,296.76,310.94,1.0
2018-08-18 11:28:00,89.55762,36.96327,930.611,271.63,85.7,633.2,16.02,-0.56,-50.77,107.2,76.88,296.78,310.98,107.8,76.9,296.83,311.02,1.0
2018-08-18 11:28:00,89.55762,36.96325,930.576,271.63,85.7,633.5,14.56,-0.21,-51.11,107.0,76.88,296.78,310.98,108.27,76.85,296.83,311.11,1.0
2018-08-18 11:28:00,89.55762,36.96323,930.561,271.63,85.7,633.7,13.17,-0.11,-51.04,107.72,76.81,296.77,311.08,108.67,76.79,296.79,311.17,1.0
2018-08-18 11:28:00,89.55762,36.96321,930.627,271.63,85.7,633.1,12.91,-0.52,-50.78,106.35,76.95,296.49,310.98,108.92,76.71,296.72,311.19,1.0
2018-08-18 11:28:00,89.55762,36.9632,930.587,271.63,85.7,633.4,17.14,-0.89,-50.26,107.46,76.67,296.42,311.12,108.97,76.64,296.65,311.19,1.0
2018-08-18 11:28:00,89.55762,36.96318,930.62,271.64,85.7,633.2,23.29,-0.69,-49.3,107.79,76.81,296.54,311.27,108.8,76.56,296.57,311.16,1.0
2018-08-18 11:28:00,89.55762,36.96316,930.611,271.64,85.7,633.2,22.72,-1.25,-48.91,107.98,76.81,296.41,311.68,108.42,76.48,296.49,311.14,1.0
2018-08-18 11:28:00,89.55762,36.96314,930.606,271.64,85.7,633.3,19.63,-1.55,-48.79,107.72,76.88,296.37,311.25,107.89,76.43,296.38,311.14,1.0
2018-08-18 11:28:00,89.55761,36.96314,930.619,271.63,85.7,633.2,17.06,-1.49,-48.94,107.2,76.67,296.42,311.25,107.27,76.39,296.26,311.17,1.0
2018-08-18 11:28:00,89.55761,36.96314,930.622,271.63,85.7,633.1,16.97,-1.36,-49.32,108.12,76.81,296.59,311.27,106.64,76.38,296.18,311.2,1.0
2018-08-18 11:28:00,89.55761,36.96313,930.606,271.63,85.7,633.3,18.81,-1.51,-49.28,107.33,76.81,296.79,310.99,106.07,76.41,296.16,311.27,1.0
2018-08-18 11:28:00,89.55761,36.96313,930.641,271.64,85.7,633.0,19.3,-1.64,-49.12,107.33,76.81,296.59,310.98,105.65,76.47,296.11,311.26,1.0
2018-08-18 11:28:00,89.55761,36.96313,930.653,271.64,85.7,632.9,17.97,-1.71,-49.02,107.92,76.81,296.29,311.13,105.39,76.57,296.1,311.23,1.0
2018-08-18 11:28:00,89.55761,36.96312,930.643,271.63,85.7,633.0,18.61,-1.95,-49.06,106.68,76.47,295.75,311.27,105.32,76.69,296.12,311.21,1.0
2018-08-18 11:28:00,89.5576,36.96312,930.639,271.64,85.7,633.0,22.73,-2.35,-49.17,106.81,76.88,295.46,310.97,105.42,76.84,296.15,311.19,1.0
2018-08-18 11:28:00,89.5576,36.96312,930.678,271.64,85.7,632.7,25.2,-2.15,-49.02,107.53,76.81,296.22,311.61,105.66,76.99,296.19,311.17,1.0
2018-08-18 11:28:00,89.5576,36.96311,930.764,271.64,85.7,631.9,25.91,-2.43,-48.79,106.81,76.67,295.8,310.83,105.98,77.13,296.2,311.17,1.0
2018-08-18 11:28:00,89.5576,36.96309,930.725,271.64,85.7,632.3,24.46,-2.44,-48.46,107.13,76.6,295.8,310.81,106.34,77.25,296.21,311.17,1.0
2018-08-18 11:28:00,89.5576,36.96306,930.689,271.64,85.7,632.6,23.25,-2.49,-47.95,106.94,76.81,296.03,310.79,106.7,77.33,296.24,311.15,1.0
2018-08-18 11:28:00,89.5576,36.96304,930.716,271.64,85.7,632.3,22.41,-2.65,-47.66,107.13,76.81,296.29,311.08,107.0,77.38,296.31,311.13,1.0
2018-08-18 11:28:00,89.5576,36.96301,930.718,271.64,85.7,632.3,20.96,-2.73,-48.09,106.94,76.88,296.78,311.07,107.24,77.39,296.36,311.12,1.0
2018-08-18 11:28:00,89.5576,36.96298,930.797,271.64,85.7,631.7,22.17,-2.45,-48.08,106.74,76.95,296.44,310.89,107.41,77.36,296.38,311.1,1.0
2018-08-18 11:28:00,89.5576,36.96295,930.75,271.64,85.7,632.1,21.42,-2.76,-47.95,108.05,76.81,296.57,310.98,107.52,77.3,296.43,311.11,1.0
2018-08-18 11:28:00,89.5576,36.96292,930.741,271.64,85.7,632.1,20.05,-3.03,-48.02,107.4,76.95,296.59,311.08,107.58,77.22,296.48,311.13,1.0
2018-08-18 11:28:00,89.5576,36.96289,930.771,271.64,85.7,631.9,18.16,-3.05,-48.3,107.92,76.81,296.59,311.08,107.61,77.14,296.51,311.1,1.0
2018-08-18 11:28:00,89.5576,36.96286,930.752,271.64,85.7,632.0,16.04,-2.87,-48.51,105.96,76.95,296.58,310.98,107.62,77.05,296.5,311.0,1.0
2018-08-18 11:28:00,89.55759,36.96284,930.887,271.64,85.7,630.9,15.73,-2.88,-47.87,107.13,76.88,296.58,311.18,107.63,76.98,296.49,310.99,1.0
2018-08-18 11:28:00,89.55759,36.96281,930.824,271.64,85.7,631.4,14.56,-2.26,-48.76,107.46,77.02,296.68,310.79,107.64,76.93,296.49,310.97,1.0
2018-08-18 11:28:00,89.55759,36.96278,930.805,271.64,85.7,631.6,13.88,-2.37,-49.89,106.54,76.67,296.59,311.08,107.65,76.9,296.49,310.93,1.0
2018-08-18 11:28:00,89.55759,36.96275,930.857,271.64,85.7,631.1,13.87,-2.48,-50.73,107.92,76.88,296.36,310.53,107.65,76.88,296.48,310.87,1.0
2018-08-18 11:28:00,89.55759,36.9627,930.909,271.64,85.7,630.7,14.72,-2.23,-51.08,106.87,76.88,296.18,309.67,107.64,76.88,296.47,310.82,1.0
2018-08-18 11:28:00,89.55759,36.96262,930.801,271.64,85.7,631.6,17.04,-2.02,-51.06,107.72,76.81,296.58,310.89,107.62,76.88,296.47,310.77,1.0
2018-08-18 11:28:00,89.55759,36.96255,930.809,271.64,85.7,631.6,20.74,-1.99,-51.61,106.61,76.88,296.58,311.08,107.6,76.89,296.47,310.73,1.0
2018-08-18 11:28:00,89.55759,36.96248,930.781,271.64,85.7,631.8,21.77,-2.05,-51.83,107.13,76.81,296.49,311.18,107.59,76.9,296.48,310.7,1.0
2018-08-18 11:28:00,89.55759,36.96241,930.808,271.64,85.7,631.6,21.37,-2.23,-51.96,107.79,76.88,296.58,310.79,107.59,76.91,296.48,310.76,1.0
2018-08-18 11:28:00,89.55759,36.96233,930.858,271.65,85.7,631.1,19.71,-2.5,-52.43,107.66,77.02,296.58,310.98,107.62,76.92,296.51,310.92,1.0
2018-08-18 11:28:00,89.55759,36.96226,930.778,271.65,85.7,631.8,17.04,-2.72,-53.28,107.4,76.88,296.58,311.08,107.67,76.94,296.56,311.08,1.0
2018-08-18 11:28:00,89.55759,36.96219,930.874,271.65,85.7,631.0,16.19,-2.46,-52.48,107.4,76.95,296.58,311.18,107.75,76.97,296.58,311.15,1.0
2018-08-18 11:28:00,89.55758,36.96212,930.892,271.65,85.7,630.9,12.31,-2.82,-52.86,107.4,77.02,296.76,310.98,107.83,77.01,296.58,311.2,1.0
2018-08-18 11:28:00,89.55758,36.96205,930.925,271.65,85.7,630.6,8.77,-3.09,-52.96,106.15,76.74,296.25,311.82,107.9,77.06,296.58,311.23,1.0
2018-08-18 11:28:00,89.55758,36.96197,930.973,271.64,85.7,630.2,7.51,-3.01,-52.47,107.26,76.67,296.34,311.78,107.92,77.13,296.57,311.25,1.0
2018-08-18 11:28:00,89.55758,36.9619,930.885,271.65,85.7,630.9,9.1,-2.85,-52.14,107.4,76.95,296.53,311.07,107.87,77.21,296.55,311.25,1.0
2018-08-18 11:28:00,89.55758,36.96183,930.866,271.65,85.7,631.1,12.97,-3.0,-51.96,107.46,76.95,296.34,311.26,107.7,77.29,296.54,311.25,1.0
2018-08-18 11:28:00,89.55758,36.96176,930.827,271.65,85.7,631.4,15.36,-2.81,-51.64,107.98,76.88,296.59,311.04,107.42,77.35,296.54,311.24,1.0
2018-08-18 11:28:00,89.55758,36.96169,930.888,271.65,85.7,630.9,17.31,-2.84,-51.2,107.4,76.88,296.5,311.14,107.01,77.4,296.55,311.23,1.0
2018-08-18 11:28:00,89.55758,36.96162,930.967,271.65,85.7,630.2,17.48,-2.74,-51.14,107.53,76.88,296.77,310.87,106.51,77.43,296.59,311.16,1.0
2018-08-18 11:28:00,89.55758,36.96155,930.994,271.66,85.7,630.0,16.21,-2.59,-51.36,107.33,77.09,296.68,310.97,105.95,77.42,296.64,311.08,1.0
2018-08-18 11:28:00,89.55758,36.96148,930.959,271.65,85.7,630.3,15.03,-2.76,-51.45,107.0,76.88,296.77,310.96,105.37,77.38,296.65,311.06,1.0
2018-08-18 11:28:00,89.55758,36.9614,930.931,271.66,85.7,630.5,13.04,-2.58,-52.68,107.79,77.3,296.3,311.06,104.86,77.32,296.64,311.09,1.0
2018-08-18 11:28:00,89.55758,36.96133,930.904,271.65,85.7,630.7,12.31,-2.5,-52.75,107.33,76.88,296.58,310.95,104.45,77.25,296.65,311.1,1.0
2018-08-18 11:28:00,89.55758,36.96126,930.929,271.65,85.7,630.5,11.55,-2.84,-52.59,106.61,77.02,296.77,310.86,104.21,77.17,296.66,311.11,1.0
2018-08-18 11:28:00,89.55757,36.96119,930.97,271.66,85.7,630.2,11.08,-3.2,-52.25,107.13,77.02,296.5,311.36,104.18,77.09,296.63,311.12,1.0
2018-08-18 11:28:00,89.55757,36.96112,930.948,271.66,85.7,630.4,11.14,-3.18,-51.63,107.53,77.02,296.28,310.86,104.37,77.04,296.58,311.12,1.0
2018-08-18 11:28:00,89.55757,36.96105,930.955,271.65,85.7,630.3,9.4,-3.37,-50.96,106.22,76.95,295.87,311.34,104.76,77.0,296.49,311.1,1.0
2018-08-18 11:28:00,89.55757,36.96101,930.941,271.65,85.7,630.4,7.73,-3.21,-51.26,106.41,76.88,296.46,310.88,105.32,76.99,296.39,311.08,1.0
2018-08-18 11:28:00,89.55757,36.96098,930.955,271.65,85.7,630.3,5.88,-2.97,-51.83,106.15,77.02,296.58,311.18,106.0,77.0,296.29,311.05,1.0
2018-08-18 11:28:00,89.55757,36.96096,931.003,271.65,85.7,629.9,4.98,-3.12,-52.34,106.22,76.88,296.77,310.98,106.73,77.03,296.2,311.02,1.0
2018-08-18 11:28:00,89.55757,36.96094,931.061,271.65,85.7,629.4,5.77,-3.47,-52.63,107.0,77.09,296.58,311.27,107.44,77.06,296.14,311.0,1.0
2018-08-18 11:28:00,89.55757,36.96092,931.073,271.65,85.7,629.3,8.27,-3.11,-52.77,108.05,76.95,296.58,310.98,108.07,77.09,296.14,310.98,1.0
2018-08-18 11:28:00,89.55757,36.9609,931.044,271.65,85.7,629.6,10.5,-3.47,-52.33,106.74,77.09,296.58,311.08,108.57,77.12,296.21,310.95,1.0
2018-08-18 11:28:00,89.55757,36.96088,931.079,271.66,85.7,629.3,10.47,-3.22,-52.53,105.96,77.02,296.57,311.08,108.91,77.13,296.3,310.93,1.0
2018-08-18 11:28:00,89.55757,36.96086,931.086,271.66,85.7,629.2,10.54,-2.77,-52.76,107.26,77.09,296.76,310.79,109.08,77.13,296.41,310.95,1.0
2018-08-18 11:28:00,89.55757,36.96083,931.057,271.66,85.7,629.5,11.34,-2.66,-52.88,107.33,76.88,296.58,311.08,109.1,77.12,296.52,310.99,1.0
2018-08-18 11:28:00,89.55756,36.96081,931.098,271.66,85.7,629.1,12.21,-3.19,-52.94,107.85,77.09,296.68,310.98,108.98,77.09,296.59,311.0,1.0
2018-08-18 11:28:00,89.55756,36.96079,931.073,271.66,85.7,629.3,10.82,-2.37,-52.44,106.48,76.95,296.58,311.08,108.77,77.07,296.62,311.0,1.0
2018-08-18 11:28:00,89.55756,36.96077,931.08,271.65,85.7,629.3,7.7,-2.75,-52.46,107.53,77.09,296.73,310.73,108.52,77.05,296.63,310.97,1.0
2018-08-18 11:28:00,89.55756,36.96075,931.097,271.65,85.7,629.1,4.19,-3.25,-52.93,107.2,76.88,296.78,310.64,108.26,77.04,296.6,310.93,1.0
2018-08-18 11:28:00,89.55756,36.96073,931.114,271.66,85.7,629.0,2.14,-3.48,-53.76,106.94,77.02,296.68,311.03,108.04,77.03,296.57,310.87,1.0
2018-08-18 11:28:00,89.55756,36.9607,931.12,271.66,85.7,628.9,3.6,-3.46,-54.72,106.41,77.23,296.15,310.98,107.86,77.02,296.53,310.8,1.0
2018-08-18 11:28:00,89.55756,36.96067,931.06,271.66,85.7,629.4,5.93,-4.3,-55.04,107.4,77.02,295.98,310.98,107.74,77.01,296.48,310.74,1.0
2018-08-18 11:28:00,89.55756,36.9606,931.134,271.66,85.7,628.8,6.11,-3.97,-55.05,107.85,76.88,296.53,310.79,107.68,77.0,296.42,310.68,1.0
2018-08-18 11:28:00,89.55756,36.96054,931.102,271.67,85.7,629.1,8.21,-4.6,-54.28,108.12,77.02,296.58,311.18,107.67,76.98,296.37,310.66,1.0
2018-08-18 11:28:00,89.55756,36.96047,931.053,271.67,85.7,629.5,10.02,-4.92,-53.88,107.66,76.88,296.7,310.84,107.67,76.95,296.34,310.65,1.0
2018-08-18 11:28:00,89.55756,36.9604,931.081,271.66,85.7,629.3,10.2,-4.7,-53.86,107.26,77.09,296.91,310.9,107.67,76.92,296.37,310.65,1.0
2018-08-18 11:28:00,89.55756,36.96033,931.125,271.67,85.7,628.9,8.96,-4.86,-53.08,106.02,77.02,296.88,311.35,107.65,76.88,296.45,310.68,1.0
2018-08-18 11:28:00,89.55755,36.96027,931.085,271.67,85.7,629.2,6.61,-5.73,-52.56,106.41,77.23,296.59,311.15,107.59,76.85,296.58,310.74,1.0
2018-08-18 11:28:00,89.55755,36.9602,931.082,271.66,85.7,629.2,5.31,-5.29,-52.2,107.46,76.95,296.6,311.01,107.47,76.83,296.68,310.79,1.0
2018-08-18 11:28:00,89.55755,36.96013,931.12,271.66,85.7,628.9,5.04,-5.45,-52.17,107.98,76.88,296.58,310.98,107.3,76.83,296.69,310.79,1.0
2018-08-18 11:28:00,89.55755,36.96007,931.158,271.66,85.7,628.6,4.62,-5.84,-52.52,108.44,76.88,296.58,310.98,107.09,76.85,296.65,310.77,1.0
2018-08-18 11:28:00,89.55755,36.96003,931.131,271.66,85.7,628.8,2.97,-5.46,-53.14,107.0,77.09,296.57,310.79,106.83,76.89,296.62,310.76,1.0
2018-08-18 11:28:00,89.55755,36.95999,931.138,271.66,85.7,628.8,1.77,-5.37,-53.74,107.4,77.09,296.5,310.98,106.54,76.95,296.55,310.75,1.0
2018-08-18 11:28:00,89.55755,36.95995,931.158,271.67,85.7,628.6,1.58,-5.73,-54.15,106.61,77.09,296.58,310.79,106.25,77.03,296.45,310.71,1.0
2018-08-18 11:28:00,89.55755,36.95991,931.197,271.67,85.7,628.3,1.34,-5.21,-54.16,107.92,77.02,295.77,310.42,105.98,77.1,296.34,310.67,1.0
2018-08-18 11:28:00,89.55754,36.95987,931.198,271.67,85.7,628.3,2.05,-4.98,-53.68,106.48,76.74,295.75,310.35,105.74,77.16,296.22,310.63,1.0
2018-08-18 11:28:00,89.55754,36.95984,931.144,271.66,85.7,628.7,4.4,-5.31,-53.16,106.41,76.67,296.39,310.52,105.57,77.21,296.14,310.58,1.0
2018-08-18 11:28:00,89.55754,36.9598,931.222,271.67,85.7,628.1,8.21,-4.49,-53.79,108.31,76.88,296.4,310.71,105.46,77.23,296.08,310.54,1.0
2018-08-18 11:28:00,89.55754,36.95976,931.188,271.67,85.7,628.3,11.42,-4.76,-53.71,106.81,77.23,296.59,310.7,105.45,77.23,296.0,310.42,1.0
2018-08-18 11:28:00,89.55754,36.95972,931.181,271.67,85.7,628.4,11.64,-5.14,-53.08,107.72,77.3,296.45,311.18,105.54,77.21,296.07,310.37,1.0
2018-08-18 11:28:00,89.55754,36.95968,931.208,271.67,85.7,628.2,8.65,-5.2,-52.59,106.74,77.02,296.77,310.79,105.74,77.19,296.19,310.37,1.0
2018-08-18 11:28:00,89.55754,36.95964,931.237,271.67,85.7,627.9,4.84,-5.11,-52.53,106.81,77.23,296.6,310.98,106.03,77.16,296.3,310.39,1.0
2018-08-18 11:28:00,89.55754,36.9596,931.206,271.67,85.7,628.2,3.63,-5.37,-52.84,106.22,77.16,296.59,310.92,106.4,77.16,296.38,310.39,1.0
2018-08-18 11:28:00,89.55754,36.95956,931.16,271.67,85.7,628.6,0.5,-4.88,-53.06,107.13,77.02,295.96,309.59,106.82,77.17,296.45,310.39,1.0
2018-08-18 11:28:00,89.55754,36.9595,931.134,271.67,85.7,628.8,3.04,-5.11,-53.58,106.48,76.81,296.74,310.22,107.26,77.22,296.5,310.41,1.0
2018-08-18 11:28:00,89.55754,36.95945,931.164,271.67,85.7,628.5,6.72,-5.28,-53.41,106.81,76.74,296.1,309.77,107.68,77.29,296.52,310.44,1.0
2018-08-18 11:28:00,89.55754,36.95939,931.209,271.67,85.7,628.2,9.95,-5.06,-52.68,107.33,76.88,295.59,309.81,108.05,77.37,296.49,310.45,1.0
2018-08-18 11:28:00,89.55754,36.95929,931.232,271.67,85.7,628.0,11.0,-5.06,-52.28,106.22,77.09,296.22,309.96,108.32,77.47,296.44,310.45,1.0
2018-08-18 11:28:00,89.55753,36.95923,931.236,271.67,85.7,627.9,9.94,-4.66,-51.72,108.05,77.16,296.31,310.47,108.48,77.55,296.39,310.4,1.0
2018-08-18 11:28:00,89.55753,36.95918,931.243,271.67,85.7,627.9,8.21,-4.3,-51.25,107.92,77.23,296.59,310.79,108.51,77.61,296.42,310.51,1.0
2018-08-18 11:28:00,89.55753,36.95912,931.274,271.67,85.7,627.6,5.6,-4.17,-51.01,106.94,77.23,296.53,311.08,108.42,77.64,296.35,310.59,1.0
2018-08-18 11:28:00,89.55753,36.95907,931.323,271.67,85.7,627.2,2.49,-4.12,-50.82,107.4,77.09,296.45,310.97,108.22,77.62,296.34,310.65,1.0
2018-08-18 11:28:00,89.55753,36.95901,931.332,271.67,85.7,627.1,0.25,-3.38,-50.27,105.89,77.23,296.5,311.07,107.96,77.56,296.4,310.72,1.0
2018-08-18 11:28:00,89.55753,36.95896,931.309,271.67,85.7,627.3,1.09,-3.94,-49.85,107.66,77.02,296.6,310.2,107.66,77.46,296.45,310.79,1.0
2018-08-18 11:28:00,89.55753,36.9589,931.285,271.67,85.7,627.5,2.48,-3.78,-49.93,106.61,77.09,296.74,311.0,107.38,77.34,296.51,310.84,1.0
2018-08-18 11:28:00,89.55753,36.95885,931.293,271.67,85.7,627.5,4.48,-3.27,-49.54,107.66,77.23,296.73,311.17,107.16,77.21,296.59,310.87,1.0
2018-08-18 11:28:00,89.55753,36.9588,931.337,271.67,85.7,627.1,6.14,-2.94,-48.65,107.53,77.16,296.59,310.79,107.03,77.08,296.68,310.89,1.0
2018-08-18 11:28:00,89.55753,36.95875,931.335,271.67,85.7,627.1,4.85,-3.16,-48.73,107.72,77.16,296.51,311.08,106.99,76.97,296.76,310.91,1.0
2018-08-18 11:28:00,89.55753,36.9587,931.356,271.67,85.7,626.9,0.71,-2.68,-48.51,107.07,77.16,296.59,310.79,107.05,76.89,296.81,310.93,1.0
2018-08-18 11:28:00,89.55753,36.95865,931.356,271.67,85.7,626.9,-4.28,-2.65,-48.63,107.07,77.16,296.4,310.98,107.18,76.85,296.83,310.97,1.0
2018-08-18 11:28:00,89.55753,36.9586,931.379,271.67,85.7,626.7,-7.66,-2.68,-48.83,106.74,77.09,296.59,310.88,107.35,76.84,296.81,310.95,1.0
2018-08-18 11:28:00,89.55752,36.95855,931.418,271.67,85.7,626.4,-8.29,-2.42,-49.28,107.26,77.02,296.5,310.98,107.52,76.87,296.75,310.92,1.0
2018-08-18 11:28:00,89.55752,36.9585,931.405,271.67,85.7,626.5,-6.33,-1.83,-50.3,107.26,77.09,296.59,310.98,107.65,76.92,296.67,310.95,1.0
2018-08-18 11:28:00,89.55752,36.95845,931.469,271.67,85.7,626.0,-5.32,-2.13,-51.44,107.26,77.09,296.59,310.88,107.71,76.99,296.58,310.97,1.0
2018-08-18 11:28:00,89.55752,36.9584,931.479,271.68,85.7,625.9,-4.82,-1.29,-51.32,106.81,77.02,296.59,310.48,107.68,77.06,296.44,311.05,1.0
2018-08-18 11:28:00,89.55752,36.95835,931.497,271.68,85.7,625.7,-4.07,-0.88,-51.18,107.0,77.09,296.6,310.42,107.56,77.13,296.26,311.08,1.0
2018-08-18 11:28:00,89.55752,36.9583,931.511,271.67,85.7,625.6,-4.04,-0.8,-51.17,107.4,77.09,296.37,310.83,107.38,77.19,296.11,311.08,1.0
2018-08-18 11:28:00,89.55752,36.95825,931.479,271.68,85.7,625.9,-4.74,-0.76,-51.25,107.53,77.23,296.22,311.19,107.16,77.23,296.09,311.1,1.0
2018-08-18 11:28:00,89.55752,36.9582,931.423,271.68,85.7,626.4,-2.97,-0.97,-51.59,107.13,77.3,296.08,311.07,106.95,77.26,296.08,311.12,1.0
2018-08-18 11:28:00,89.55752,36.95815,931.485,271.68,85.7,625.8,-1.63,-1.1,-51.4,108.57,77.02,295.68,312.03,106.8,77.27,296.08,311.14,1.0
2018-08-18 11:28:00,89.55752,36.95811,931.515,271.68,85.7,625.6,0.04,-1.3,-50.76,106.68,77.09,294.72,311.14,106.74,77.28,296.09,311.19,1.0
2018-08-18 11:28:00,89.55752,36.95806,931.496,271.67,85.6,625.7,0.57,-1.41,-49.81,107.33,76.88,295.2,310.89,106.78,77.28,296.08,311.25,1.0
2018-08-18 11:28:00,89.55752,36.95801,931.49,271.67,85.7,625.8,-1.1,-1.35,-49.35,106.74,77.16,296.58,311.1,106.94,77.28,296.07,311.28,1.0
2018-08-18 11:28:00,89.55752,36.95796,931.471,271.68,85.7,626.0,-1.48,-1.64,-50.58,107.13,77.23,296.68,310.8,107.19,77.27,296.1,311.2,1.0
2018-08-18 11:28:00,89.55752,36.95791,931.512,271.68,85.7,625.6,-2.57,-2.32,-52.5,107.2,77.09,296.58,310.88,107.49,77.26,296.16,311.16,1.0
2018-08-18 11:28:00,89.55752,36.95786,931.545,271.68,85.7,625.3,-4.14,-2.5,-53.7,106.41,77.23,296.68,310.97,107.8,77.25,296.27,311.02,1.0
2018-08-18 11:28:00,89.55752,36.95781,931.556,271.68,85.7,625.2,-6.03,-2.62,-53.9,107.13,77.09,296.36,311.12,108.07,77.24,296.44,310.94,1.0
2018-08-18 11:28:00,89.55751,36.95776,931.549,271.68,85.7,625.3,-8.19,-2.74,-53.48,107.66,77.36,295.97,311.26,108.24,77.22,296.58,310.91,1.0
2018-08-18 11:28:00,89.55751,36.95771,931.544,271.68,85.7,625.3,-9.65,-2.41,-53.45,107.26,76.95,296.06,310.34,108.28,77.2,296.6,310.88,1.0
2018-08-18 11:28:00,89.55751,36.95766,931.586,271.68,85.6,625.0,-4.88,-2.38,-53.47,106.81,77.23,296.25,310.45,108.19,77.17,296.61,310.86,1.0
2018-08-18 11:28:00,89.55751,36.95761,931.557,271.68,85.6,625.2,0.03,-2.15,-53.32,107.59,77.09,296.59,310.21,107.97,77.14,296.61,310.85,1.0
2018-08-18 11:28:00,89.55751,36.95755,931.523,271.68,85.6,625.5,2.16,-1.96,-53.52,108.51,77.09,296.52,310.18,107.65,77.1,296.61,310.84,1.0
2018-08-18 11:28:00,89.55751,36.95746,931.514,271.68,85.6,625.6,3.74,-1.9,-53.52,107.59,77.09,296.6,310.79,107.28,77.07,296.62,310.81,1.0
2018-08-18 11:28:00,89.55751,36.95738,931.536,271.69,85.6,625.4,5.97,-1.87,-53.12,107.46,77.23,296.5,311.0,106.91,77.04,296.65,310.8,1.0
2018-08-18 11:28:00,89.55751,36.9573,931.577,271.69,85.6,625.1,7.5,-1.51,-53.0,106.81,77.09,296.59,311.18,106.6,77.02,296.67,310.87,1.0
2018-08-18 11:28:00,89.55751,36.95722,931.545,271.68,85.6,625.3,5.69,-1.89,-52.62,107.2,77.3,296.68,310.98,106.39,77.01,296.65,310.92,1.0
2018-08-18 11:28:00,89.55751,36.95713,931.515,271.69,85.6,625.6,2.88,-2.08,-54.07,107.0,77.16,296.6,310.79,106.32,77.01,296.64,310.98,1.0
2018-08-18 11:28:00,89.55751,36.95705,931.526,271.69,85.6,625.5,1.13,-1.99,-54.75,107.26,76.95,296.59,310.98,106.39,77.01,296.63,311.04,1.0
2018-08-18 11:28:00,89.5575,36.95697,931.572,271.69,85.6,625.1,1.37,-1.95,-54.03,106.81,77.23,296.69,310.89,106.6,77.02,296.63,311.05,1.0
2018-08-18 11:28:00,89.5575,36.95688,931.595,271.69,85.6,624.9,3.41,-2.44,-52.81,107.33,77.02,296.6,310.99,106.91,77.04,296.63,311.02,1.0
2018-08-18 11:28:00,89.5575,36.9568,931.561,271.69,85.6,625.2,4.99,-2.49,-51.95,106.94,77.09,296.59,311.0,107.29,77.06,296.63,310.98,1.0
2018-08-18 11:28:00,89.5575,36.95674,931.602,271.69,85.6,624.8,7.09,-2.23,-51.88,107.13,77.09,296.5,311.08,107.68,77.09,296.54,310.97,1.0
2018-08-18 11:28:00,89.5575,36.9567,931.631,271.69,85.6,624.6,9.07,-2.38,-51.84,107.72,77.16,296.68,310.79,108.03,77.13,296.49,310.93,1.0
2018-08-18 11:28:00,89.5575,36.95666,931.638,271.69,85.6,624.5,11.33,-2.47,-51.67,107.33,77.23,296.6,310.99,108.32,77.17,296.47,310.87,1.0
2018-08-18 11:28:00,89.5575,36.95662,931.65,271.69,85.6,624.4,13.71,-2.2,-51.55,107.2,77.02,296.7,310.81,108.5,77.21,296.44,310.83,1.0
2018-08-18 11:28:00,89.5575,36.95657,931.645,271.69,85.6,624.5,13.76,-2.46,-52.1,107.4,77.3,296.5,311.1,108.56,77.25,296.41,310.8,1.0
2018-08-18 11:28:00,89.5575,36.95653,931.63,271.69,85.6,624.6,13.32,-1.91,-52.29,107.79,77.02,295.88,311.34,108.51,77.3,296.37,310.84,1.0
2018-08-18 11:28:00,89.5575,36.95649,931.628,271.69,85.6,624.6,11.75,-1.25,-52.68,106.48,77.02,296.07,311.1,108.35,77.34,296.35,310.87,1.0
2018-08-18 11:28:00,89.5575,36.95645,931.641,271.69,85.6,624.5,10.67,-1.25,-53.57,107.4,77.09,296.5,311.17,108.1,77.39,296.33,310.91,1.0
2018-08-18 11:28:00,89.5575,36.9564,931.662,271.69,85.6,624.3,10.75,-1.69,-54.58,108.18,77.3,296.78,310.88,107.81,77.42,296.3,310.97,1.0
2018-08-18 11:28:00,89.5575,36.95636,931.691,271.7,85.6,624.1,11.11,-1.33,-54.74,107.4,77.02,296.31,311.23,107.49,77.45,296.21,310.98,1.0
2018-08-18 11:28:00,89.5575,36.95632,931.778,271.7,85.6,623.4,10.07,-1.58,-54.63,107.2,77.23,296.54,311.64,107.18,77.46,296.24,311.02,1.0
2018-08-18 11:28:00,89.5575,36.95628,931.698,271.69,85.6,624.0,8.95,-2.09,-54.96,107.33,77.16,296.67,311.28,106.9,77.47,296.35,311.03,1.0
2018-08-18 11:28:00,89.5575,36.95624,931.666,271.69,85.6,624.3,8.74,-2.0,-54.82,107.72,77.23,296.49,311.0,106.7,77.46,296.43,311.04,1.0
2018-08-18 11:28:00,89.55749,36.95618,931.725,271.7,85.6,623.8,9.77,-1.72,-54.19,107.2,77.3,296.12,310.76,106.57,77.45,296.46,311.05,1.0
2018-08-18 11:28:00,89.55749,36.95612,931.683,271.7,85.6,624.2,12.27,-2.16,-53.4,107.26,77.02,295.41,310.44,106.53,77.42,296.48,311.04,1.0
2018-08-18 11:28:00,89.55749,36.95607,931.684,271.7,85.6,624.2,14.38,-2.35,-52.71,107.79,77.3,296.54,310.76,106.59,77.39,296.48,311.02,1.0
2018-08-18 11:28:00,89.55749,36.95601,931.656,271.69,85.6,624.4,15.14,-2.73,-51.96,107.2,77.3,296.59,311.0,106.72,77.35,296.43,310.9,1.0
2018-08-18 11:28:00,89.55749,36.95596,931.668,271.69,85.6,624.3,15.53,-3.35,-51.71,107.2,77.16,296.4,310.99,106.93,77.32,296.36,310.84,1.0
2018-08-18 11:28:00,89.55749,36.9559,931.708,271.7,85.6,624.0,15.01,-3.5,-52.07,106.94,77.02,296.5,310.98,107.17,77.29,296.3,310.79,1.0
2018-08-18 11:28:00,89.55749,36.95585,931.73,271.7,85.6,623.8,13.43,-3.14,-52.79,107.13,77.23,296.61,310.79,107.42,77.27,296.26,310.76,1.0
2018-08-18 11:28:00,89.55749,36.95579,931.719,271.7,85.6,623.9,11.7,-3.71,-53.24,107.2,77.23,296.52,310.79,107.66,77.26,296.21,310.85,1.0
2018-08-18 11:28:00,89.55749,36.95573,931.781,271.7,85.6,623.3,7.52,-3.56,-54.06,107.79,77.3,296.08,310.71,107.83,77.25,296.18,310.88,1.0
2018-08-18 11:28:00,89.55749,36.95568,931.788,271.71,85.6,623.3,5.76,-3.29,-55.13,106.54,77.36,296.31,310.62,107.93,77.26,296.17,310.91,1.0
2018-08-18 11:28:00,89.55749,36.95562,931.746,271.71,85.6,623.6,6.26,-3.45,-56.76,107.85,77.16,296.52,310.85,107.92,77.27,296.18,310.95,1.0
2018-08-18 11:28:00,89.55748,36.95557,931.719,271.7,85.6,623.9,8.77,-3.7,-58.31,107.33,77.09,296.14,311.0,107.82,77.29,296.21,311.0,1.0
2018-08-18 11:28:00,89.55748,36.9555,931.813,271.7,85.6,623.1,12.6,-3.13,-58.61,107.0,77.09,295.57,311.49,107.61,77.31,296.27,311.03,1.0
2018-08-18 11:28:00,89.55748,36.95544,931.822,271.7,85.6,623.0,13.61,-3.92,-57.52,108.31,77.3,296.39,310.95,107.35,77.35,296.4,311.01,1.0
2018-08-18 11:28:00,89.55748,36.95537,931.835,271.71,85.6,622.9,13.64,-3.79,-56.97,107.98,77.3,296.78,311.0,107.06,77.38,296.55,311.08,1.0
2018-08-18 11:28:00,89.55748,36.9553,931.826,271.71,85.6,622.9,11.89,-3.36,-55.92,106.15,77.3,296.51,310.8,106.78,77.42,296.64,311.14,1.0
2018-08-18 11:28:00,89.55748,36.95523,931.805,271.7,85.6,623.1,11.08,-3.18,-54.74,107.53,77.09,296.6,311.09,106.58,77.45,296.67,311.16,1.0
2018-08-18 11:28:00,89.55748,36.95517,931.807,271.7,85.6,623.1,12.46,-3.31,-53.96,108.18,77.3,296.95,311.06,106.47,77.49,296.7,311.16,1.0
2018-08-18 11:28:00,89.55748,36.9551,931.841,271.71,85.6,622.8,9.64,-2.58,-53.33,106.35,77.23,297.24,310.37,106.5,77.52,296.79,311.1,1.0
2018-08-18 11:28:00,89.55748,36.95503,931.804,271.71,85.6,623.1,7.78,-2.79,-53.04,107.66,77.16,297.25,310.92,106.66,77.55,296.75,311.08,1.0
2018-08-18 11:28:00,89.55748,36.95496,931.824,271.71,85.6,623.0,9.81,-2.84,-52.28,106.68,77.43,296.6,310.99,106.94,77.57,296.7,311.06,1.0
2018-08-18 11:28:00,89.55748,36.9549,931.87,271.71,85.6,622.6,12.35,-2.8,-51.51,107.0,77.09,296.51,310.99,107.3,77.59,296.64,311.03,1.0
2018-08-18 11:28:00,89.55748,36.95483,931.872,271.7,85.6,622.6,13.55,-2.95,-51.26,107.92,77.3,296.59,310.9,107.69,77.59,296.58,310.99,1.0
2018-08-18 11:28:00,89.55748,36.95476,931.808,271.7,85.6,623.1,14.93,-3.51,-51.89,107.13,77.43,296.4,311.28,108.06,77.59,296.52,310.96,1.0
2018-08-18 11:28:00,89.55748,36.95472,931.862,271.71,85.6,622.6,14.54,-2.82,-51.99,107.4,77.3,296.78,310.81,108.34,77.58,296.4,310.98,1.0
2018-08-18 11:28:00,89.55748,36.95469,931.895,271.71,85.6,622.4,15.06,-2.74,-52.46,106.35,77.23,296.5,311.19,108.49,77.55,296.31,310.98,1.0
2018-08-18 11:28:00,89.55748,36.95465,931.951,271.71,85.6,621.9,15.45,-2.77,-53.21,107.79,77.36,296.5,311.0,108.48,77.51,296.28,310.98,1.0
2018-08-18 11:28:00,89.55748,36.95461,932.002,271.71,85.6,621.5,15.98,-2.6,-53.86,107.2,77.23,296.5,310.9,108.31,77.47,296.29,310.99,1.0
2018-08-18 11:28:00,89.55748,36.95458,931.952,271.71,85.6,621.9,16.94,-2.13,-54.29,108.05,77.3,296.5,311.0,107.99,77.41,296.32,311.0,1.0
2018-08-18 11:28:00,89.55747,36.95454,931.99,271.71,85.6,621.6,14.38,-2.26,-56.24,107.92,77.5,296.51,310.79,107.57,77.35,296.36,311.01,1.0
2018-08-18 11:28:00,89.55747,36.9545,931.955,271.71,85.6,621.9,10.85,-1.66,-58.15,108.18,77.3,296.54,311.7,107.1,77.29,296.4,311.0,1.0
2018-08-18 11:28:00,89.55747,36.95447,931.994,271.71,85.6,621.5,9.0,-1.86,-58.74,106.74,77.16,296.51,311.47,106.64,77.22,296.44,311.0,1.0
2018-08-18 11:28:00,89.55747,36.95443,932.043,271.71,85.6,621.1,8.96,-2.21,-58.68,106.48,77.23,296.42,311.61,106.24,77.15,296.48,311.0,1.0
2018-08-18 11:28:00,89.55747,36.95439,931.993,271.71,85.6,621.5,10.6,-2.18,-58.62,107.79,77.5,296.42,311.48,105.96,77.08,296.49,310.97,1.0
2018-08-18 11:28:00,89.55747,36.95436,931.975,271.71,85.6,621.7,14.06,-2.51,-58.25,107.0,77.36,296.42,311.34,105.81,77.02,296.42,310.85,1.0
2018-08-18 11:28:00,89.55747,36.95432,932.017,271.72,85.6,621.3,17.62,-2.75,-57.91,108.12,77.23,296.41,310.94,105.81,76.97,296.35,310.82,1.0
2018-08-18 11:28:00,89.55747,36.95428,932.011,271.71,85.6,621.4,19.91,-2.73,-57.37,107.2,77.43,296.57,310.9,105.95,76.93,296.29,310.73,1.0
2018-08-18 11:28:00,89.55747,36.95425,931.984,271.71,85.6,621.6,20.39,-2.97,-56.7,107.07,77.09,296.6,310.9,106.19,76.9,296.24,310.63,1.0
2018-08-18 11:28:00,89.55747,36.95421,931.993,271.72,85.6,621.5,19.21,-3.52,-55.94,106.94,77.16,296.29,310.48,106.49,76.89,296.21,310.53,1.0
2018-08-18 11:28:00,89.55747,36.95417,932.121,271.72,85.6,620.5,17.35,-3.91,-55.01,106.15,77.23,295.46,309.66,106.82,76.89,296.18,310.38,1.0
2018-08-18 11:28:00,89.55747,36.95411,932.072,271.72,85.6,620.9,14.91,-4.14,-53.71,107.0,77.36,295.72,310.59,107.13,76.91,296.28,310.26,1.0
2018-08-18 11:28:00,89.55747,36.95405,932.027,271.72,85.6,621.3,15.15,-3.99,-52.76,107.33,77.23,295.99,310.47,107.39,76.95,296.29,310.25,1.0
2018-08-18 11:28:00,89.55747,36.95399,932.021,271.72,85.6,621.3,15.64,-4.03,-51.59,108.31,77.36,296.31,310.86,107.58,77.0,296.29,310.27,1.0
2018-08-18 11:28:00,89.55746,36.95394,932.032,271.72,85.6,621.2,15.41,-4.27,-50.47,106.94,77.09,296.7,310.6,107.69,77.07,296.29,310.31,1.0
2018-08-18 11:28:00,89.55746,36.95388,932.018,271.72,85.6,621.3,14.28,-4.57,-49.71,107.66,77.16,296.58,310.03,107.72,77.14,296.34,310.39,1.0
2018-08-18 11:28:00,89.55746,36.95382,932.142,271.72,85.6,620.3,14.92,-4.33,-49.97,107.0,77.23,297.78,309.93,107.67,77.22,296.45,310.56,1.0
2018-08-18 11:28:00,89.55746,36.95376,932.177,271.73,85.6,620.0,14.52,-4.51,-51.02,105.96,77.09,296.93,310.5,107.56,77.3,296.55,310.63,1.0
2018-08-18 11:28:00,89.55746,36.95371,932.149,271.73,85.6,620.2,15.1,-4.06,-51.81,107.92,77.3,296.5,310.81,107.42,77.37,296.61,310.71,1.0
2018-08-18 11:28:00,89.55746,36.95365,932.142,271.72,85.6,620.3,14.73,-3.77,-52.61,107.66,77.16,296.5,310.9,107.25,77.43,296.61,310.76,1.0
2018-08-18 11:28:00,89.55746,36.95361,932.194,271.72,85.6,619.8,12.97,-3.96,-53.45,107.0,77.3,296.5,310.81,107.07,77.47,296.56,310.8,1.0
2018-08-18 11:28:00,89.55746,36.95356,932.127,271.72,85.6,620.4,12.68,-3.69,-53.82,107.4,77.3,296.5,311.1,106.9,77.49,296.48,310.88,1.0
2018-08-18 11:28:00,89.55746,36.95352,932.105,271.72,85.6,620.6,10.94,-3.08,-53.94,107.4,77.5,296.5,310.81,106.75,77.48,296.29,310.91,1.0
2018-08-18 11:28:00,89.55746,36.95347,932.139,271.73,85.6,620.3,12.16,-3.57,-53.93,106.81,77.16,296.58,311.27,106.64,77.45,296.19,310.86,1.0
2018-08-18 11:28:00,89.55746,36.95343,932.143,271.73,85.6,620.3,14.16,-3.65,-53.58,107.92,77.09,295.94,311.02,106.57,77.39,296.1,310.79,1.0
2018-08-18 11:28:00,89.55746,36.95338,932.122,271.72,85.6,620.4,15.63,-3.4,-53.11,106.48,77.3,295.83,311.0,106.56,77.32,296.02,310.74,1.0
2018-08-18 11:28:00,89.55746,36.95333,932.191,271.73,85.6,619.9,15.96,-3.59,-52.89,106.68,77.09,295.75,311.07,106.61,77.23,295.96,310.72,1.0
2018-08-18 11:28:00,89.55745,36.95329,932.139,271.72,85.6,620.3,15.88,-3.91,-52.57,107.72,77.36,296.46,311.13,106.73,77.13,295.98,310.73,1.0
2018-08-18 11:28:00,89.55745,36.95324,932.18,271.72,85.6,620.0,16.85,-3.52,-51.84,107.07,77.36,296.5,311.11,106.91,77.04,296.05,310.91,1.0
2018-08-18 11:28:00,89.55745,36.9532,932.201,271.72,85.6,619.8,18.5,-3.73,-51.13,106.74,77.23,296.59,311.02,107.13,76.96,296.2,310.99,1.0
2018-08-18 11:28:00,89.55745,36.95315,932.196,271.73,85.5,619.8,20.07,-3.98,-50.32,107.66,77.43,296.59,311.02,107.38,76.89,296.36,311.04,1.0
2018-08-18 11:28:00,89.55745,36.9531,932.209,271.72,85.5,619.7,20.79,-3.61,-49.4,107.72,77.23,296.64,311.02,107.63,76.85,296.49,311.11,1.0
2018-08-18 11:28:00,89.55745,36.95307,932.232,271.73,85.5,619.5,20.67,-3.01,-48.78,106.41,77.23,297.41,311.04,107.86,76.84,296.61,311.15,1.0
2018-08-18 11:28:00,89.55745,36.95304,932.304,271.73,85.5,618.9,20.17,-3.53,-48.26,107.46,77.23,297.39,312.55,108.03,76.86,296.7,311.2,1.0
2018-08-18 11:28:00,89.55745,36.95301,932.3,271.73,85.5,618.9,21.35,-3.05,-47.9,106.48,77.02,297.55,311.14,108.14,76.9,296.76,311.22,1.0
2018-08-18 11:28:00,89.55745,36.95298,932.275,271.73,85.5,619.2,23.71,-2.31,-47.79,106.61,77.09,296.99,310.44,108.16,76.97,296.8,311.2,1.0
2018-08-18 11:28:00,89.55745,36.95296,932.279,271.73,85.5,619.1,26.46,-1.92,-48.14,107.59,77.02,296.25,310.76,108.11,77.06,296.83,311.19,1.0
2018-08-18 11:28:00,89.55745,36.95293,932.275,271.73,85.5,619.2,28.6,-2.01,-49.2,107.98,77.23,296.49,310.73,108.0,77.17,296.86,311.23,1.0
2018-08-18 11:28:00,89.55745,36.9529,932.271,271.73,85.5,619.2,26.69,-1.0,-49.67,107.13,77.3,296.22,310.83,107.85,77.27,296.84,311.09,1.0
2018-08-18 11:28:00,89.55745,36.95287,932.242,271.73,85.5,619.4,26.84,-1.05,-49.7,107.85,77.3,296.22,310.82,107.68,77.38,296.73,310.88,1.0
2018-08-18 11:28:00,89.55745,36.95284,932.24,271.73,85.5,619.4,24.98,-1.36,-48.67,107.85,77.23,296.32,311.01,107.54,77.46,296.55,310.79,1.0
2018-08-18 11:28:00,89.55744,36.95281,932.28,271.73,85.5,619.1,23.11,-1.35,-47.41,107.33,77.23,296.79,311.33,107.45,77.53,296.42,310.77,1.0
2018-08-18 11:28:00,89.55744,36.95278,932.341,271.74,85.5,618.6,24.42,-0.73,-46.99,106.87,77.23,296.96,312.08,107.42,77.58,296.4,310.75,1.0
2018-08-18 11:28:00,89.55744,36.95275,932.31,271.73,85.5,618.9,25.22,-1.85,-44.72,106.28,77.09,297.34,309.75,107.47,77.59,296.43,310.8,1.0
2018-08-18 11:28:00,89.55744,36.95272,932.281,271.74,85.5,619.1,25.82,-1.89,-44.52,107.33,77.23,296.42,310.54,107.59,77.58,296.5,310.87,1.0
2018-08-18 11:28:00,89.55744,36.95268,932.268,271.74,85.5,619.2,26.06,-1.68,-44.83,108.12,77.23,296.15,310.82,107.77,77.54,296.6,310.96,1.0
2018-08-18 11:28:00,89.55744,36.95264,932.282,271.74,85.5,619.1,25.63,-1.54,-45.46,107.07,77.3,296.24,310.5,107.99,77.49,296.71,311.06,1.0
2018-08-18 11:28:00,89.55744,36.9526,932.331,271.73,85.5,618.7,24.65,-1.44,-46.23,106.81,77.3,296.55,310.91,108.21,77.42,296.81,311.11,1.0
2018-08-18 11:28:00,89.55744,36.95257,932.383,271.74,85.5,618.2,23.62,-1.1,-46.62,107.92,77.3,296.46,310.73,108.42,77.35,296.86,311.06,1.0
2018-08-18 11:28:00,89.55744,36.95253,932.33,271.74,85.5,618.7,21.99,-1.64,-47.18,107.2,77.3,296.41,310.75,108.58,77.29,296.96,311.08,1.0
2018-08-18 11:28:00,89.55744,36.95249,932.332,271.74,85.5,618.7,20.44,-1.63,-47.67,107.33,77.3,296.31,310.77,108.67,77.24,297.11,311.03,1.0
2018-08-18 11:28:00,89.55744,36.95246,932.336,271.74,85.5,618.6,21.7,-1.53,-47.94,108.05,77.3,296.49,310.73,108.68,77.21,297.24,310.89,1.0
2018-08-18 11:28:00,89.55744,36.95242,932.314,271.74,85.5,618.8,24.1,-1.53,-48.28,107.72,77.23,296.49,311.02,108.62,77.2,297.28,310.73,1.0
2018-08-18 11:28:00,89.55744,36.95238,932.3,271.74,85.5,618.9,24.07,-1.59,-49.22,107.59,77.23,296.46,311.01,108.48,77.21,297.2,310.68,1.0
2018-08-18 11:28:00,89.55744,36.95234,932.379,271.74,85.5,618.3,26.13,-1.26,-50.55,107.2,77.09,297.72,310.09,108.27,77.23,297.1,310.61,1.0
2018-08-18 11:28:00,89.55744,36.95231,932.413,271.74,85.5,618.0,25.82,-1.12,-51.34,107.53,77.36,297.92,310.48,108.01,77.26,296.98,310.56,1.0
2018-08-18 11:28:00,89.55744,36.95227,932.404,271.74,85.5,618.1,23.12,-1.03,-51.76,107.53,77.23,297.8,309.92,107.71,77.29,296.87,310.51,1.0
2018-08-18 11:28:00,89.55743,36.95225,932.391,271.74,85.5,618.2,19.62,-0.76,-52.27,107.2,77.3,297.38,309.52,107.39,77.3,296.79,310.49,1.0
2018-08-18 11:28:00,89.55743,36.95223,932.427,271.74,85.5,617.9,17.56,-0.31,-53.15,108.31,77.3,296.48,310.92,107.08,77.3,296.73,310.5,1.0
2018-08-18 11:28:00,89.55743,36.95222,932.396,271.74,85.5,618.1,17.09,-0.74,-53.25,107.59,77.23,296.57,310.83,106.79,77.28,296.69,310.54,1.0
2018-08-18 11:28:00,89.55743,36.9522,932.381,271.74,85.5,618.3,17.27,-0.93,-53.59,107.79,77.23,296.3,311.02,106.55,77.24,296.58,310.67,1.0
2018-08-18 11:28:00,89.55743,36.95218,932.384,271.74,85.5,618.2,18.85,-1.14,-53.02,107.2,77.3,296.68,311.02,106.39,77.19,296.49,310.78,1.0
2018-08-18 11:28:00,89.55743,36.95217,932.411,271.74,85.5,618.0,21.09,-1.44,-52.31,107.0,77.23,296.5,311.02,106.32,77.13,296.41,310.94,1.0
2018-08-18 11:28:00,89.55743,36.95215,932.443,271.74,85.5,617.7,23.24,-1.7,-51.81,108.12,77.23,296.58,311.02,106.37,77.07,296.39,311.12,1.0
2018-08-18 11:28:00,89.55743,36.95214,932.421,271.74,85.5,617.9,24.79,-1.71,-51.28,106.68,77.3,296.4,310.92,106.53,77.04,296.45,311.18,1.0
2018-08-18 11:28:00,89.55743,36.95212,932.372,271.74,85.5,618.3,24.35,-2.18,-50.97,107.66,77.3,296.58,311.02,106.81,77.03,296.52,311.32,1.0
2018-08-18 11:28:00,89.55743,36.95211,932.377,271.74,85.5,618.3,21.9,-2.51,-51.52,107.92,77.43,296.49,310.72,107.19,77.05,296.54,311.34,1.0
2018-08-18 11:28:00,89.55743,36.95209,932.422,271.74,85.5,617.9,19.99,-2.48,-51.73,106.87,77.02,296.4,310.82,107.64,77.1,296.52,311.3,1.0
2018-08-18 11:28:00,89.55742,36.95208,932.463,271.74,85.5,617.6,18.19,-2.5,-51.53,107.33,77.3,296.44,310.88,108.13,77.19,296.49,311.26,1.0
2018-08-18 11:28:00,89.55742,36.95206,932.448,271.75,85.5,617.7,15.35,-2.95,-51.34,107.66,77.16,296.28,311.38,108.61,77.31,296.45,311.2,1.0
2018-08-18 11:28:00,89.55742,36.95205,932.438,271.75,85.5,617.8,14.77,-2.62,-50.7,106.48,77.02,296.83,312.34,109.02,77.44,296.4,311.15,1.0
2018-08-18 11:28:00,89.55742,36.95202,932.482,271.75,85.5,617.4,13.57,-2.5,-50.26,107.26,77.23,296.52,311.37,109.34,77.58,296.36,311.11,1.0
2018-08-18 11:28:00,89.55742,36.952,932.476,271.75,85.5,617.5,12.56,-2.91,-50.28,107.98,77.23,296.32,310.63,109.52,77.72,296.34,311.09,1.0
2018-08-18 11:28:00,89.55742,36.95198,932.449,271.75,85.5,617.7,12.65,-2.97,-50.31,107.72,77.36,296.21,311.02,109.55,77.84,296.29,311.09,1.0
2018-08-18 11:28:00,89.55742,36.95196,932.457,271.75,85.5,617.6,13.63,-2.56,-50.15,107.53,77.23,296.58,311.21,109.43,77.94,296.23,311.1,1.0
2018-08-18 11:28:00,89.55742,36.95193,932.469,271.75,85.5,617.5,13.15,-3.35,-50.17,108.38,77.36,296.5,311.02,109.2,78.02,296.23,311.09,1.0
2018-08-18 11:28:00,89.55742,36.95191,932.501,271.75,85.5,617.2,12.4,-3.18,-50.19,108.31,77.3,296.41,311.21,108.88,78.06,296.36,310.98,1.0
2018-08-18 11:28:00,89.55742,36.95189,932.536,271.75,85.5,616.9,13.06,-3.16,-49.84,107.66,77.43,296.51,311.02,108.52,78.08,296.45,310.98,1.0
2018-08-18 11:28:00,89.55742,36.95186,932.567,271.75,85.5,616.7,15.98,-3.58,-49.8,107.59,77.43,295.87,311.09,108.18,78.06,296.51,311.0,1.0
2018-08-18 11:28:00,89.55742,36.95184,932.573,271.75,85.5,616.6,20.29,-3.85,-49.86,107.53,77.36,295.7,310.67,107.9,78.03,296.57,311.01,1.0
2018-08-18 11:28:00,89.55741,36.95182,932.494,271.75,85.5,617.3,24.15,-2.96,-49.14,107.4,77.3,296.21,311.04,107.7,77.96,296.61,311.01,1.0
2018-08-18 11:28:00,89.55741,36.95179,932.471,271.75,85.5,617.5,28.02,-3.04,-48.48,108.7,77.36,297.9,310.93,107.6,77.88,296.64,310.98,1.0
2018-08-18 11:28:00,89.55741,36.95173,932.518,271.76,85.5,617.1,29.42,-2.87,-48.83,107.59,77.57,296.79,310.64,107.59,77.78,296.75,310.87,1.0
2018-08-18 11:28:00,89.55741,36.95166,932.564,271.76,85.5,616.7,29.83,-2.55,-48.24,106.94,77.36,296.5,310.99,107.64,77.67,296.86,310.75,1.0
2018-08-18 11:28:00,89.55741,36.95159,932.556,271.76,85.5,616.8,29.26,-2.57,-47.29,107.26,77.43,296.61,310.94,107.72,77.54,296.99,310.64,1.0
2018-08-18 11:28:00,89.55741,36.95153,932.507,271.76,85.5,617.2,26.9,-2.96,-47.06,108.77,77.43,296.51,311.23,107.79,77.41,297.14,310.56,1.0
2018-08-18 11:28:00,89.55741,36.95146,932.55,271.75,85.5,616.8,23.17,-2.29,-47.4,107.59,77.43,296.51,311.02,107.81,77.28,297.2,310.5,1.0
2018-08-18 11:28:00,89.55741,36.9514,932.54,271.76,85.5,616.9,19.27,-2.8,-47.37,107.46,77.43,297.6,310.38,107.76,77.17,297.11,310.48,1.0
2018-08-18 11:28:00,89.55741,36.95133,932.566,271.75,85.5,616.7,17.67,-3.11,-47.13,107.98,77.36,297.75,310.01,107.62,77.06,297.07,310.44,1.0
2018-08-18 11:28:00,89.55741,36.95126,932.605,271.75,85.5,616.4,17.18,-2.77,-47.03,108.31,77.5,297.63,310.34,107.41,76.99,297.05,310.38,1.0
2018-08-18 11:28:00,89.55741,36.9512,932.614,271.76,85.5,616.3,17.13,-2.22,-47.35,107.33,77.43,297.63,310.31,107.15,76.94,297.02,310.33,1.0
2018-08-18 11:28:00,89.55741,36.95113,932.577,271.76,85.5,616.6,17.9,-2.79,-48.12,108.12,77.5,297.5,310.58,106.88,76.93,297.07,310.3,1.0
2018-08-18 11:28:00,89.55741,36.95107,932.657,271.76,85.5,615.9,18.2,-2.29,-48.45,107.59,77.23,297.35,310.98,106.65,76.95,297.08,310.34,1.0
2018-08-18 11:28:00,89.55741,36.951,932.681,271.76,85.5,615.7,16.57,-1.88,-48.64,107.72,77.36,297.19,310.41,106.51,77.0,296.99,310.44,1.0
2018-08-18 11:28:00,89.55741,36.95094,932.668,271.76,85.5,615.8,14.19,-1.74,-48.98,107.53,77.3,296.7,310.12,106.48,77.08,296.89,310.54,1.0
2018-08-18 11:28:00,89.5574,36.95089,932.652,271.76,85.4,616.0,12.51,-1.53,-49.4,107.4,77.23,296.44,310.02,106.59,77.17,296.81,310.62,1.0
2018-08-18 11:28:00,89.5574,36.95083,932.663,271.76,85.4,615.9,12.73,-0.71,-49.66,106.94,77.09,297.0,310.13,106.83,77.27,296.74,310.67,1.0
2018-08-18 11:28:00,89.5574,36.95077,932.67,271.76,85.5,615.8,13.46,-1.35,-50.65,108.18,77.43,296.36,310.69,107.19,77.36,296.7,310.69,1.0
2018-08-18 11:28:00,89.5574,36.95071,932.684,271.76,85.4,615.7,14.0,-1.03,-50.47,106.94,77.36,296.32,310.74,107.63,77.44,296.67,310.69,1.0
2018-08-18 11:28:00,89.5574,36.95066,932.676,271.76,85.4,615.8,14.15,-0.64,-50.24,108.18,77.36,296.51,310.84,108.09,77.51,296.65,310.73,1.0
2018-08-18 11:28:00,89.5574,36.9506,932.673,271.76,85.4,615.8,13.87,-0.67,-50.22,107.72,77.5,296.32,310.94,108.52,77.56,296.67,310.8,1.0
2018-08-18 11:28:00,89.5574,36.95054,932.715,271.76,85.4,615.4,12.93,-1.05,-50.19,107.53,77.43,296.51,311.03,108.86,77.59,296.68,310.88,1.0
2018-08-18 11:28:00,89.5574,36.95048,932.782,271.76,85.4,614.9,10.72,-0.52,-49.3,106.81,77.3,296.33,311.04,109.09,77.61,296.62,310.95,1.0
2018-08-18 11:28:00,89.5574,36.95043,932.705,271.76,85.4,615.5,10.14,-0.9,-49.09,107.72,77.36,296.51,311.12,109.17,77.63,296.6,310.95,1.0
2018-08-18 11:28:00,89.5574,36.95037,932.691,271.77,85.4,615.6,9.48,-1.2,-49.1,108.05,77.36,296.51,310.94,109.1,77.64,296.58,310.94,1.0
2018-08-18 11:28:00,89.5574,36.95031,932.715,271.77,85.4,615.4,9.89,-1.29,-48.92,108.31,77.5,296.41,311.02,108.9,77.65,296.54,310.94,1.0
2018-08-18 11:28:00,89.5574,36.95027,932.738,271.77,85.4,615.2,10.84,-1.34,-48.66,107.85,77.16,296.22,310.92,108.59,77.66,296.47,310.93,1.0
2018-08-18 11:28:00,89.5574,36.95023,932.839,271.77,85.4,614.4,9.85,-1.71,-49.06,107.92,77.36,296.31,311.13,108.22,77.67,296.36,310.92,1.0
2018-08-18 11:28:00,89.5574,36.95019,932.744,271.77,85.4,615.2,10.24,-1.32,-48.75,107.59,77.36,296.61,310.84,107.85,77.68,296.33,310.91,1.0
2018-08-18 11:28:00,89.5574,36.95015,932.739,271.77,85.4,615.2,11.89,-1.27,-48.77,107.4,77.43,296.5,310.84,107.53,77.68,296.27,310.89,1.0
2018-08-18 11:28:00,89.5574,36.95011,932.75,271.77,85.4,615.1,11.67,-1.34,-48.49,108.51,77.43,296.5,311.03,107.29,77.67,296.22,310.87,1.0
2018-08-18 11:28:00,89.5574,36.95007,932.771,271.77,85.4,615.0,11.05,-1.44,-48.1,107.33,77.57,296.43,311.01,107.17,77.64,296.19,310.84,1.0
2018-08-18 11:28:00,89.55739,36.95003,932.829,271.77,85.4,614.5,12.03,-1.57,-48.06,108.51,77.43,295.76,311.08,107.19,77.61,296.21,310.82,1.0
2018-08-18 11:28:00,89.55739,36.95,932.816,271.77,85.4,614.6,12.16,-1.81,-48.53,108.12,77.43,296.59,311.03,107.34,77.56,296.24,310.79,1.0
2018-08-18 11:28:00,89.55739,36.94996,932.835,271.77,85.4,614.4,14.52,-1.3,-49.99,106.61,77.43,295.79,310.7,107.6,77.51,296.27,310.77,1.0
2018-08-18 11:28:00,89.55739,36.94992,932.854,271.77,85.4,614.3,14.96,-1.33,-50.53,107.79,77.5,295.86,310.91,107.94,77.46,296.29,310.75,1.0
2018-08-18 11:28:00,89.55739,36.94988,932.851,271.77,85.4,614.3,14.55,-1.55,-50.51,106.68,77.43,296.07,310.81,108.32,77.42,296.35,310.71,1.0
2018-08-18 11:28:00,89.55739,36.94984,932.815,271.77,85.4,614.6,14.62,-1.59,-50.35,108.64,77.43,296.47,310.98,108.68,77.4,296.47,310.68,1.0
2018-08-18 11:28:00,89.55739,36.9498,932.784,271.77,85.4,614.9,16.06,-1.4,-50.2,107.92,77.3,296.6,310.67,108.99,77.39,296.6,310.69,1.0
2018-08-18 11:28:00,89.55739,36.94976,932.739,271.77,85.4,615.2,17.53,-1.44,-50.08,107.79,77.43,296.32,310.85,109.22,77.39,296.65,310.71,1.0
2018-08-18 11:28:00,89.55739,36.94973,932.799,271.77,85.4,614.7,19.0,-1.11,-49.99,107.85,77.43,296.43,311.04,109.33,77.41,296.72,310.75,1.0
2018-08-18 11:28:00,89.55739,36.94969,932.858,271.77,85.4,614.2,19.39,-1.1,-49.57,107.79,77.43,297.12,310.89,109.31,77.44,296.75,310.81,1.0
2018-08-18 11:28:00,89.55739,36.94965,932.873,271.77,85.4,614.1,19.32,-1.2,-49.21,107.98,77.43,297.57,310.41,109.16,77.47,296.74,310.87,1.0
2018-08-18 11:28:00,89.55739,36.94962,932.895,271.78,85.4,613.9,19.94,-0.81,-49.58,107.92,77.43,297.28,310.87,108.91,77.5,296.72,310.95,1.0
2018-08-18 11:28:00,89.55739,36.94958,932.902,271.77,85.4,613.9,18.18,-0.69,-49.73,109.03,77.36,297.35,310.86,108.57,77.52,296.72,311.02,1.0
2018-08-18 11:28:00,89.55738,36.94954,932.841,271.77,85.4,614.4,16.88,-0.44,-50.84,108.12,77.5,297.37,310.76,108.17,77.53,296.73,311.08,1.0
2018-08-18 11:28:00,89.55738,36.94951,932.837,271.77,85.4,614.4,16.2,-0.58,-50.76,107.13,77.5,296.85,310.85,107.75,77.54,296.76,311.13,1.0
2018-08-18 11:28:00,89.55738,36.94947,932.89,271.77,85.4,614.0,15.69,-0.96,-50.17,108.31,77.5,296.5,310.85,107.34,77.55,296.75,311.17,1.0
2018-08-18 11:28:00,89.55738,36.94943,932.93,271.78,85.4,613.6,15.13,-1.29,-49.97,107.92,77.3,296.31,310.85,106.97,77.56,296.7,311.2,1.0
2018-08-18 11:28:00,89.55738,36.9494,932.906,271.78,85.4,613.8,15.69,-1.2,-49.57,107.79,77.5,296.51,311.04,106.66,77.58,296.65,311.16,1.0
2018-08-18 11:28:00,89.55738,36.94936,932.909,271.78,85.4,613.8,18.09,-1.63,-48.84,107.92,77.57,296.51,311.22,106.42,77.6,296.6,311.1,1.0
2018-08-18 11:28:00,89.55738,36.94932,932.91,271.77,85.4,613.8,19.87,-1.67,-47.98,107.98,77.43,296.32,310.94,106.25,77.62,296.55,311.02,1.0
2018-08-18 11:28:00,89.55738,36.94929,932.913,271.77,85.4,613.8,21.07,-1.5,-47.35,107.72,77.3,296.52,310.85,106.17,77.65,296.54,310.95,1.0
2018-08-18 11:28:00,89.55738,36.94923,932.917,271.78,85.4,613.7,22.07,-1.39,-47.02,107.79,77.3,296.33,310.86,106.15,77.67,296.54,310.88,1.0
2018-08-18 11:28:00,89.55738,36.94918,932.896,271.78,85.4,613.9,23.33,-1.75,-46.78,108.12,77.64,296.41,311.04,106.19,77.69,296.53,310.83,1.0
2018-08-18 11:28:00,89.55738,36.94912,932.901,271.78,85.4,613.9,21.86,-1.61,-46.57,107.33,77.5,296.51,310.84,106.29,77.68,296.52,310.81,1.0
2018-08-18 11:28:00,89.55738,36.94906,932.956,271.78,85.4,613.4,21.66,-1.8,-46.56,107.79,77.5,296.5,311.13,106.43,77.65,296.5,310.82,1.0
2018-08-18 11:28:00,89.55738,36.949,932.984,271.78,85.4,613.2,21.78,-1.64,-47.07,107.66,77.5,296.5,311.23,106.6,77.6,296.47,310.8,1.0
2018-08-18 11:28:00,89.55737,36.94894,932.98,271.78,85.4,613.2,20.89,-1.23,-47.9,107.13,77.5,296.51,310.93,106.79,77.52,296.45,310.79,1.0
2018-08-18 11:28:00,89.55737,36.94888,932.999,271.78,85.4,613.0,18.31,-1.02,-48.59,107.92,77.57,296.42,311.32,107.01,77.43,296.43,310.82,1.0
2018-08-18 11:28:00,89.55737,36.94882,932.99,271.78,85.4,613.1,16.28,-1.42,-48.52,106.94,77.43,296.51,311.02,107.23,77.33,296.4,310.84,1.0
2018-08-18 11:28:00,89.55737,36.94876,933.008,271.78,85.4,613.0,17.56,-1.18,-48.24,107.72,77.5,296.32,310.85,107.46,77.22,296.31,310.73,1.0
2018-08-18 11:28:00,89.55737,36.9487,932.996,271.78,85.4,613.1,18.36,-1.16,-48.4,107.46,77.5,296.54,310.37,107.68,77.13,296.32,310.63,1.0
2018-08-18 11:28:00,89.55737,36.94865,932.986,271.78,85.4,613.1,17.95,-1.19,-48.35,107.26,77.43,296.35,310.39,107.89,77.06,296.37,310.54,1.0
2018-08-18 11:28:00,89.55737,36.94859,933.045,271.78,85.4,612.6,17.25,-1.06,-47.8,108.44,77.3,296.7,310.75,108.08,77.01,296.44,310.44,1.0
2018-08-18 11:28:00,89.55737,36.94854,933.086,271.78,85.4,612.3,20.39,-1.04,-48.11,108.18,77.78,296.56,310.99,108.22,76.99,296.56,310.32,1.0
2018-08-18 11:28:00,89.55736,36.94849,933.084,271.78,85.4,612.3,19.06,-0.96,-48.41,107.13,77.43,295.78,309.65,108.33,77.0,296.52,310.18,1.0
2018-08-18 11:28:00,89.55736,36.94844,933.047,271.78,85.4,612.6,19.06,-0.96,-48.01,107.53,77.09,296.84,310.1,108.38,77.02,296.47,310.05,1.0
2018-08-18 11:28:00,89.55736,36.94838,933.041,271.78,85.4,612.7,19.33,-1.2,-47.2,107.33,77.43,297.19,310.57,108.38,77.06,296.5,310.02,1.0
2018-08-18 11:28:00,89.55736,36.94833,933.089,271.78,85.4,612.3,18.75,-1.59,-46.32,107.72,77.23,297.43,310.74,108.34,77.11,296.55,310.03,1.0
2018-08-18 11:28:00,89.55736,36.94828,933.081,271.79,85.4,612.3,16.5,-1.73,-45.88,107.4,77.5,298.4,311.31,108.26,77.17,296.55,310.01,1.0
2018-08-18 11:28:00,89.55736,36.94822,933.103,271.79,85.4,612.2,17.14,-1.84,-46.12,107.85,77.36,296.79,311.25,108.17,77.22,296.57,310.05,1.0
2018-08-18 11:28:00,89.55736,36.94817,933.209,271.79,85.4,611.3,17.16,-1.34,-46.02,107.92,77.5,296.31,311.04,108.08,77.28,296.71,310.25,1.0
2018-08-18 11:28:00,89.55736,36.94812,933.222,271.79,85.4,611.1,16.31,-0.95,-45.71,107.2,77.5,297.14,310.84,108.02,77.34,296.77,310.48,1.0
2018-08-18 11:28:00,89.55736,36.94806,933.151,271.79,85.4,611.8,15.42,-0.92,-45.57,108.7,77.3,297.34,310.6,107.99,77.41,296.78,310.67,1.0
2018-08-18 11:28:00,89.55736,36.948,933.157,271.79,85.4,611.7,15.22,-1.13,-45.8,108.05,77.36,296.49,310.22,108.03,77.48,296.79,310.79,1.0
2018-08-18 11:28:00,89.55736,36.94792,933.187,271.79,85.3,611.4,15.04,-0.49,-45.69,108.31,77.5,296.31,310.28,108.12,77.57,296.69,310.87,1.0
2018-08-18 11:28:00,89.55736,36.94784,933.156,271.8,85.4,611.7,18.43,-0.76,-45.77,107.46,77.3,296.55,310.04,108.26,77.68,296.72,310.92,1.0
2018-08-18 11:28:00,89.55735,36.94776,933.139,271.8,85.4,611.9,19.65,-0.48,-46.04,106.81,77.23,296.7,310.71,108.43,77.78,296.73,310.92,1.0
2018-08-18 11:28:00,89.55735,36.94768,933.141,271.8,85.4,611.8,19.36,-0.29,-46.32,106.61,77.23,296.93,310.74,108.62,77.89,296.7,310.94,1.0
2018-08-18 11:28:00,89.55735,36.9476,933.162,271.8,85.4,611.7,18.64,-0.6,-46.47,107.72,77.43,297.04,310.72,108.78,77.98,296.71,311.02,1.0
2018-08-18 11:28:00,89.55735,36.94752,933.218,271.8,85.4,611.2,18.29,-1.3,-46.44,109.03,77.5,296.86,310.86,108.9,78.04,296.78,311.12,1.0
2018-08-18 11:28:00,89.55735,36.94744,933.18,271.79,85.4,611.5,20.11,-0.46,-46.49,107.92,77.71,297.0,310.93,108.93,78.07,296.79,311.12,1.0
2018-08-18 11:28:00,89.55735,36.94736,933.194,271.8,85.4,611.4,21.76,-0.62,-46.42,108.12,77.43,296.73,310.56,108.88,78.06,296.77,311.22,1.0
2018-08-18 11:28:00,89.55735,36.94728,933.203,271.8,85.4,611.3,22.96,-1.25,-46.31,108.05,77.64,297.03,311.69,108.73,77.99,296.76,311.32,1.0
2018-08-18 11:28:00,89.55735,36.9472,933.178,271.8,85.4,611.5,24.33,-1.76,-45.85,108.31,77.5,297.5,312.56,108.5,77.88,296.75,311.39,1.0
2018-08-18 11:28:00,89.55735,36.94712,933.138,271.8,85.4,611.9,26.06,-1.71,-44.67,107.66,77.43,297.31,312.45,108.2,77.74,296.75,311.48,1.0
2018-08-18 11:28:00,89.55735,36.94704,933.203,271.8,85.4,611.3,23.05,-2.46,-42.98,108.44,77.5,296.42,311.41,107.88,77.58,296.78,311.66,1.0
2018-08-18 11:28:00,89.55735,36.94696,933.197,271.8,85.3,611.4,23.46,-2.19,-43.05,107.26,77.43,296.04,311.91,107.57,77.41,296.83,311.85,1.0
2018-08-18 11:28:00,89.55735,36.94688,933.268,271.8,85.3,610.8,24.52,-2.15,-42.79,107.33,77.57,296.5,312.38,107.32,77.25,296.77,311.93,1.0
2018-08-18 11:28:00,89.55735,36.9468,933.355,271.8,85.4,610.0,24.59,-2.4,-42.72,107.98,77.43,296.32,311.64,107.15,77.12,296.66,311.93,1.0
2018-08-18 11:28:00,89.55734,36.94672,933.35,271.8,85.3,610.1,24.48,-2.66,-43.14,108.12,77.71,296.22,311.0,107.1,77.04,296.56,311.89,1.0
2018-08-18 11:28:00,89.55734,36.94664,933.311,271.8,85.3,610.4,27.88,-2.59,-42.91,108.77,77.5,296.5,311.9,107.18,77.01,296.47,311.8,1.0
2018-08-18 11:28:00,89.55734,36.94656,933.302,271.8,85.3,610.5,31.34,-2.42,-43.1,107.98,77.5,296.3,311.36,107.36,77.04,296.43,311.76,1.0
2018-08-18 11:28:00,89.55734,36.94649,933.248,271.8,85.3,610.9,34.83,-2.65,-43.56,107.59,77.36,295.17,310.47,107.62,77.11,296.39,311.6,1.0
2018-08-18 11:28:00,89.55734,36.94641,933.236,271.8,85.3,611.0,36.48,-2.32,-43.84,107.4,77.3,295.19,310.3,107.93,77.22,296.33,311.39,1.0
2018-08-18 11:28:00,89.55734,36.94633,933.304,271.8,85.3,610.5,35.58,-1.63,-44.09,107.4,77.3,295.81,310.85,108.23,77.35,296.27,311.21,1.0
2018-08-18 11:28:00,89.55734,36.94625,933.26,271.8,85.3,610.8,32.42,-1.85,-44.88,107.72,77.43,296.41,310.85,108.48,77.49,296.21,311.09,1.0
2018-08-18 11:28:00,89.55734,36.94617,933.231,271.8,85.3,611.1,28.64,-1.95,-44.72,107.26,77.36,296.21,310.94,108.66,77.62,296.18,310.92,1.0
2018-08-18 11:28:00,89.55734,36.9461,933.272,271.81,85.3,610.7,28.67,-1.39,-44.62,108.64,77.5,296.59,310.95,108.72,77.72,296.16,310.78,1.0
2018-08-18 11:28:00,89.55734,36.94605,933.333,271.81,85.3,610.2,29.42,-1.52,-44.66,108.38,77.57,296.49,311.05,108.68,77.8,296.29,310.78,1.0
2018-08-18 11:28:00,89.55734,36.94601,933.354,271.81,85.3,610.0,30.46,-1.87,-44.41,108.38,77.43,296.5,310.94,108.55,77.84,296.42,310.8,1.0
2018-08-18 11:28:00,89.55734,36.94597,933.302,271.8,85.3,610.5,31.64,-1.77,-43.77,107.4,77.64,296.32,310.85,108.35,77.85,296.47,310.8,1.0
2018-08-18 11:28:00,89.55734,36.94593,933.357,271.81,85.3,610.0,32.36,-2.46,-43.97,107.98,77.43,296.51,310.95,108.13,77.83,296.49,310.84,1.0
2018-08-18 11:28:00,89.55734,36.94589,933.327,271.81,85.3,610.3,31.72,-2.5,-43.31,108.05,77.43,296.51,310.85,107.93,77.78,296.51,310.89,1.0
2018-08-18 11:28:00,89.55734,36.94585,933.338,271.81,85.3,610.2,32.51,-2.63,-42.1,108.12,77.5,296.41,310.85,107.79,77.72,296.5,310.95,1.0
2018-08-18 11:28:00,89.55734,36.94581,933.331,271.81,85.3,610.2,33.32,-3.14,-41.43,108.25,77.5,296.51,311.04,107.74,77.65,296.53,310.99,1.0
2018-08-18 11:28:00,89.55734,36.94577,933.291,271.81,85.3,610.6,33.53,-3.67,-41.68,107.79,77.5,296.32,311.15,107.78,77.59,296.59,311.0,1.0
2018-08-18 11:28:00,89.55733,36.94573,933.419,271.81,85.3,609.5,33.96,-3.21,-42.22,107.33,77.5,296.6,311.06,107.92,77.53,296.62,311.0,1.0
2018-08-18 11:28:00,89.55733,36.94569,933.369,271.81,85.3,609.9,32.47,-2.51,-42.55,108.38,77.71,296.32,310.95,108.13,77.49,296.63,311.0,1.0
2018-08-18 11:28:00,89.55733,36.94565,933.457,271.81,85.3,609.2,29.1,-2.55,-42.26,107.66,77.43,296.49,311.04,108.37,77.46,296.62,310.98,1.0
2018-08-18 11:28:00,89.55733,36.94561,933.497,271.81,85.3,608.8,26.79,-2.39,-42.55,107.98,77.5,296.92,310.66,108.61,77.43,296.58,310.95,1.0
2018-08-18 11:28:00,89.55733,36.94556,933.442,271.81,85.3,609.3,25.75,-1.85,-43.25,107.79,77.43,297.56,310.53,108.82,77.41,296.55,310.92,1.0
2018-08-18 11:28:00,89.55733,36.94553,933.423,271.81,85.3,609.4,25.47,-1.28,-43.68,107.79,77.43,297.33,310.77,108.95,77.4,296.54,310.88,1.0
2018-08-18 11:28:00,89.55733,36.94548,933.396,271.81,85.3,609.7,28.55,-1.04,-44.4,107.92,77.5,297.43,310.79,109.0,77.38,296.55,310.85,1.0
2018-08-18 11:28:00,89.55733,36.94541,933.417,271.81,85.3,609.5,29.57,-0.23,-44.53,108.51,77.57,296.94,310.47,108.95,77.37,296.6,310.85,1.0
2018-08-18 11:28:00,89.55733,36.94534,933.413,271.81,85.3,609.5,30.53,-0.5,-43.9,108.25,77.43,296.54,311.05,108.83,77.36,296.73,310.93,1.0
2018-08-18 11:28:00,89.55733,36.94527,933.379,271.82,85.3,609.8,30.64,-0.82,-43.34,108.57,77.5,296.21,310.85,108.63,77.36,296.82,311.08,1.0
2018-08-18 11:28:00,89.55732,36.9452,933.364,271.82,85.3,609.9,29.64,-0.5,-43.36,108.31,77.57,296.5,310.95,108.4,77.37,296.83,311.23,1.0
2018-08-18 11:28:00,89.55732,36.94513,933.42,271.81,85.3,609.5,30.34,-0.7,-43.95,107.85,77.5,296.32,310.95,108.14,77.39,296.79,311.29,1.0
2018-08-18 11:28:00,89.55732,36.94506,933.464,271.82,85.3,609.1,31.27,-1.11,-44.12,108.12,77.64,296.31,311.15,107.88,77.42,296.75,311.34,1.0
2018-08-18 11:28:00,89.55732,36.94499,933.504,271.82,85.3,608.8,30.94,-0.92,-43.9,108.12,77.23,297.35,311.86,107.63,77.47,296.7,311.37,1.0
2018-08-18 11:28:00,89.55732,36.94492,933.531,271.82,85.3,608.5,29.61,-1.15,-43.33,107.0,77.36,297.14,311.87,107.39,77.53,296.66,311.39,1.0
2018-08-18 11:28:00,89.55732,36.94485,933.533,271.81,85.3,608.5,28.08,-1.69,-42.82,108.84,77.5,296.67,311.77,107.16,77.6,296.62,311.39,1.0
2018-08-18 11:28:00,89.55732,36.94481,933.495,271.81,85.3,608.8,27.39,-1.41,-43.03,107.85,77.5,296.23,310.73,106.93,77.67,296.58,311.37,1.0
2018-08-18 11:28:00,89.55732,36.94476,933.496,271.82,85.3,608.8,25.72,-0.93,-42.91,108.05,77.43,296.23,311.03,106.7,77.73,296.52,311.33,1.0
2018-08-18 11:28:00,89.55732,36.94472,933.542,271.82,85.3,608.4,24.15,-1.26,-42.85,108.12,77.64,296.32,311.03,106.47,77.78,296.48,311.27,1.0
2018-08-18 11:28:00,89.55732,36.94468,933.523,271.82,85.3,608.6,21.09,-1.04,-43.15,108.18,77.57,296.51,311.04,106.26,77.81,296.39,311.14,1.0
2018-08-18 11:28:00,89.55732,36.94463,933.494,271.82,85.3,608.9,17.19,-0.57,-43.91,107.98,77.43,296.32,310.85,106.08,77.82,296.3,310.98,1.0
2018-08-18 11:28:00,89.55732,36.94459,933.58,271.82,85.3,608.1,13.84,-0.58,-44.88,108.12,77.5,296.41,310.85,105.96,77.81,296.27,310.87,1.0
2018-08-18 11:28:00,89.55732,36.94454,933.612,271.82,85.3,607.9,11.71,-1.33,-45.24,108.12,77.5,296.6,311.14,105.92,77.78,296.31,310.84,1.0
2018-08-18 11:28:00,89.55732,36.9445,933.573,271.82,85.3,608.2,13.66,-0.8,-45.49,106.74,77.64,296.6,311.04,106.0,77.73,296.36,310.83,1.0
2018-08-18 11:28:00,89.55731,36.94446,933.493,271.82,85.3,608.9,15.31,-1.36,-45.77,107.46,77.5,296.6,311.04,106.19,77.67,296.41,310.83,1.0
2018-08-18 11:28:00,89.55731,36.94441,933.471,271.82,85.3,609.0,17.54,-1.75,-46.1,107.13,77.5,296.32,311.15,106.51,77.6,296.41,310.84,1.0
2018-08-18 11:28:00,89.55731,36.94437,933.546,271.82,85.3,608.4,20.37,-1.44,-46.38,108.31,77.5,296.22,311.25,106.93,77.54,296.37,310.85,1.0
2018-08-18 11:28:00,89.55731,36.94432,933.528,271.83,85.3,608.6,21.8,-1.2,-46.39,107.85,77.64,296.41,311.05,107.41,77.49,296.37,310.85,1.0
2018-08-18 11:28:00,89.55731,36.94428,933.567,271.83,85.3,608.2,21.48,-1.69,-47.65,107.33,77.71,296.5,311.06,107.92,77.44,296.36,310.84,1.0
2018-08-18 11:28:00,89.55731,36.94423,933.561,271.83,85.3,608.3,21.18,-1.3,-47.52,107.46,77.57,296.41,310.71,108.41,77.41,296.34,310.81,1.0
2018-08-18 11:28:00,89.55731,36.94418,933.547,271.83,85.3,608.4,21.27,-1.29,-47.46,107.72,77.43,295.87,310.99,108.81,77.4,296.3,310.77,1.0
2018-08-18 11:28:00,89.55731,36.94414,933.554,271.82,85.3,608.3,21.55,-1.61,-47.18,107.4,77.36,295.61,310.68,109.09,77.4,296.25,310.73,1.0
2018-08-18 11:28:00,89.55731,36.94409,933.591,271.82,85.3,608.0,21.82,-1.58,-45.93,107.72,77.43,295.96,310.58,109.22,77.41,296.22,310.68,1.0
2018-08-18 11:28:00,89.55731,36.94404,933.626,271.83,85.3,607.7,23.78,-1.47,-45.99,107.53,77.57,296.22,311.16,109.2,77.44,296.26,310.6,1.0
2018-08-18 11:28:00,89.55731,36.94399,933.616,271.83,85.3,607.8,23.06,-1.77,-45.39,108.77,77.5,296.32,310.76,109.05,77.47,296.14,310.6,1.0
2018-08-18 11:28:00,89.55731,36.94395,933.637,271.83,85.3,607.6,22.21,-1.78,-44.87,107.79,77.64,296.32,311.15,108.79,77.51,295.97,310.57,1.0
2018-08-18 11:28:00,89.55731,36.9439,933.666,271.83,85.3,607.4,21.75,-1.65,-44.62,108.05,77.43,296.51,310.87,108.49,77.56,295.94,310.55,1.0
2018-08-18 11:28:00,89.5573,36.94385,933.648,271.83,85.3,607.6,22.06,-1.58,-44.74,107.72,77.71,296.7,310.78,108.2,77.6,296.05,310.59,1.0
2018-08-18 11:28:00,89.5573,36.9438,933.589,271.83,85.3,608.0,24.1,-1.63,-45.29,107.98,77.5,297.32,310.41,107.97,77.65,296.08,310.65,1.0
2018-08-18 11:28:00,89.5573,36.94376,933.655,271.83,85.3,607.5,25.97,-1.22,-45.36,108.25,77.57,295.3,311.22,107.85,77.7,296.11,310.73,1.0
2018-08-18 11:28:00,89.5573,36.94371,933.68,271.83,85.3,607.3,27.08,-0.99,-45.73,107.0,77.3,294.66,310.53,107.87,77.74,296.14,310.81,1.0
2018-08-18 11:28:00,89.5573,36.94367,933.715,271.83,85.3,607.0,27.1,-0.98,-45.44,108.25,77.5,295.53,310.14,108.03,77.77,296.18,310.89,1.0
2018-08-18 11:28:00,89.5573,36.94363,933.802,271.83,85.3,606.3,26.13,-1.11,-44.5,107.85,77.64,296.54,310.86,108.32,77.79,296.22,311.01,1.0
2018-08-18 11:28:00,89.5573,36.94359,933.824,271.84,85.3,606.1,24.84,-1.2,-44.12,108.12,77.5,296.31,311.06,108.7,77.8,296.24,311.2,1.0
2018-08-18 11:28:00,89.5573,36.94355,933.71,271.83,85.3,607.0,23.01,-0.82,-44.01,107.26,77.64,296.31,310.96,109.12,77.8,296.2,311.4,1.0
2018-08-18 11:28:00,89.5573,36.94351,933.729,271.84,85.3,606.9,24.93,-0.36,-44.05,107.79,77.5,296.51,310.68,109.52,77.78,296.34,311.49,1.0
2018-08-18 11:28:00,89.5573,36.94347,933.75,271.84,85.3,606.7,25.16,-0.39,-44.12,107.98,77.64,296.6,311.06,109.82,77.76,296.58,311.59,1.0
2018-08-18 11:28:00,89.5573,36.94343,933.747,271.84,85.3,606.7,24.07,-0.53,-43.9,108.57,77.5,296.5,311.2,110.0,77.72,296.73,311.66,1.0
2018-08-18 11:28:00,89.5573,36.94339,933.786,271.83,85.3,606.4,23.93,-0.39,-43.24,108.25,77.71,296.31,312.25,110.0,77.69,296.71,311.65,1.0
2018-08-18 11:28:00,89.5573,36.94335,933.793,271.83,85.3,606.3,26.13,-0.68,-42.71,107.98,77.64,296.32,311.92,109.82,77.65,296.71,311.62,1.0
2018-08-18 11:28:00,89.5573,36.94331,933.748,271.84,85.3,606.7,29.56,-0.43,-42.77,107.85,77.5,296.41,311.91,109.47,77.61,296.68,311.58,1.0
2018-08-18 11:28:00,89.5573,36.94327,933.707,271.84,85.3,607.1,29.01,0.03,-42.72,108.51,77.64,296.9,311.65,108.98,77.58,296.63,311.52,1.0
2018-08-18 11:28:00,89.5573,36.94323,933.702,271.83,85.3,607.1,25.73,0.18,-42.81,108.31,77.5,296.9,311.32,108.42,77.54,296.57,311.45,1.0
2018-08-18 11:28:00,89.55729,36.94322,933.731,271.83,85.3,606.9,22.32,0.0,-43.37,108.9,77.64,296.33,310.86,107.85,77.5,296.51,311.34,1.0
2018-08-18 11:28:00,89.55729,36.94321,933.717,271.84,85.3,607.0,19.92,0.37,-44.59,108.64,77.43,296.41,310.77,107.33,77.44,296.45,311.16,1.0
2018-08-18 11:28:00,89.55729,36.9432,933.723,271.84,85.3,606.9,19.66,0.02,-45.79,108.12,77.57,296.41,310.96,106.93,77.38,296.41,311.01,1.0
2018-08-18 11:28:00,89.55729,36.94319,933.744,271.84,85.2,606.7,17.22,0.52,-47.01,107.53,77.64,296.51,311.16,106.71,77.31,296.39,310.9,1.0
2018-08-18 11:28:00,89.55729,36.94318,933.747,271.84,85.2,606.7,14.85,0.9,-48.2,108.18,77.57,296.42,311.25,106.69,77.23,296.35,310.84,1.0
2018-08-18 11:28:00,89.55729,36.94317,933.732,271.84,85.2,606.8,13.52,0.8,-49.09,107.79,77.57,296.6,311.16,106.87,77.14,296.37,310.83,1.0
2018-08-18 11:28:00,89.55729,36.94316,933.747,271.84,85.2,606.7,13.32,0.34,-49.25,107.72,77.5,296.52,311.06,107.23,77.06,296.49,310.87,1.0
2018-08-18 11:28:00,89.55729,36.94315,933.766,271.85,85.2,606.6,13.91,0.28,-48.48,108.44,77.64,296.32,310.87,107.72,77.0,296.56,310.93,1.0
2018-08-18 11:28:00,89.55729,36.94314,933.793,271.84,85.2,606.3,16.03,0.01,-49.2,107.72,77.5,296.32,310.88,108.27,76.96,296.66,311.07,1.0
2018-08-18 11:28:00,89.55729,36.94313,933.823,271.84,85.2,606.1,15.16,0.24,-50.17,107.53,77.5,296.6,311.18,108.81,76.95,296.71,311.16,1.0
2018-08-18 11:28:00,89.55729,36.94312,933.849,271.84,85.2,605.9,13.33,0.44,-50.78,108.44,77.5,296.67,310.98,109.28,76.99,296.72,311.18,1.0
2018-08-18 11:28:00,89.55728,36.94311,933.861,271.85,85.2,605.8,12.87,0.14,-50.55,107.46,77.5,297.28,310.98,109.62,77.08,296.68,311.17,1.0
2018-08-18 11:28:00,89.55728,36.9431,933.854,271.85,85.2,605.8,11.17,0.16,-49.18,109.1,77.36,296.32,310.88,109.78,77.21,296.6,311.12,1.0
2018-08-18 11:28:00,89.55728,36.94309,933.801,271.85,85.2,606.3,16.15,-0.11,-48.81,108.31,77.3,296.76,311.62,109.76,77.37,296.49,311.05,1.0
2018-08-18 11:28:00,89.55728,36.94309,933.781,271.85,85.2,606.4,18.35,-0.71,-48.43,107.59,77.23,296.52,310.92,109.57,77.55,296.37,310.95,1.0
2018-08-18 11:28:00,89.55728,36.94308,933.808,271.85,85.2,606.2,19.03,-0.84,-48.16,108.57,77.5,296.32,310.98,109.24,77.74,296.3,310.85,1.0
2018-08-18 11:28:00,89.55728,36.94307,933.843,271.86,85.2,605.9,19.29,-0.64,-47.98,108.7,77.64,296.32,310.98,108.83,77.91,296.26,310.76,1.0
2018-08-18 11:28:00,89.55728,36.94306,933.799,271.85,85.2,606.3,18.64,-1.2,-47.66,108.51,77.5,296.41,310.77,108.4,78.05,296.21,310.68,1.0
2018-08-18 11:28:00,89.55728,36.94306,933.755,271.85,85.2,606.6,18.0,-1.03,-47.46,107.72,77.5,296.52,310.98,108.0,78.15,296.26,310.67,1.0
2018-08-18 11:28:00,89.55728,36.94305,933.864,271.85,85.2,605.7,16.59,-1.03,-47.24,108.64,77.43,296.33,310.89,107.67,78.19,296.29,310.66,1.0
2018-08-18 11:28:00,89.55728,36.94304,933.966,271.85,85.2,604.9,16.45,-0.99,-46.39,108.05,77.71,296.89,311.09,107.44,78.19,296.37,310.73,1.0
2018-08-18 11:28:00,89.55727,36.94304,933.967,271.85,85.2,604.9,17.09,-1.05,-45.32,108.51,77.5,297.43,310.78,107.31,78.13,296.49,310.85,1.0
2018-08-18 11:28:00,89.55727,36.94303,933.871,271.85,85.2,605.7,17.37,-1.36,-44.7,108.7,77.64,296.95,310.77,107.27,78.04,296.61,310.98,1.0
2018-08-18 11:28:00,89.55727,36.94302,933.956,271.85,85.2,604.9,18.75,-1.42,-44.31,107.4,77.5,296.72,311.06,107.29,77.92,296.69,311.1,1.0
2018-08-18 11:28:00,89.55727,36.94301,933.918,271.85,85.2,605.3,19.22,-1.55,-44.2,107.53,77.64,296.6,311.2,107.34,77.78,296.72,311.18,1.0
2018-08-18 11:28:00,89.55727,36.94296,933.886,271.85,85.2,605.5,17.78,-1.75,-44.36,108.38,77.57,296.42,311.23,107.38,77.64,296.69,311.2,1.0
2018-08-18 11:28:00,89.55727,36.9429,933.902,271.85,85.2,605.4,17.13,-1.55,-44.74,108.25,77.64,296.34,310.97,107.38,77.51,296.55,311.17,1.0
2018-08-18 11:28:00,89.55727,36.94284,933.946,271.86,85.2,605.0,18.25,-0.95,-45.14,108.77,77.85,296.44,311.16,107.33,77.39,296.34,311.08,1.0
2018-08-18 11:28:00,89.55727,36.94278,933.906,271.85,85.2,605.4,18.47,-0.81,-45.2,107.72,77.43,296.06,310.77,107.23,77.28,296.13,310.97,1.0
2018-08-18 11:28:00,89.55726,36.94272,934.016,271.85,85.2,604.4,16.95,-1.46,-45.19,108.18,77.5,295.98,310.77,107.11,77.18,295.93,310.83,1.0
2018-08-18 11:28:00,89.55726,36.94266,934.088,271.86,85.2,603.8,16.48,-1.32,-44.81,107.59,77.5,296.03,310.59,106.99,77.1,295.8,310.65,1.0
2018-08-18 11:28:00,89.55726,36.9426,934.093,271.86,85.2,603.8,17.21,-1.12,-44.93,107.85,77.43,296.25,310.78,106.9,77.04,295.74,310.5,1.0
2018-08-18 11:28:00,89.55726,36.94254,934.059,271.86,85.2,604.1,18.14,-1.03,-45.66,108.12,77.64,296.53,311.16,106.89,76.99,295.74,310.43,1.0
2018-08-18 11:28:00,89.55726,36.94248,934.106,271.85,85.2,603.7,17.24,-0.76,-46.39,108.97,77.5,296.64,311.09,106.95,76.97,295.83,310.43,1.0
2018-08-18 11:28:00,89.55726,36.94242,934.102,271.86,85.2,603.7,14.9,-0.28,-48.07,107.53,77.57,296.64,311.33,107.11,76.96,295.99,310.54,1.0
2018-08-18 11:28:00,89.55726,36.94236,934.096,271.86,85.2,603.8,15.93,-0.54,-48.67,107.92,77.5,296.54,311.16,107.35,76.99,296.26,310.64,1.0
2018-08-18 11:28:00,89.55726,36.94226,934.068,271.86,85.2,604.0,16.43,-0.12,-48.89,107.13,77.43,296.36,311.06,107.65,77.05,296.49,310.78,1.0
2018-08-18 11:28:00,89.55726,36.94215,934.048,271.86,85.2,604.2,16.54,0.15,-49.21,107.79,77.5,296.45,311.06,107.96,77.14,296.66,310.93,1.0
2018-08-18 11:28:00,89.55726,36.94203,934.079,271.86,85.2,603.9,17.07,-0.44,-49.67,107.79,77.71,296.6,311.19,108.26,77.26,296.78,311.06,1.0
2018-08-18 11:28:00,89.55726,36.94191,934.056,271.86,85.2,604.1,17.29,-0.59,-49.42,108.31,77.09,296.39,311.33,108.51,77.4,296.83,311.15,1.0
2018-08-18 11:28:00,89.55726,36.94179,934.074,271.86,85.2,604.0,16.42,-0.29,-49.26,107.66,77.23,296.8,310.33,108.68,77.57,296.81,311.16,1.0
2018-08-18 11:28:00,89.55726,36.94167,934.067,271.86,85.2,604.0,14.19,-0.29,-48.98,107.33,77.43,296.2,310.27,108.76,77.73,296.74,311.14,1.0
2018-08-18 11:28:00,89.55726,36.94155,934.054,271.86,85.2,604.1,11.44,-0.05,-49.19,108.7,77.5,296.26,310.77,108.76,77.89,296.62,311.07,1.0
2018-08-18 11:28:00,89.55725,36.94144,934.085,271.86,85.2,603.9,10.33,0.44,-49.69,108.51,77.71,296.17,310.78,108.68,78.02,296.49,310.98,1.0
2018-08-18 11:28:00,89.55725,36.94132,934.129,271.86,85.2,603.5,13.18,0.22,-49.39,108.12,77.43,296.36,310.87,108.57,78.13,296.37,310.86,1.0
2018-08-18 11:28:00,89.55725,36.9412,934.132,271.86,85.2,603.5,14.08,0.02,-48.76,107.72,77.5,296.45,310.88,108.43,78.19,296.26,310.7,1.0
2018-08-18 11:28:00,89.55725,36.94108,934.177,271.86,85.2,603.1,12.36,0.28,-47.54,108.51,77.5,296.54,310.88,108.32,78.22,296.16,310.64,1.0
2018-08-18 11:28:00,89.55725,36.94096,934.194,271.86,85.2,602.9,9.15,0.39,-46.85,107.59,77.71,296.35,310.88,108.23,78.2,296.17,310.63,1.0
2018-08-18 11:28:00,89.55725,36.94085,934.18,271.87,85.2,603.1,6.28,0.31,-46.58,107.4,77.57,296.35,310.97,108.2,78.16,296.27,310.65,1.0
2018-08-18 11:28:00,89.55725,36.94076,934.197,271.87,85.2,602.9,5.57,0.35,-46.18,108.51,77.5,296.36,310.77,108.22,78.08,296.4,310.71,1.0
2018-08-18 11:28:00,89.55725,36.94067,934.184,271.86,85.2,603.0,7.51,0.84,-46.14,108.18,77.71,296.26,310.97,108.29,78.0,296.56,310.81,1.0
2018-08-18 11:28:00,89.55725,36.94058,934.13,271.87,85.2,603.5,9.57,-0.03,-46.01,108.57,77.5,296.54,310.88,108.38,77.91,296.7,310.91,1.0
2018-08-18 11:28:00,89.55725,36.94049,934.143,271.87,85.2,603.4,12.18,0.15,-45.74,107.59,77.71,296.36,310.88,108.49,77.82,296.82,311.0,1.0
2018-08-18 11:28:00,89.55725,36.9404,934.189,271.87,85.2,603.0,15.28,0.63,-45.32,107.92,77.64,296.36,311.17,108.58,77.74,296.89,311.08,1.0
2018-08-18 11:28:00,89.55725,36.94031,934.196,271.87,85.2,602.9,18.65,0.52,-44.96,107.59,77.64,296.54,310.79,108.64,77.66,296.9,311.12,1.0
2018-08-18 11:28:00,89.55725,36.94022,934.15,271.87,85.2,603.3,22.24,-0.35,-45.17,107.98,77.5,296.26,311.17,108.67,77.59,296.87,311.13,1.0
2018-08-18 11:28:00,89.55725,36.94013,934.171,271.87,85.2,603.1,22.33,0.3,-44.91,108.18,77.64,296.35,310.88,108.65,77.54,296.8,311.11,1.0
2018-08-18 11:28:00,89.55724,36.94004,934.18,271.87,85.2,603.1,20.53,-0.12,-45.4,108.57,77.64,296.45,311.08,108.59,77.48,296.71,311.07,1.0
2018-08-18 11:28:00,89.55724,36.93995,934.181,271.87,85.2,603.0,17.82,-0.71,-45.79,108.7,77.57,296.45,310.98,108.5,77.44,296.62,311.08,1.0
2018-08-18 11:28:00,89.55724,36.93986,934.183,271.88,85.2,603.0,15.16,-0.87,-45.81,108.57,77.64,296.35,310.78,108.39,77.4,296.54,311.14,1.0
2018-08-18 11:28:00,89.55724,36.93977,934.181,271.87,85.2,603.1,13.26,-0.54,-45.73,108.18,77.64,296.44,310.59,108.28,77.37,296.47,311.18,1.0
2018-08-18 11:28:00,89.55724,36.93972,934.183,271.87,85.2,603.0,12.37,-1.21,-45.8,107.59,77.57,296.17,310.79,108.17,77.36,296.33,311.24,1.0
2018-08-18 11:28:00,89.55724,36.93966,934.196,271.88,85.2,602.9,10.57,-0.94,-45.75,108.31,77.57,296.54,310.79,108.08,77.37,296.31,311.28,1.0
2018-08-18 11:28:00,89.55724,36.93961,934.171,271.88,85.2,603.1,10.57,-0.97,-46.07,107.72,77.64,296.54,311.55,108.02,77.4,296.33,311.3,1.0
2018-08-18 11:28:00,89.55724,36.93955,934.138,271.87,85.2,603.4,11.87,-1.31,-46.87,107.98,77.5,296.54,312.19,107.99,77.45,296.35,311.31,1.0
2018-08-18 11:28:00,89.55724,36.9395,934.16,271.88,85.2,603.2,12.86,-1.52,-47.9,107.85,77.64,296.31,312.02,107.98,77.52,296.36,311.33,1.0
2018-08-18 11:28:00,89.55724,36.93944,934.227,271.87,85.2,602.7,11.13,-0.85,-48.14,107.33,77.43,294.99,311.69,108.01,77.61,296.36,311.34,1.0
2018-08-18 11:28:00,89.55724,36.93939,934.271,271.87,85.2,602.3,7.83,-0.99,-47.56,109.03,77.43,296.11,311.24,108.05,77.7,296.24,311.35,1.0
2018-08-18 11:28:00,89.55724,36.93933,934.247,271.88,85.2,602.5,4.09,-1.42,-46.74,108.84,77.71,296.54,310.96,108.1,77.8,296.07,311.36,1.0
2018-08-18 11:28:00,89.55724,36.93928,934.249,271.88,85.2,602.5,3.26,-1.29,-46.16,108.31,77.5,296.45,310.79,108.14,77.88,295.91,311.31,1.0
2018-08-18 11:28:00,89.55724,36.93922,934.312,271.87,85.2,601.9,5.78,-0.77,-45.9,108.25,77.64,296.36,311.09,108.17,77.95,295.79,311.23,1.0
2018-08-18 11:28:00,89.55724,36.93917,934.276,271.87,85.2,602.3,8.75,-1.14,-45.65,108.31,77.64,296.37,310.89,108.16,77.99,295.71,311.18,1.0
2018-08-18 11:28:00,89.55724,36.93912,934.383,271.88,85.2,601.3,11.74,-0.89,-46.19,107.72,77.64,295.37,310.78,108.13,78.0,295.74,311.14,1.0
2018-08-18 11:28:00,89.55724,36.93906,934.367,271.88,85.2,601.5,12.36,-0.66,-46.41,108.18,77.64,295.06,310.89,108.06,77.99,295.72,311.14,1.0
2018-08-18 11:28:00,89.55723,36.93901,934.296,271.88,85.2,602.1,13.13,-0.89,-46.74,107.98,77.64,295.34,311.09,107.97,77.95,295.73,311.17,1.0
2018-08-18 11:28:00,89.55723,36.93895,934.276,271.88,85.2,602.3,12.95,-1.09,-47.09,107.26,77.64,295.38,311.28,107.87,77.91,295.78,311.21,1.0
2018-08-18 11:28:00,89.55723,36.93888,934.415,271.88,85.2,601.1,9.92,-0.66,-47.19,108.25,77.57,295.52,310.9,107.79,77.85,295.83,311.23,1.0
2018-08-18 11:28:00,89.55723,36.93877,934.27,271.88,85.2,602.3,7.4,-0.95,-47.33,107.0,77.78,295.4,311.0,107.74,77.8,295.88,311.23,1.0
2018-08-18 11:28:00,89.55723,36.93867,934.283,271.88,85.1,602.2,6.31,-1.06,-46.46,108.97,77.71,295.9,311.08,107.76,77.76,296.01,311.2,1.0
2018-08-18 11:28:00,89.55723,36.93856,934.312,271.88,85.1,602.0,6.82,-1.06,-46.24,109.69,77.64,296.12,310.88,107.84,77.73,296.13,311.15,1.0
2018-08-18 11:28:00,89.55723,36.93846,934.322,271.88,85.2,601.9,9.39,-1.4,-46.23,108.18,77.5,296.36,310.88,108.01,77.7,296.21,311.07,1.0
2018-08-18 11:28:00,89.55723,36.93836,934.334,271.88,85.1,601.8,12.77,-1.99,-46.17,107.92,77.71,296.55,310.89,108.25,77.68,296.24,310.98,1.0
2018-08-18 11:28:00,89.55723,36.93825,934.386,271.88,85.1,601.3,12.64,-1.7,-46.87,107.98,77.71,296.37,311.09,108.54,77.66,296.24,310.9,1.0
2018-08-18 11:28:00,89.55723,36.93815,934.398,271.89,85.1,601.2,13.66,-1.94,-47.08,108.12,77.64,296.36,310.9,108.85,77.64,296.25,310.84,1.0
2018-08-18 11:28:00,89.55723,36.93804,934.371,271.89,85.1,601.5,12.33,-2.23,-49.92,106.74,77.64,296.37,311.09,109.15,77.61,296.24,310.81,1.0
2018-08-18 11:28:00,89.55722,36.93795,934.368,271.89,85.1,601.5,11.01,-2.15,-51.67,108.25,77.64,296.55,310.79,109.39,77.56,296.22,310.81,1.0
2018-08-18 11:28:00,89.55722,36.93789,934.405,271.89,85.1,601.2,10.82,-1.91,-51.71,107.92,77.71,296.26,311.08,109.54,77.51,296.21,310.88,1.0
2018-08-18 11:28:00,89.55722,36.93783,934.394,271.89,85.1,601.3,11.29,-2.1,-51.88,108.44,77.57,296.54,311.19,109.58,77.46,296.23,311.05,1.0
2018-08-18 11:28:00,89.55722,36.93777,934.483,271.89,85.1,600.5,8.99,-1.88,-50.41,108.05,77.71,296.46,311.09,109.49,77.4,296.27,311.13,1.0
2018-08-18 11:28:00,89.55722,36.93771,934.494,271.89,85.1,600.4,8.95,-1.77,-49.86,108.97,77.71,296.55,311.0,109.28,77.36,296.33,311.2,1.0
2018-08-18 11:28:00,89.55722,36.93765,934.455,271.89,85.1,600.7,10.62,-1.95,-49.73,109.03,77.64,296.55,310.9,108.97,77.34,296.4,311.27,1.0
2018-08-18 11:28:00,89.55722,36.9376,934.429,271.88,85.1,601.0,13.04,-2.01,-49.9,108.18,77.71,296.64,311.38,108.6,77.35,296.46,311.36,1.0
2018-08-18 11:28:00,89.55722,36.93754,934.477,271.89,85.1,600.6,15.32,-1.65,-50.3,108.51,77.43,296.43,311.9,108.19,77.38,296.48,311.49,1.0
2018-08-18 11:28:00,89.55722,36.93748,934.507,271.88,85.1,600.3,14.94,-2.16,-50.0,108.18,77.57,296.45,310.83,107.81,77.43,296.4,311.6,1.0
2018-08-18 11:28:00,89.55722,36.93742,934.526,271.89,85.1,600.1,15.29,-1.88,-50.0,108.51,77.5,296.36,310.7,107.47,77.51,296.38,311.64,1.0
2018-08-18 11:28:00,89.55722,36.93736,934.53,271.89,85.1,600.1,16.44,-1.71,-50.11,108.7,77.71,296.36,310.89,107.21,77.6,296.35,311.6,1.0
2018-08-18 11:28:00,89.55722,36.9373,934.55,271.89,85.1,599.9,15.56,-1.88,-50.06,108.12,77.57,296.36,311.65,107.05,77.68,296.31,311.57,1.0
2018-08-18 11:28:00,89.55722,36.93724,934.599,271.89,85.1,599.5,12.06,-2.26,-49.82,107.46,77.64,296.09,312.37,106.98,77.75,296.26,311.53,1.0
2018-08-18 11:28:00,89.55722,36.93719,934.618,271.89,85.1,599.4,9.26,-2.37,-49.62,108.12,77.43,295.33,312.48,107.0,77.8,296.21,311.42,1.0
2018-08-18 11:28:00,89.55721,36.93714,934.572,271.89,85.1,599.8,6.36,-2.12,-50.91,107.59,77.71,296.15,311.78,107.1,77.83,296.18,311.44,1.0
2018-08-18 11:28:00,89.55721,36.9371,934.59,271.89,85.1,599.6,2.15,-1.88,-51.78,107.85,77.71,296.27,311.35,107.26,77.82,296.16,311.49,1.0
2018-08-18 11:28:00,89.55721,36.93705,934.574,271.89,85.1,599.7,-0.5,-1.86,-52.39,108.7,77.71,296.64,311.22,107.46,77.8,296.07,311.55,1.0
2018-08-18 11:28:00,89.55721,36.937,934.529,271.89,85.1,600.1,-0.46,-2.27,-52.56,107.79,77.57,296.36,311.41,107.69,77.76,295.96,311.56,1.0
2018-08-18 11:28:00,89.55721,36.93695,934.578,271.89,85.1,599.7,1.89,-3.1,-52.13,108.9,77.64,296.56,311.18,107.94,77.71,295.91,311.49,1.0
2018-08-18 11:28:00,89.55721,36.93691,934.656,271.89,85.1,599.0,4.2,-2.76,-51.88,108.38,77.64,296.36,311.18,108.19,77.66,295.93,311.38,1.0
2018-08-18 11:28:00,89.55721,36.93686,934.68,271.89,85.1,598.8,6.22,-3.11,-51.73,107.98,77.64,296.46,310.8,108.45,77.63,295.91,311.28,1.0
2018-08-18 11:28:00,89.55721,36.93681,934.665,271.89,85.1,599.0,8.4,-3.27,-51.55,107.72,77.64,295.44,311.08,108.69,77.61,295.91,311.2,1.0
2018-08-18 11:28:00,89.55721,36.93676,934.643,271.89,85.1,599.2,10.26,-3.28,-51.29,108.18,77.64,294.98,311.17,108.9,77.61,295.93,311.1,1.0
2018-08-18 11:28:00,89.55721,36.93672,934.648,271.9,85.1,599.1,11.2,-3.24,-51.0,107.98,77.71,295.29,310.78,109.06,77.63,295.93,310.97,1.0
2018-08-18 11:28:00,89.55721,36.93667,934.727,271.9,85.1,598.4,10.67,-3.14,-50.93,108.18,77.5,295.3,311.18,109.15,77.66,295.94,310.87,1.0
2018-08-18 11:28:00,89.5572,36.93662,934.754,271.9,85.1,598.2,11.54,-3.29,-50.64,108.51,77.64,295.87,310.91,109.16,77.69,295.94,310.79,1.0
2018-08-18 11:28:00,89.5572,36.93656,934.758,271.9,85.1,598.2,10.53,-2.98,-50.73,106.87,77.64,296.35,311.1,109.08,77.73,295.95,310.73,1.0
2018-08-18 11:28:00,89.5572,36.9365,934.718,271.9,85.1,598.5,9.38,-2.79,-51.0,108.25,77.57,296.38,310.9,108.91,77.76,296.05,310.72,1.0
2018-08-18 11:28:00,89.5572,36.93644,934.666,271.9,85.1,599.0,9.58,-2.78,-51.13,108.38,77.64,296.18,311.0,108.65,77.78,296.16,310.73,1.0
2018-08-18 11:28:00,89.5572,36.93638,934.736,271.9,85.1,598.4,11.67,-2.49,-50.83,109.1,77.64,296.65,311.19,108.35,77.79,296.2,310.76,1.0
2018-08-18 11:28:00,89.5572,36.93632,934.642,271.9,85.1,599.2,14.46,-2.56,-50.63,109.16,77.71,296.37,311.09,108.04,77.79,296.32,310.84,1.0
2018-08-18 11:28:00,89.5572,36.93626,934.688,271.9,85.1,598.8,11.09,-2.84,-50.69,108.38,77.78,296.56,311.0,107.77,77.78,296.41,310.93,1.0
2018-08-18 11:28:00,89.5572,36.9362,934.713,271.9,85.1,598.6,7.75,-3.01,-51.04,108.38,77.64,296.65,311.1,107.57,77.78,296.54,311.0,1.0
2018-08-18 11:28:00,89.5572,36.93614,934.684,271.9,85.1,598.8,6.0,-2.91,-51.2,107.92,77.71,295.96,311.02,107.5,77.78,296.62,311.04,1.0
2018-08-18 11:28:00,89.5572,36.93608,934.66,271.91,85.1,599.0,5.67,-2.58,-50.91,107.53,77.5,295.28,310.38,107.56,77.79,296.61,311.05,1.0
2018-08-18 11:28:00,89.5572,36.93601,934.7,271.9,85.1,598.7,5.59,-2.59,-51.43,107.92,77.71,296.15,310.51,107.77,77.82,296.59,311.03,1.0
2018-08-18 11:28:00,89.55719,36.93595,934.689,271.9,85.1,598.8,5.14,-2.87,-51.71,108.38,77.78,296.36,310.62,108.1,77.85,296.55,310.97,1.0
2018-08-18 11:28:00,89.55719,36.9359,934.702,271.91,85.1,598.7,3.78,-2.65,-51.57,107.92,77.57,297.4,310.82,108.51,77.89,296.51,310.9,1.0
2018-08-18 11:28:00,89.55719,36.93587,934.745,271.91,85.1,598.3,3.13,-2.41,-50.76,108.57,77.5,297.5,310.91,108.96,77.93,296.48,310.83,1.0
2018-08-18 11:28:00,89.55719,36.93584,934.779,271.91,85.1,598.0,3.78,-2.22,-49.53,107.59,77.78,296.46,311.11,109.38,77.96,296.49,310.79,1.0
2018-08-18 11:28:00,89.55719,36.9358,934.712,271.91,85.1,598.6,4.66,-1.43,-48.73,107.85,77.64,296.37,311.2,109.73,77.98,296.57,310.83,1.0
2018-08-18 11:28:00,89.55719,36.93577,934.743,271.91,85.1,598.3,4.41,-1.76,-47.47,107.72,77.85,296.54,310.82,109.95,77.98,296.58,310.94,1.0
2018-08-18 11:28:00,89.55719,36.93574,934.785,271.91,85.1,598.0,4.64,-1.57,-46.82,108.97,77.71,296.37,311.2,110.04,77.97,296.6,311.07,1.0
2018-08-18 11:28:00,89.55719,36.93571,934.842,271.91,85.1,597.5,3.49,-1.4,-46.49,109.29,77.71,296.56,311.11,109.98,77.94,296.53,311.22,1.0
2018-08-18 11:28:00,89.55719,36.93568,934.876,271.91,85.1,597.2,2.0,-1.36,-46.7,109.1,77.78,296.46,311.11,109.8,77.9,296.48,311.38,1.0
2018-08-18 11:28:00,89.55719,36.93564,934.806,271.91,85.1,597.8,2.28,-1.31,-47.74,108.31,77.78,296.65,311.14,109.52,77.85,296.51,311.52,1.0
2018-08-18 11:28:00,89.55719,36.93561,934.862,271.91,85.1,597.3,2.92,-1.11,-48.65,108.7,77.78,296.54,311.78,109.18,77.79,296.53,311.63,1.0
2018-08-18 11:28:00,89.55719,36.93558,934.789,271.91,85.1,597.9,2.44,-1.25,-50.07,107.98,77.64,296.54,311.86,108.83,77.73,296.54,311.67,1.0
2018-08-18 11:28:00,89.55719,36.93555,934.756,271.91,85.1,598.2,2.2,-1.45,-50.55,108.31,77.71,296.09,311.67,108.5,77.67,296.53,311.67,1.0
2018-08-18 11:28:00,89.55719,36.93552,934.801,271.91,85.1,597.8,2.07,-1.68,-51.06,109.03,77.64,296.37,311.76,108.22,77.61,296.5,311.62,1.0
2018-08-18 11:28:00,89.55719,36.93548,934.857,271.91,85.1,597.3,2.27,-1.98,-52.21,107.72,77.64,296.37,311.37,108.0,77.55,296.44,311.54,1.0
2018-08-18 11:28:00,89.55719,36.93545,934.758,271.91,85.1,598.2,4.66,-2.34,-52.37,108.18,77.85,296.56,311.43,107.85,77.48,296.29,311.44,1.0
2018-08-18 11:28:00,89.55718,36.93542,934.802,271.91,85.1,597.8,5.31,-2.33,-53.06,107.85,77.71,296.56,310.98,107.75,77.41,296.15,311.25,1.0
2018-08-18 11:28:00,89.55718,36.93536,934.864,271.91,85.1,597.3,6.65,-2.58,-53.09,108.12,77.85,296.46,311.02,107.69,77.34,296.03,311.12,1.0
2018-08-18 11:28:00,89.55718,36.93529,934.89,271.91,85.1,597.1,6.69,-2.64,-52.95,109.88,77.64,296.56,311.01,107.66,77.28,295.94,311.08,1.0
2018-08-18 11:28:00,89.55718,36.93522,934.876,271.92,85.1,597.2,5.71,-2.55,-52.63,109.1,77.78,295.95,311.1,107.65,77.21,295.87,311.11,1.0
2018-08-18 11:28:00,89.55718,36.93515,934.873,271.92,85.1,597.2,6.15,-2.76,-51.72,108.05,77.5,295.4,311.0,107.64,77.16,295.8,311.17,1.0
2018-08-18 11:28:00,89.55718,36.93508,934.956,271.92,85.1,596.5,7.18,-2.29,-51.26,108.9,77.71,295.48,311.1,107.63,77.13,295.81,311.2,1.0
2018-08-18 11:28:00,89.55718,36.93501,934.92,271.92,85.1,596.8,8.83,-2.03,-51.18,108.38,77.64,295.36,311.11,107.63,77.12,295.83,311.27,1.0
2018-08-18 11:28:00,89.55718,36.93494,934.872,271.92,85.1,597.2,9.68,-2.06,-51.05,107.46,77.64,295.61,311.84,107.64,77.14,295.84,311.34,1.0
2018-08-18 11:28:00,89.55718,36.93487,934.878,271.91,85.1,597.2,9.91,-2.04,-51.12,107.33,77.5,295.64,311.99,107.65,77.19,295.84,311.34,1.0
2018-08-18 11:28:00,89.55718,36.9348,934.967,271.92,85.1,596.4,10.13,-1.63,-51.81,107.92,77.43,295.44,311.29,107.68,77.27,295.87,311.28,1.0
2018-08-18 11:28:00,89.55717,36.93477,934.963,271.91,85.1,596.5,10.23,-1.48,-52.45,108.38,77.78,296.54,310.93,107.71,77.38,296.0,311.38,1.0
2018-08-18 11:28:00,89.55717,36.93474,934.962,271.92,85.1,596.5,5.97,-1.41,-53.34,108.77,77.5,296.56,311.01,107.74,77.5,296.07,311.18,1.0
2018-08-18 11:28:00,89.55717,36.93471,934.933,271.92,85.1,596.7,3.84,-1.13,-54.1,108.7,77.85,296.56,311.02,107.76,77.63,296.1,311.02,1.0
2018-08-18 11:28:00,89.55717,36.93468,934.905,271.92,85.1,596.9,1.6,-0.85,-54.26,108.38,77.43,296.56,310.7,107.77,77.75,296.12,310.83,1.0
2018-08-18 11:28:00,89.55717,36.93465,934.905,271.91,85.1,596.9,-1.49,-0.77,-53.79,108.31,77.57,296.44,310.36,107.76,77.85,296.14,310.61,1.0
2018-08-18 11:28:00,89.55717,36.93462,934.894,271.92,85.1,597.0,-2.2,-0.94,-53.18,108.12,77.43,296.83,312.25,107.73,77.93,296.17,310.44,1.0
2018-08-18 11:28:00,89.55717,36.93459,934.916,271.92,85.1,596.8,-3.79,-0.59,-52.94,107.98,77.64,296.64,309.54,107.7,77.97,296.15,310.36,1.0
2018-08-18 11:28:00,89.55717,36.93456,934.943,271.91,85.1,596.6,-3.13,-0.94,-52.12,108.44,77.71,296.18,310.26,107.69,77.97,296.15,310.33,1.0
2018-08-18 11:28:00,89.55717,36.93453,934.984,271.91,85.1,596.3,-2.46,-0.99,-51.43,108.12,77.64,296.56,311.32,107.71,77.94,296.16,310.35,1.0
2018-08-18 11:28:00,89.55717,36.93451,935.008,271.92,85.1,596.1,-2.57,-0.84,-50.81,107.92,77.71,296.56,311.23,107.78,77.87,296.22,310.48,1.0
2018-08-18 11:28:00,89.55716,36.93448,934.948,271.92,85.1,596.6,-3.14,-1.06,-49.95,108.38,77.64,296.38,311.13,107.91,77.78,296.31,310.67,1.0
2018-08-18 11:28:00,89.55716,36.93445,935.023,271.92,85.1,596.0,-3.21,-0.83,-49.82,107.53,77.71,296.37,311.13,108.13,77.66,296.35,310.7,1.0
2018-08-18 11:28:00,89.55716,36.93442,935.033,271.92,85.1,595.9,-3.59,-0.39,-50.22,107.92,77.71,296.37,310.94,108.42,77.53,296.37,311.02,1.0
2018-08-18 11:28:00,89.55716,36.93439,935.015,271.92,85.1,596.0,-5.58,-0.61,-50.61,107.98,77.71,296.37,311.23,108.78,77.39,296.38,311.2,1.0
2018-08-18 11:28:00,89.55716,36.93436,935.012,271.93,85.1,596.0,-8.23,-0.79,-51.19,108.57,77.85,296.56,311.21,109.18,77.26,296.39,311.26,1.0
2018-08-18 11:28:00,89.55716,36.93433,935.035,271.93,85.1,595.8,-10.04,-0.56,-51.96,108.77,77.36,297.08,311.28,109.59,77.15,296.38,311.3,1.0
2018-08-18 11:28:00,89.55716,36.9343,934.939,271.92,85.1,596.7,-8.98,-0.58,-52.37,108.12,77.64,296.83,311.29,109.97,77.07,296.36,311.29,1.0
2018-08-18 11:28:00,89.55716,36.93427,934.992,271.93,85.1,596.2,-8.08,-1.26,-52.99,108.18,77.36,296.13,311.89,110.3,77.02,296.34,311.25,1.0
2018-08-18 11:28:00,89.55716,36.93424,935.045,271.92,85.1,595.8,-7.07,-1.33,-53.84,107.98,77.64,296.18,310.95,110.53,77.01,296.31,311.14,1.0
2018-08-18 11:28:00,89.55716,36.9342,935.042,271.92,85.1,595.8,-5.9,-1.58,-53.89,108.31,77.5,296.29,311.05,110.65,77.03,296.32,311.03,1.0
2018-08-18 11:28:00,89.55716,36.93417,934.992,271.93,85.0,596.2,-4.22,-2.08,-53.14,108.31,77.64,296.39,310.81,110.64,77.09,296.32,310.93,1.0
2018-08-18 11:28:00,89.55716,36.93414,934.998,271.92,85.0,596.2,-1.93,-2.21,-52.42,109.1,77.64,296.11,311.23,110.5,77.18,296.27,310.85,1.0
2018-08-18 11:28:00,89.55716,36.93411,935.065,271.93,85.0,595.6,-3.61,-1.97,-50.73,108.9,77.64,296.39,310.65,110.22,77.29,296.23,310.78,1.0
2018-08-18 11:28:00,89.55715,36.93408,935.118,271.92,85.0,595.2,-5.19,-2.5,-50.56,108.7,77.64,296.38,310.51,109.83,77.41,296.22,310.69,1.0
2018-08-18 11:28:00,89.55715,36.93405,935.134,271.92,85.0,595.0,-6.52,-2.5,-50.86,108.31,77.3,296.86,310.53,109.35,77.53,296.21,310.7,1.0
2018-08-18 11:28:00,89.55715,36.93401,935.128,271.93,85.0,595.1,-5.95,-2.31,-50.85,108.7,77.3,296.57,310.65,108.81,77.64,296.22,310.76,1.0
2018-08-18 11:28:00,89.55715,36.93397,935.157,271.93,85.0,594.8,-2.75,-2.68,-50.26,108.38,77.5,296.1,310.94,108.25,77.73,296.25,310.84,1.0
2018-08-18 11:28:00,89.55715,36.93393,935.241,271.93,85.0,594.1,-2.47,-3.03,-50.24,109.16,77.57,296.55,310.94,107.71,77.79,296.3,310.96,1.0
2018-08-18 11:28:00,89.55715,36.93389,935.233,271.93,85.0,594.2,-1.49,-2.54,-50.08,108.7,77.5,295.42,311.12,107.23,77.83,296.36,311.07,1.0
2018-08-18 11:28:00,89.55715,36.93385,935.226,271.94,85.0,594.2,-2.38,-2.64,-50.54,108.84,77.71,295.57,310.94,106.84,77.84,296.35,311.22,1.0
2018-08-18 11:28:00,89.55715,36.93381,935.232,271.94,85.0,594.2,-4.32,-2.65,-51.26,108.31,77.64,295.55,311.34,106.59,77.85,296.32,311.35,1.0
2018-08-18 11:28:00,89.55715,36.93376,935.238,271.93,85.0,594.1,-6.25,-2.36,-52.06,108.44,77.64,295.72,310.85,106.49,77.85,296.31,311.38,1.0
2018-08-18 11:28:00,89.55715,36.93372,935.209,271.93,85.0,594.4,-7.24,-2.16,-52.95,107.98,77.57,296.04,311.14,106.54,77.85,296.35,311.28,1.0
2018-08-18 11:28:00,89.55714,36.93368,935.213,271.93,85.0,594.3,-5.94,-2.46,-52.55,108.9,77.5,296.27,310.85,106.74,77.87,296.36,311.16,1.0
2018-08-18 11:28:00,89.55714,36.93364,935.233,271.94,85.0,594.2,-4.12,-2.55,-52.52,107.79,77.78,295.77,311.14,107.07,77.91,296.41,311.01,1.0
2018-08-18 11:28:00,89.55714,36.9336,935.196,271.94,85.0,594.5,-3.28,-2.52,-52.69,107.85,77.43,295.97,311.04,107.49,77.96,296.45,310.84,1.0
2018-08-18 11:28:00,89.55714,36.93356,935.134,271.94,85.0,595.0,-3.9,-2.66,-52.76,109.03,77.71,296.58,310.46,107.95,78.02,296.48,310.67,1.0
2018-08-18 11:28:00,89.55714,36.93352,935.176,271.94,85.0,594.7,-5.44,-3.12,-52.64,107.66,77.36,296.99,309.55,108.41,78.08,296.53,310.51,1.0
2018-08-18 11:28:00,89.55714,36.93347,935.22,271.93,85.0,594.3,-5.45,-3.05,-53.35,107.98,77.71,296.72,309.76,108.81,78.12,296.57,310.37,1.0
2018-08-18 11:28:00,89.55714,36.93343,935.221,271.94,85.0,594.3,-6.52,-3.44,-52.3,108.05,77.64,296.48,309.97,109.12,78.14,296.57,310.28,1.0
2018-08-18 11:28:00,89.55714,36.93338,935.271,271.94,85.0,593.9,-7.76,-3.56,-51.26,108.44,77.64,296.67,309.89,109.32,78.13,296.63,310.21,1.0
2018-08-18 11:28:00,89.55714,36.93334,935.318,271.94,85.0,593.5,-8.67,-3.46,-50.46,107.92,77.71,296.6,310.42,109.39,78.08,296.69,310.18,1.0
2018-08-18 11:28:00,89.55714,36.9333,935.306,271.94,85.0,593.6,-8.47,-3.31,-49.85,110.14,77.64,296.67,310.21,109.34,78.0,296.71,310.23,1.0
2018-08-18 11:28:00,89.55714,36.93325,935.311,271.94,85.0,593.5,-5.83,-3.29,-49.14,107.85,77.85,296.68,310.8,109.21,77.9,296.7,310.39,1.0
2018-08-18 11:28:00,89.55714,36.93321,935.251,271.94,85.0,594.0,1.11,-2.82,-48.5,108.77,77.71,296.43,311.08,109.02,77.78,296.69,310.55,1.0
2018-08-18 11:28:00,89.55714,36.93317,935.235,271.94,85.0,594.2,7.64,-2.67,-48.0,108.25,77.85,296.57,310.95,108.82,77.67,296.65,310.67,1.0
2018-08-18 11:28:00,89.55714,36.93312,935.258,271.94,85.0,594.0,9.28,-2.98,-47.34,108.12,77.71,296.57,311.05,108.64,77.58,296.65,310.76,1.0
2018-08-18 11:28:00,89.55714,36.93308,935.297,271.94,85.0,593.6,7.18,-3.25,-46.96,108.64,77.64,296.48,311.05,108.5,77.52,296.69,310.86,1.0
2018-08-18 11:28:00,89.55714,36.93303,935.32,271.94,85.0,593.4,6.12,-2.81,-47.69,108.44,77.64,296.29,311.14,108.43,77.51,296.67,310.97,1.0
2018-08-18 11:28:00,89.55713,36.93299,935.336,271.94,85.0,593.3,5.76,-3.48,-48.76,108.25,77.71,296.48,311.24,108.41,77.53,296.65,311.04,1.0
2018-08-18 11:28:00,89.55713,36.93294,935.355,271.94,85.0,593.1,4.41,-3.04,-49.2,108.18,77.64,295.62,310.27,108.43,77.6,296.64,311.06,1.0
2018-08-18 11:28:00,89.55713,36.9329,935.386,271.94,85.0,592.9,3.88,-2.66,-49.57,109.23,77.5,296.13,310.11,108.48,77.69,296.64,311.05,1.0
2018-08-18 11:28:00,89.55713,36.93282,935.411,271.94,85.0,592.7,3.32,-2.47,-50.07,107.26,77.43,296.67,309.98,108.53,77.8,296.63,311.02,1.0
2018-08-18 11:28:00,89.55713,36.93275,935.388,271.95,85.0,592.9,1.75,-2.37,-50.58,108.57,77.71,296.31,311.05,108.55,77.92,296.61,310.99,1.0
2018-08-18 11:28:00,89.55713,36.93267,935.334,271.95,85.0,593.3,0.35,-2.34,-50.41,109.03,77.85,296.39,311.05,108.53,78.02,296.61,310.96,1.0
2018-08-18 11:28:00,89.55713,36.93259,935.354,271.94,85.0,593.2,0.71,-2.22,-49.66,108.77,77.71,296.57,311.05,108.46,78.11,296.6,310.93,1.0
2018-08-18 11:28:00,89.55713,36.93252,935.365,271.95,85.0,593.1,2.13,-2.35,-48.87,108.25,77.85,296.67,310.95,108.36,78.17,296.56,310.91,1.0
2018-08-18 11:28:00,89.55713,36.93244,935.371,271.95,85.0,593.0,4.53,-2.47,-48.05,108.57,77.71,296.48,311.14,108.22,78.22,296.46,310.94,1.0
2018-08-18 11:28:00,89.55713,36.93236,935.392,271.95,85.0,592.8,7.32,-2.46,-47.27,108.57,77.71,296.58,311.05,108.08,78.24,296.35,311.0,1.0
2018-08-18 11:28:00,89.55713,36.93228,935.439,271.94,85.0,592.4,9.36,-2.4,-46.66,108.51,77.78,296.4,311.35,107.94,78.24,296.29,311.03,1.0
2018-08-18 11:28:00,89.55713,36.93221,935.447,271.95,85.0,592.4,6.3,-2.11,-45.77,108.31,77.71,296.59,310.96,107.82,78.23,296.28,311.06,1.0
2018-08-18 11:28:00,89.55713,36.93213,935.405,271.95,85.0,592.7,5.85,-1.83,-45.98,108.25,77.85,295.23,310.21,107.73,78.21,296.28,311.09,1.0
2018-08-18 11:28:00,89.55713,36.93205,935.375,271.95,85.0,593.0,5.95,-1.75,-46.75,107.59,77.64,295.41,310.42,107.66,78.17,296.27,311.12,1.0
2018-08-18 11:28:00,89.55713,36.93197,935.395,271.95,85.0,592.8,4.77,-1.84,-48.0,108.57,77.85,295.68,311.25,107.6,78.12,296.26,311.14,1.0
2018-08-18 11:28:00,89.55713,36.93188,935.444,271.95,85.0,592.4,1.5,-2.0,-49.73,108.51,77.71,296.03,311.15,107.55,78.03,296.25,311.16,1.0
2018-08-18 11:28:00,89.55713,36.9318,935.357,271.95,85.0,593.1,-2.19,-2.52,-52.24,108.9,77.92,296.57,311.25,107.49,77.93,296.24,311.16,1.0
2018-08-18 11:28:00,89.55713,36.93172,935.411,271.95,85.0,592.7,-3.23,-2.46,-54.08,108.18,77.78,296.68,311.26,107.41,77.79,296.21,311.08,1.0
2018-08-18 11:28:00,89.55713,36.93164,935.488,271.95,85.0,592.0,-2.36,-2.37,-53.98,107.72,77.85,296.68,310.97,107.33,77.63,296.29,311.05,1.0
2018-08-18 11:28:00,89.55713,36.93155,935.506,271.95,85.0,591.9,-1.33,-2.26,-53.31,108.57,77.85,296.59,311.16,107.24,77.45,296.35,311.02,1.0
2018-08-18 11:28:00,89.55713,36.93147,935.448,271.95,85.0,592.4,-1.3,-2.09,-52.99,108.97,77.78,296.5,311.06,107.15,77.27,296.34,310.99,1.0
2018-08-18 11:28:00,89.55713,36.93138,935.521,271.95,85.0,591.7,-1.83,-1.8,-52.17,107.66,77.85,296.4,311.1,107.09,77.1,296.36,310.98,1.0
2018-08-18 11:28:00,89.55713,36.9313,935.492,271.95,85.0,592.0,-5.41,-2.33,-51.78,108.12,77.85,296.51,310.32,107.07,76.97,296.33,310.97,1.0
2018-08-18 11:28:00,89.55712,36.93122,935.542,271.95,85.0,591.6,-5.22,-1.87,-51.11,108.18,77.78,296.45,310.06,107.1,76.88,296.24,310.9,1.0
2018-08-18 11:28:00,89.55712,36.93114,935.576,271.95,85.0,591.3,-3.78,-1.26,-50.23,107.79,77.71,296.13,310.58,107.19,76.86,296.17,310.84,1.0
2018-08-18 11:28:00,89.55712,36.93106,935.55,271.95,85.0,591.5,-2.31,-0.91,-49.33,107.98,77.43,295.87,310.68,107.33,76.9,296.15,310.81,1.0
2018-08-18 11:28:00,89.55712,36.93099,935.557,271.95,85.0,591.4,-0.5,-0.86,-48.8,108.77,77.64,296.48,311.37,107.52,77.01,296.14,310.78,1.0
2018-08-18 11:28:00,89.55712,36.93093,935.568,271.96,85.0,591.4,2.08,-0.33,-48.8,107.26,77.78,296.49,310.98,107.74,77.17,296.14,310.75,1.0
2018-08-18 11:28:00,89.55712,36.93086,935.52,271.96,85.0,591.8,3.47,-0.26,-48.79,107.4,77.5,295.8,310.38,107.98,77.36,296.16,310.79,1.0
2018-08-18 11:28:00,89.55712,36.93079,935.542,271.96,85.0,591.6,4.42,-0.04,-49.27,108.51,77.3,296.06,310.69,108.23,77.57,296.17,310.85,1.0
2018-08-18 11:28:00,89.55712,36.93072,935.587,271.96,85.0,591.2,6.02,0.34,-49.67,108.12,77.64,296.31,311.16,108.47,77.77,296.23,310.89,1.0
2018-08-18 11:28:00,89.55712,36.93065,935.524,271.96,85.0,591.7,8.58,0.58,-49.72,108.97,77.71,296.59,311.16,108.71,77.93,296.3,310.87,1.0
2018-08-18 11:28:00,89.55712,36.93058,935.577,271.96,85.0,591.3,10.17,0.32,-51.05,108.05,77.71,296.48,311.16,108.92,78.05,296.25,310.77,1.0
2018-08-18 11:28:00,89.55712,36.93051,935.586,271.96,85.0,591.2,4.7,0.5,-51.98,107.98,77.78,296.31,311.16,109.11,78.12,296.27,310.76,1.0
2018-08-18 11:28:00,89.55712,36.93044,935.545,271.95,85.0,591.5,2.0,0.23,-52.71,108.64,77.78,296.5,310.96,109.28,78.13,296.36,310.83,1.0
2018-08-18 11:28:00,89.55712,36.93038,935.531,271.95,85.0,591.7,0.99,-0.16,-53.46,107.13,77.71,296.59,311.25,109.4,78.1,296.41,310.89,1.0
2018-08-18 11:28:00,89.55712,36.93031,935.585,271.96,85.0,591.2,1.12,-0.24,-54.06,107.72,77.78,296.47,310.98,109.47,78.04,296.42,310.92,1.0
2018-08-18 11:28:00,89.55712,36.93024,935.572,271.96,85.0,591.3,3.44,0.29,-54.01,108.12,77.64,295.34,310.02,109.46,77.97,296.42,310.94,1.0
2018-08-18 11:28:00,89.55712,36.9302,935.582,271.96,85.0,591.2,2.69,-0.22,-53.59,108.51,77.64,296.3,310.83,109.34,77.89,296.41,310.95,1.0
2018-08-18 11:28:00,89.55712,36.93015,935.547,271.97,85.0,591.5,2.8,-0.41,-53.41,108.77,77.71,296.59,311.06,109.11,77.82,296.4,310.95,1.0
2018-08-18 11:28:00,89.55712,36.9301,935.545,271.97,85.0,591.6,2.8,-0.6,-53.05,108.97,77.64,296.59,311.06,108.74,77.78,296.39,310.95,1.0
2018-08-18 11:28:00,89.55712,36.93006,935.591,271.97,84.9,591.2,2.76,-0.77,-52.79,108.31,77.85,296.59,311.26,108.26,77.75,296.38,310.93,1.0
2018-08-18 11:28:00,89.55712,36.93001,935.642,271.96,84.9,590.7,2.68,-0.78,-53.19,108.7,77.64,296.4,311.17,107.69,77.74,296.38,310.94,1.0
2018-08-18 11:28:00,89.55711,36.92996,935.689,271.97,84.9,590.3,-0.61,-0.9,-54.18,107.98,77.71,296.59,310.96,107.08,77.74,296.37,311.03,1.0
2018-08-18 11:28:00,89.55711,36.92991,935.623,271.97,84.9,590.9,-1.97,-1.11,-52.66,108.18,77.71,296.68,310.96,106.5,77.74,296.35,310.98,1.0
2018-08-18 11:28:00,89.55711,36.92987,935.601,271.97,84.9,591.1,-2.45,-1.2,-51.63,107.92,77.78,296.59,310.96,106.02,77.74,296.33,310.95,1.0
2018-08-18 11:28:00,89.55711,36.92982,935.627,271.97,84.9,590.9,-2.48,-1.25,-50.96,108.51,77.78,296.31,311.15,105.73,77.73,296.33,310.95,1.0
2018-08-18 11:28:00,89.55711,36.92977,935.649,271.97,84.9,590.7,-2.15,-1.29,-50.21,108.12,77.64,296.41,311.15,105.66,77.7,296.32,310.96,1.0
2018-08-18 11:28:00,89.55711,36.92972,935.738,271.96,84.9,589.9,-1.02,-1.2,-49.62,108.25,77.85,295.55,311.16,105.86,77.66,296.31,310.95,1.0
2018-08-18 11:28:00,89.55711,36.92968,935.712,271.96,84.9,590.1,1.98,-1.32,-49.53,107.33,77.57,296.25,310.66,106.33,77.61,296.21,310.82,1.0
2018-08-18 11:28:00,89.55711,36.92964,935.71,271.97,84.9,590.2,4.15,-1.17,-49.78,107.85,77.85,296.43,310.45,107.02,77.56,296.12,310.78,1.0
2018-08-18 11:28:00,89.55711,36.92961,935.77,271.97,84.9,589.7,3.92,-1.16,-50.16,108.18,77.71,296.42,311.17,107.87,77.51,296.07,310.81,1.0
2018-08-18 11:28:00,89.55711,36.92957,935.832,271.97,84.9,589.1,2.17,-1.31,-50.31,107.0,77.71,296.6,311.27,108.78,77.46,296.07,310.81,1.0
2018-08-18 11:28:00,89.55711,36.92954,935.745,271.97,84.9,589.9,1.25,-1.29,-50.01,107.66,77.71,296.29,310.97,109.65,77.42,296.08,310.75,1.0
2018-08-18 11:28:00,89.55711,36.92951,935.767,271.97,84.9,589.7,2.97,-1.3,-50.13,108.31,77.43,295.5,309.43,110.38,77.4,296.16,310.71,1.0
2018-08-18 11:28:00,89.55711,36.92947,935.778,271.97,84.9,589.6,4.12,-1.26,-50.69,107.66,77.71,295.7,310.22,110.89,77.39,296.22,310.71,1.0
2018-08-18 11:28:00,89.55711,36.92944,935.754,271.97,84.9,589.8,3.29,-1.28,-51.37,108.51,77.71,296.03,310.95,111.12,77.4,296.24,310.71,1.0
2018-08-18 11:28:00,89.5571,36.9294,935.75,271.97,84.9,589.8,1.24,-1.38,-51.8,108.7,77.85,296.43,310.64,111.07,77.43,296.25,310.71,1.0
2018-08-18 11:28:00,89.5571,36.92937,935.857,271.98,84.9,588.9,0.25,-1.49,-51.83,108.31,77.64,296.42,310.34,110.78,77.46,296.24,310.69,1.0
2018-08-18 11:28:00,89.5571,36.92933,935.753,271.98,84.9,589.8,0.55,-1.55,-52.5,108.7,77.64,296.4,310.56,110.29,77.51,296.19,310.6,1.0
2018-08-18 11:28:00,89.5571,36.9293,935.797,271.98,84.9,589.4,-0.16,-1.76,-53.78,109.1,77.64,296.47,310.21,109.69,77.57,296.28,310.74,1.0
2018-08-18 11:28:00,89.5571,36.92927,935.84,271.98,84.9,589.1,-0.08,-2.0,-54.04,107.85,77.71,296.58,310.74,109.07,77.64,296.36,310.78,1.0
2018-08-18 11:28:00,89.5571,36.92923,935.871,271.98,84.9,588.8,-0.64,-2.41,-54.19,107.79,77.5,296.6,311.14,108.51,77.71,296.38,310.74,1.0
2018-08-18 11:28:00,89.5571,36.9292,935.893,271.97,84.9,588.6,-2.08,-2.9,-54.58,109.29,77.57,296.42,310.71,108.08,77.79,296.37,310.73,1.0
2018-08-18 11:28:00,89.5571,36.92915,935.823,271.97,84.9,589.2,-2.6,-2.98,-54.5,108.57,77.64,295.77,309.99,107.8,77.86,296.36,310.77,1.0
2018-08-18 11:28:00,89.5571,36.92906,935.851,271.98,84.9,589.0,-3.14,-3.18,-53.51,109.1,77.64,296.32,311.02,107.68,77.91,296.35,310.8,1.0
2018-08-18 11:28:00,89.5571,36.92898,935.886,271.98,84.9,588.7,-2.16,-3.01,-52.44,107.85,77.85,296.41,310.98,107.7,77.95,296.32,310.83,1.0
2018-08-18 11:28:00,89.5571,36.92889,935.908,271.98,84.9,588.5,-0.79,-2.84,-51.83,107.4,77.71,296.6,311.26,107.8,77.97,296.31,310.85,1.0
2018-08-18 11:28:00,89.5571,36.9288,935.916,271.98,84.9,588.4,0.27,-2.86,-51.7,108.18,77.57,296.51,311.17,107.94,77.96,296.31,310.84,1.0
2018-08-18 11:28:00,89.5571,36.92872,935.917,271.98,84.9,588.4,0.97,-3.0,-51.68,108.64,77.71,296.5,311.17,108.06,77.91,296.32,310.86,1.0
2018-08-18 11:28:00,89.5571,36.92863,935.873,271.98,84.9,588.8,3.02,-2.77,-51.49,108.25,77.85,296.41,311.17,108.13,77.83,296.39,310.97,1.0
2018-08-18 11:28:00,89.5571,36.92855,935.911,271.98,84.9,588.5,2.9,-3.26,-51.14,108.18,77.64,296.51,311.26,108.13,77.72,296.41,310.99,1.0
2018-08-18 11:28:00,89.5571,36.92846,935.95,271.98,84.9,588.1,2.33,-3.22,-51.11,108.7,77.71,296.7,311.03,108.05,77.59,296.33,310.95,1.0
2018-08-18 11:29:00,89.5571,36.92838,935.957,271.97,84.9,588.1,1.39,-2.99,-51.51,107.98,77.78,296.51,311.23,107.93,77.44,296.26,310.88,1.0
2018-08-18 11:29:00,89.55709,36.92833,935.936,271.98,84.9,588.2,0.4,-3.01,-52.06,108.84,77.64,296.42,311.18,107.8,77.3,296.26,310.84,1.0
2018-08-18 11:29:00,89.55709,36.92828,935.942,271.98,84.9,588.2,0.84,-3.22,-51.93,108.77,77.71,296.32,311.07,107.7,77.17,296.28,310.81,1.0
2018-08-18 11:29:00,89.55709,36.92823,935.946,271.98,84.9,588.2,-1.7,-2.75,-52.45,108.7,77.78,296.5,311.08,107.67,77.07,296.25,310.91,1.0
2018-08-18 11:29:00,89.55709,36.92818,936.012,271.98,84.9,587.6,-2.37,-2.76,-52.53,107.98,77.64,295.71,310.94,107.74,77.0,296.23,310.83,1.0
2018-08-18 11:29:00,89.55709,36.92813,936.035,271.98,84.9,587.4,-2.0,-3.0,-52.37,107.79,77.43,295.64,310.02,107.91,76.97,296.2,310.68,1.0
2018-08-18 11:29:00,89.55709,36.92808,935.977,271.98,84.9,587.9,-1.11,-3.11,-52.04,107.72,77.71,296.55,310.55,108.17,76.98,296.18,310.58,1.0
2018-08-18 11:29:00,89.55709,36.92803,936.008,271.99,84.9,587.6,0.42,-2.79,-51.38,107.98,77.5,296.56,311.02,108.51,77.03,296.16,310.59,1.0
2018-08-18 11:29:00,89.55709,36.92798,935.994,271.98,84.8,587.8,0.77,-2.62,-50.46,107.72,77.64,296.27,312.54,108.87,77.11,296.16,310.53,1.0
2018-08-18 11:29:00,89.55709,36.92793,935.986,271.99,84.8,587.8,3.34,-2.75,-49.4,108.38,77.43,296.24,311.05,109.21,77.2,296.17,310.53,1.0
2018-08-18 11:29:00,89.55709,36.92788,936.005,271.99,84.9,587.7,3.56,-2.82,-49.0,108.77,77.64,296.4,310.13,109.49,77.31,296.24,310.66,1.0
2018-08-18 11:29:00,89.55709,36.92783,936.026,271.99,84.9,587.5,2.14,-2.71,-49.18,108.51,77.5,296.38,310.73,109.68,77.43,296.3,310.78,1.0
2018-08-18 11:29:00,89.55709,36.92778,936.014,271.99,84.9,587.6,1.41,-2.4,-49.57,108.12,77.5,296.51,311.83,109.76,77.53,296.33,310.81,1.0
2018-08-18 11:29:00,89.55708,36.92773,936.013,271.98,84.9,587.6,-0.12,-2.3,-49.95,109.62,77.57,296.41,310.65,109.73,77.63,296.34,310.89,1.0
2018-08-18 11:29:00,89.55708,36.92769,936.085,271.99,84.9,587.0,-1.53,-2.26,-50.88,108.44,77.64,296.41,310.78,109.59,77.72,296.38,310.76,1.0
2018-08-18 11:29:00,89.55708,36.92766,936.095,271.99,84.9,586.9,-2.7,-2.5,-51.76,108.31,77.64,296.26,311.33,109.37,77.78,296.41,310.77,1.0
2018-08-18 11:29:00,89.55708,36.92762,936.057,271.99,84.9,587.2,-2.43,-2.75,-52.17,107.85,77.5,295.88,310.76,109.11,77.84,296.43,310.84,1.0
2018-08-18 11:29:00,89.55708,36.92759,936.048,271.99,84.9,587.3,-0.69,-2.77,-52.12,107.98,77.43,296.14,309.89,108.85,77.87,296.42,310.85,1.0
2018-08-18 11:29:00,89.55708,36.92755,936.07,271.99,84.9,587.1,-0.32,-2.54,-52.66,108.77,77.64,296.49,310.65,108.61,77.89,296.4,310.75,1.0
2018-08-18 11:29:00,89.55708,36.92752,936.045,271.99,84.8,587.3,0.71,-2.65,-52.93,108.97,77.64,296.39,310.26,108.43,77.88,296.38,310.8,1.0
2018-08-18 11:29:00,89.55708,36.92748,936.036,271.99,84.8,587.4,1.88,-2.94,-52.64,108.44,77.57,296.46,310.04,108.33,77.86,296.33,310.77,1.0
2018-08-18 11:29:00,89.55708,36.92744,936.04,271.99,84.8,587.4,3.83,-2.91,-52.85,108.84,77.71,296.64,310.16,108.3,77.81,296.32,310.69,1.0
2018-08-18 11:29:00,89.55708,36.92741,936.064,271.99,84.8,587.2,5.88,-2.87,-53.44,108.51,77.64,296.4,310.42,108.36,77.75,296.31,310.66,1.0
2018-08-18 11:29:00,89.55708,36.92737,936.126,271.99,84.8,586.7,6.71,-3.47,-53.55,108.31,77.64,296.53,310.73,108.48,77.66,296.29,310.74,1.0
2018-08-18 11:29:00,89.55708,36.92734,936.128,271.99,84.8,586.6,6.85,-3.0,-53.64,108.7,77.5,296.86,311.4,108.65,77.56,296.35,310.79,1.0
2018-08-18 11:29:00,89.55708,36.9273,936.146,272.0,84.8,586.5,5.35,-2.59,-53.77,107.72,77.78,296.54,311.2,108.85,77.45,296.42,310.94,1.0
2018-08-18 11:29:00,89.55707,36.92726,936.182,272.0,84.8,586.2,1.13,-2.84,-53.5,107.98,77.64,296.63,311.29,109.03,77.34,296.49,311.11,1.0
2018-08-18 11:29:00,89.55707,36.92722,936.197,271.99,84.8,586.1,-3.55,-3.03,-52.8,108.97,77.5,296.5,311.0,109.2,77.25,296.57,311.28,1.0
2018-08-18 11:29:00,89.55707,36.92719,936.155,272.0,84.8,586.4,-6.41,-2.48,-51.72,108.77,77.64,296.36,311.2,109.31,77.18,296.62,311.45,1.0
2018-08-18 11:29:00,89.55707,36.92715,936.196,272.0,84.8,586.1,-7.65,-1.84,-50.32,109.16,77.5,297.21,311.6,109.35,77.16,296.58,311.63,1.0
2018-08-18 11:29:00,89.55707,36.92711,936.164,272.0,84.8,586.3,-9.33,-2.3,-49.61,108.38,77.57,297.03,311.38,109.31,77.17,296.62,311.65,1.0
2018-08-18 11:29:00,89.55707,36.92707,936.151,272.0,84.8,586.4,-9.5,-1.94,-48.73,108.57,77.57,297.0,311.67,109.2,77.23,296.64,311.67,1.0
2018-08-18 11:29:00,89.55707,36.92703,936.18,272.0,84.8,586.2,-8.83,-1.59,-47.75,108.77,77.64,296.77,311.48,109.01,77.32,296.65,311.69,1.0
2018-08-18 11:29:00,89.55707,36.927,936.239,272.0,84.8,585.7,-8.82,-1.65,-47.05,108.57,77.5,296.33,311.67,108.76,77.45,296.63,311.7,1.0
2018-08-18 11:29:00,89.55707,36.92696,936.28,272.0,84.8,585.4,-11.42,-1.69,-47.17,107.92,77.5,295.19,311.96,108.47,77.58,296.58,311.67,1.0
2018-08-18 11:29:00,89.55707,36.92692,936.261,272.0,84.8,585.5,-14.49,-1.14,-47.22,108.31,77.3,296.52,310.74,108.17,77.71,296.46,311.59,1.0
2018-08-18 11:29:00,89.55707,36.92688,936.246,272.0,84.8,585.6,-16.53,-1.46,-47.28,109.49,77.64,296.36,310.78,107.87,77.81,296.36,311.51,1.0
2018-08-18 11:29:00,89.55707,36.92684,936.281,272.0,84.8,585.3,-15.94,-1.68,-47.05,108.38,77.64,296.32,311.01,107.62,77.88,296.28,311.43,1.0
2018-08-18 11:29:00,89.55707,36.9268,936.333,272.0,84.8,584.9,-12.96,-1.53,-46.73,108.97,77.43,296.31,311.2,107.43,77.9,296.24,311.36,1.0
2018-08-18 11:29:00,89.55707,36.92677,936.315,272.01,84.8,585.1,-9.0,-1.29,-46.55,108.64,77.71,296.41,311.2,107.32,77.87,296.27,311.28,1.0
2018-08-18 11:29:00,89.55707,36.92673,936.354,272.01,84.8,584.7,-7.12,-1.73,-45.93,108.77,77.57,296.5,311.11,107.3,77.8,296.41,311.19,1.0
2018-08-18 11:29:00,89.55707,36.92669,936.3,272.0,84.8,585.2,-7.54,-1.27,-45.58,108.51,77.64,296.41,311.11,107.37,77.7,296.46,311.12,1.0
2018-08-18 11:29:00,89.55706,36.92665,936.27,272.0,84.8,585.4,-7.66,-1.38,-45.96,107.85,77.71,296.41,311.01,107.54,77.58,296.54,311.09,1.0
2018-08-18 11:29:00,89.55706,36.92662,936.263,272.0,84.8,585.5,-8.38,-1.77,-46.52,107.72,77.64,296.41,311.2,107.78,77.47,296.62,311.08,1.0
2018-08-18 11:29:00,89.55706,36.92658,936.25,272.0,84.8,585.6,-9.31,-1.98,-46.75,108.84,77.5,296.69,311.3,108.08,77.38,296.7,311.07,1.0
2018-08-18 11:29:00,89.55706,36.92654,936.285,272.01,84.8,585.3,-6.79,-1.65,-46.55,107.59,77.71,296.5,311.18,108.42,77.32,296.75,311.06,1.0
2018-08-18 11:29:00,89.55706,36.9265,936.319,272.01,84.8,585.0,-5.44,-2.09,-46.97,108.31,77.57,296.33,310.39,108.78,77.31,296.77,311.04,1.0
2018-08-18 11:29:00,89.55706,36.92647,936.316,272.0,84.8,585.1,-4.82,-2.22,-47.36,108.97,77.43,296.42,310.87,109.13,77.34,296.76,311.02,1.0
2018-08-18 11:29:00,89.55706,36.92643,936.337,272.0,84.8,584.9,-3.93,-2.28,-47.79,108.31,77.5,296.51,311.2,109.45,77.4,296.72,310.95,1.0
2018-08-18 11:29:00,89.55706,36.92639,936.387,272.01,84.8,584.5,-2.81,-2.52,-48.07,108.84,77.43,296.51,311.2,109.72,77.47,296.67,310.85,1.0
2018-08-18 11:29:00,89.55706,36.92635,936.354,272.01,84.8,584.7,-2.31,-3.06,-47.86,108.7,77.57,296.41,311.2,109.92,77.55,296.62,310.77,1.0
2018-08-18 11:29:00,89.55706,36.92632,936.354,272.01,84.8,584.7,-2.46,-2.72,-47.89,108.38,77.64,296.53,311.5,110.02,77.61,296.55,310.72,1.0
2018-08-18 11:29:00,89.55706,36.92626,936.405,272.01,84.8,584.3,-2.48,-2.72,-48.62,108.9,77.5,296.42,311.01,110.02,77.64,296.5,310.76,1.0
2018-08-18 11:29:00,89.55706,36.9262,936.393,272.01,84.8,584.4,-3.47,-3.3,-50.0,108.57,77.64,296.42,310.71,109.9,77.64,296.48,310.75,1.0
2018-08-18 11:29:00,89.55706,36.92614,936.352,272.01,84.8,584.7,-5.37,-3.78,-51.51,108.57,77.5,296.65,310.02,109.68,77.6,296.48,310.74,1.0
2018-08-18 11:29:00,89.55706,36.92609,936.387,272.02,84.8,584.5,-7.28,-3.72,-52.57,107.98,77.57,296.51,310.23,109.35,77.53,296.49,310.76,1.0
2018-08-18 11:29:00,89.55706,36.92603,936.35,272.02,84.8,584.8,-6.81,-4.19,-52.4,108.44,77.5,296.59,310.62,108.94,77.44,296.52,310.79,1.0
2018-08-18 11:29:00,89.55705,36.92597,936.339,272.02,84.8,584.9,-4.82,-4.3,-51.76,108.57,77.78,296.5,310.58,108.49,77.36,296.56,310.81,1.0
2018-08-18 11:29:00,89.55705,36.92591,936.383,272.01,84.8,584.5,-1.94,-4.39,-50.87,109.56,77.64,296.61,310.74,108.02,77.29,296.59,310.81,1.0
2018-08-18 11:29:00,89.55705,36.92585,936.428,272.01,84.8,584.1,0.17,-4.37,-50.46,108.97,77.64,296.61,310.64,107.59,77.26,296.6,310.86,1.0
2018-08-18 11:29:00,89.55705,36.92579,936.427,272.01,84.8,584.1,1.06,-4.35,-50.37,109.29,77.5,296.42,311.28,107.25,77.26,296.59,310.94,1.0
2018-08-18 11:29:00,89.55705,36.92573,936.415,272.02,84.8,584.2,1.91,-4.71,-49.21,108.44,77.36,296.31,311.26,107.04,77.31,296.57,311.0,1.0
2018-08-18 11:29:00,89.55705,36.92567,936.439,272.02,84.8,584.0,3.09,-4.31,-49.24,108.57,77.3,296.38,311.07,106.98,77.38,296.54,311.06,1.0
2018-08-18 11:29:00,89.55705,36.9256,936.443,272.02,84.8,584.0,4.88,-4.43,-49.25,107.59,77.43,296.34,310.82,107.1,77.48,296.51,311.11,1.0
2018-08-18 11:29:00,89.55705,36.92553,936.469,272.02,84.8,583.8,6.06,-4.51,-49.02,108.57,77.64,296.41,311.21,107.38,77.58,296.47,311.18,1.0
2018-08-18 11:29:00,89.55705,36.92546,936.511,272.02,84.8,583.4,6.18,-4.27,-48.45,108.12,77.57,296.61,311.13,107.8,77.67,296.44,311.25,1.0
2018-08-18 11:29:00,89.55704,36.92539,936.498,272.02,84.8,583.5,5.83,-3.83,-47.69,108.18,77.5,296.53,311.24,108.31,77.73,296.44,311.29,1.0
2018-08-18 11:29:00,89.55704,36.92532,936.545,272.02,84.8,583.1,6.38,-3.29,-47.59,108.12,77.43,296.71,311.42,108.85,77.76,296.45,311.32,1.0
2018-08-18 11:29:00,89.55704,36.92525,936.562,272.01,84.8,583.0,6.23,-3.21,-51.78,108.9,77.71,296.35,311.05,109.37,77.75,296.47,311.37,1.0
2018-08-18 11:29:00,89.55704,36.92518,936.567,272.01,84.8,582.9,4.61,-3.46,-53.78,108.7,77.57,296.6,311.22,109.78,77.72,296.49,311.41,1.0
2018-08-18 11:29:00,89.55704,36.92511,936.561,272.02,84.8,583.0,3.26,-3.63,-54.6,107.98,77.64,296.6,311.32,110.06,77.66,296.52,311.45,1.0
2018-08-18 11:29:00,89.55704,36.92504,936.543,272.02,84.8,583.1,3.66,-3.52,-55.69,108.38,77.57,296.61,311.41,110.15,77.59,296.53,311.46,1.0
2018-08-18 11:29:00,89.55704,36.92497,936.541,272.02,84.8,583.2,5.6,-3.55,-55.62,108.44,77.64,296.43,311.03,110.06,77.52,296.52,311.46,1.0
2018-08-18 11:29:00,89.55704,36.9249,936.541,272.03,84.8,583.2,6.53,-3.19,-55.86,109.82,77.5,296.33,311.32,109.8,77.46,296.47,311.44,1.0
2018-08-18 11:29:00,89.55704,36.92485,936.55,272.02,84.8,583.1,7.72,-3.25,-55.17,108.97,77.43,296.43,311.12,109.4,77.42,296.41,311.41,1.0
2018-08-18 11:29:00,89.55704,36.92483,936.568,272.02,84.8,582.9,8.41,-3.33,-54.58,108.38,77.5,296.52,311.32,108.92,77.39,296.34,311.37,1.0
2018-08-18 11:29:00,89.55704,36.92481,936.572,272.02,84.8,582.9,8.68,-3.22,-54.26,108.7,77.43,296.43,311.22,108.41,77.37,296.26,311.33,1.0
2018-08-18 11:29:00,89.55704,36.92479,936.504,272.02,84.8,583.5,9.33,-2.97,-53.7,108.84,77.64,296.61,311.32,107.95,77.35,296.19,311.3,1.0
2018-08-18 11:29:00,89.55704,36.92476,936.58,272.03,84.8,582.8,9.01,-3.5,-53.56,108.38,77.5,296.52,311.32,107.58,77.32,296.14,311.28,1.0
2018-08-18 11:29:00,89.55704,36.92474,936.591,272.03,84.8,582.7,10.34,-3.58,-52.91,108.57,77.64,296.52,311.03,107.33,77.28,296.13,311.26,1.0
2018-08-18 11:29:00,89.55704,36.92472,936.564,272.03,84.8,583.0,12.63,-3.44,-52.34,108.7,77.43,296.61,311.32,107.22,77.22,296.14,311.27,1.0
2018-08-18 11:29:00,89.55703,36.9247,936.557,272.03,84.8,583.0,15.12,-3.54,-51.94,108.51,77.5,296.43,311.22,107.26,77.14,296.19,311.28,1.0
2018-08-18 11:29:00,89.55703,36.92467,936.631,272.03,84.8,582.4,17.38,-4.02,-51.55,107.59,77.64,296.43,311.23,107.41,77.06,296.26,311.28,1.0
2018-08-18 11:29:00,89.55703,36.92465,936.716,272.03,84.8,581.7,19.6,-3.57,-50.77,109.49,77.5,296.63,311.22,107.65,76.98,296.31,311.32,1.0
2018-08-18 11:29:00,89.55703,36.92463,936.697,272.03,84.7,581.8,19.36,-4.16,-50.15,107.85,77.5,296.35,311.33,107.95,76.92,296.39,311.25,1.0
2018-08-18 11:29:00,89.55703,36.9246,936.693,272.03,84.7,581.9,19.4,-4.68,-49.63,108.7,77.36,296.44,311.48,108.25,76.89,296.46,311.17,1.0
2018-08-18 11:29:00,89.55703,36.92458,936.693,272.04,84.8,581.9,19.17,-4.57,-49.16,108.18,77.64,296.34,311.3,108.55,76.91,296.5,311.1,1.0
2018-08-18 11:29:00,89.55703,36.92457,936.664,272.04,84.7,582.1,18.41,-3.97,-48.75,108.57,77.3,296.55,311.28,108.8,76.96,296.51,311.05,1.0
2018-08-18 11:29:00,89.55703,36.92458,936.708,272.03,84.7,581.8,18.49,-4.61,-48.9,108.38,77.3,295.83,311.32,109.01,77.06,296.47,311.02,1.0
2018-08-18 11:29:00,89.55703,36.9246,936.708,272.03,84.7,581.8,20.57,-4.37,-49.1,107.92,77.3,296.22,310.44,109.17,77.19,296.42,311.0,1.0
2018-08-18 11:29:00,89.55703,36.92461,936.714,272.03,84.7,581.7,20.2,-4.23,-48.96,109.49,77.36,296.38,310.64,109.28,77.34,296.35,310.9,1.0
2018-08-18 11:29:00,89.55702,36.92462,936.72,272.03,84.7,581.6,19.1,-4.54,-48.96,108.57,77.5,296.41,310.87,109.35,77.49,296.34,310.82,1.0
2018-08-18 11:29:00,89.55702,36.92464,936.707,272.04,84.7,581.8,18.28,-4.93,-49.13,108.25,77.3,296.43,311.14,109.4,77.62,296.37,310.79,1.0
2018-08-18 11:29:00,89.55702,36.92465,936.65,272.03,84.7,582.2,18.1,-4.74,-49.2,108.57,77.5,296.44,311.33,109.43,77.72,296.4,310.8,1.0
2018-08-18 11:29:00,89.55702,36.92466,936.689,272.03,84.7,581.9,17.24,-4.94,-49.19,108.51,77.36,296.62,311.33,109.44,77.78,296.47,310.84,1.0
2018-08-18 11:29:00,89.55702,36.92467,936.701,272.03,84.7,581.8,17.3,-4.85,-48.8,108.51,77.64,296.42,310.13,109.43,77.8,296.53,311.0,1.0
2018-08-18 11:29:00,89.55702,36.92469,936.692,272.03,84.7,581.9,18.46,-4.88,-48.23,108.64,77.43,296.95,310.25,109.39,77.77,296.6,311.14,1.0
2018-08-18 11:29:00,89.55702,36.9247,936.666,272.04,84.7,582.1,20.55,-5.04,-47.89,108.64,77.5,297.37,310.67,109.32,77.71,296.68,311.23,1.0
2018-08-18 11:29:00,89.55702,36.92471,936.638,272.04,84.7,582.3,23.12,-5.23,-48.04,108.25,77.43,296.87,310.65,109.21,77.63,296.76,311.27,1.0
2018-08-18 11:29:00,89.55702,36.92472,936.706,272.04,84.7,581.8,25.22,-5.3,-48.3,109.69,77.43,296.69,311.28,109.07,77.54,296.84,311.27,1.0
2018-08-18 11:29:00,89.55701,36.92471,936.736,272.03,84.7,581.5,24.04,-5.12,-48.53,108.12,77.5,296.54,311.39,108.91,77.45,296.89,311.22,1.0
2018-08-18 11:29:00,89.55701,36.92469,936.75,272.04,84.7,581.4,21.72,-4.84,-48.97,109.16,77.43,296.54,311.59,108.74,77.38,296.91,311.25,1.0
2018-08-18 11:29:00,89.55701,36.92468,936.756,272.04,84.7,581.3,20.13,-4.6,-49.33,109.16,77.64,296.61,311.46,108.58,77.32,296.86,311.22,1.0
2018-08-18 11:29:00,89.55701,36.92466,936.772,272.04,84.7,581.2,19.76,-4.42,-49.53,108.31,77.36,296.43,311.54,108.45,77.29,296.76,311.16,1.0
2018-08-18 11:29:00,89.55701,36.92465,936.84,272.04,84.7,580.6,20.19,-4.21,-49.66,108.38,77.3,296.44,311.65,108.37,77.27,296.68,311.18,1.0
2018-08-18 11:29:00,89.55701,36.92463,936.765,272.04,84.7,581.3,19.98,-4.48,-49.71,108.51,77.5,296.34,311.56,108.35,77.26,296.6,311.16,1.0
2018-08-18 11:29:00,89.55701,36.92462,936.744,272.04,84.7,581.5,18.73,-4.21,-49.93,108.77,77.5,296.44,311.24,108.39,77.26,296.55,311.16,1.0
2018-08-18 11:29:00,89.55701,36.9246,936.733,272.04,84.7,581.5,18.72,-4.17,-50.21,108.57,77.43,296.35,310.84,108.5,77.26,296.42,311.18,1.0
2018-08-18 11:29:00,89.55701,36.92459,936.731,272.04,84.7,581.6,20.04,-4.33,-50.8,108.64,77.36,296.63,310.61,108.66,77.26,296.24,311.17,1.0
2018-08-18 11:29:00,89.55701,36.92457,936.775,272.04,84.7,581.2,21.63,-4.42,-51.71,108.31,77.5,296.44,311.33,108.84,77.27,296.09,311.1,1.0
2018-08-18 11:29:00,89.55701,36.92456,936.823,272.04,84.7,580.8,21.64,-4.62,-51.32,109.29,77.36,296.46,311.24,109.03,77.27,295.98,311.02,1.0
2018-08-18 11:29:00,89.55701,36.92455,936.853,272.04,84.7,580.5,21.93,-4.25,-50.18,108.51,77.5,296.44,311.24,109.19,77.26,295.98,311.03,1.0
2018-08-18 11:29:00,89.55701,36.92453,936.84,272.04,84.7,580.6,19.18,-4.29,-49.49,107.92,77.43,295.62,311.34,109.3,77.26,295.99,311.02,1.0
2018-08-18 11:29:00,89.557,36.9245,936.82,272.04,84.7,580.8,15.2,-4.19,-49.71,109.1,77.43,294.72,310.6,109.35,77.26,295.98,311.03,1.0
2018-08-18 11:29:00,89.557,36.92443,936.837,272.05,84.7,580.7,11.72,-3.7,-50.41,109.82,77.43,294.76,309.82,109.33,77.25,295.97,311.0,1.0
2018-08-18 11:29:00,89.557,36.92435,936.902,272.05,84.7,580.1,9.2,-3.52,-49.97,108.12,77.23,295.34,309.9,109.26,77.24,295.94,310.84,1.0
2018-08-18 11:29:00,89.557,36.92428,936.908,272.04,84.7,580.1,11.11,-3.63,-49.36,108.77,77.43,296.16,311.25,109.14,77.23,295.9,310.69,1.0
2018-08-18 11:29:00,89.557,36.9242,936.91,272.05,84.7,580.1,13.62,-3.67,-48.55,108.64,77.43,296.54,311.05,109.01,77.21,295.88,310.58,1.0
2018-08-18 11:29:00,89.557,36.92413,936.886,272.05,84.7,580.3,14.11,-3.71,-47.75,108.51,77.36,296.45,311.44,108.89,77.18,295.94,310.5,1.0
2018-08-18 11:29:00,89.557,36.92405,936.841,272.05,84.7,580.6,13.21,-3.66,-47.0,108.7,77.36,296.43,310.97,108.8,77.15,296.08,310.53,1.0
2018-08-18 11:29:00,89.557,36.92398,936.846,272.05,84.7,580.6,13.51,-3.43,-46.32,108.9,77.43,296.5,310.34,108.76,77.12,296.23,310.68,1.0
2018-08-18 11:29:00,89.557,36.9239,936.881,272.05,84.7,580.3,14.22,-3.49,-46.27,108.97,77.43,296.66,310.45,108.78,77.1,296.35,310.86,1.0
2018-08-18 11:29:00,89.557,36.92383,936.914,272.05,84.7,580.0,15.43,-3.37,-46.91,108.44,77.36,296.79,310.53,108.86,77.09,296.44,310.95,1.0
2018-08-18 11:29:00,89.557,36.92375,936.905,272.05,84.7,580.1,15.46,-3.36,-47.13,109.36,77.43,296.53,310.65,108.96,77.11,296.48,311.03,1.0
2018-08-18 11:29:00,89.557,36.92368,936.879,272.05,84.7,580.3,14.69,-3.57,-47.03,108.64,77.23,296.53,310.6,109.07,77.15,296.51,311.11,1.0
2018-08-18 11:29:00,89.557,36.92362,936.924,272.05,84.7,579.9,14.04,-3.83,-46.94,108.7,77.36,296.36,311.26,109.15,77.21,296.55,311.19,1.0
2018-08-18 11:29:00,89.55699,36.92357,936.943,272.06,84.7,579.8,14.11,-3.16,-46.74,108.9,77.43,296.54,311.54,109.15,77.28,296.55,311.23,1.0
2018-08-18 11:29:00,89.55699,36.92351,936.933,272.05,84.7,579.9,14.35,-3.27,-46.38,108.38,77.3,297.16,311.18,109.07,77.35,296.51,311.21,1.0
2018-08-18 11:29:00,89.55699,36.92345,936.931,272.05,84.7,579.9,17.13,-3.72,-45.67,108.77,77.16,296.5,311.04,108.88,77.42,296.48,311.17,1.0
2018-08-18 11:29:00,89.55699,36.92339,936.94,272.05,84.7,579.8,19.55,-3.79,-44.96,108.44,77.3,296.38,311.39,108.58,77.47,296.42,311.14,1.0
2018-08-18 11:29:00,89.55699,36.92333,936.954,272.05,84.7,579.7,20.25,-3.61,-44.64,109.1,77.3,296.37,311.68,108.19,77.47,296.34,311.11,1.0
2018-08-18 11:29:00,89.55699,36.92327,936.943,272.05,84.7,579.8,19.86,-4.46,-45.34,109.23,77.5,296.36,311.25,107.76,77.44,296.27,311.09,1.0
2018-08-18 11:29:00,89.55699,36.92321,936.971,272.06,84.7,579.5,17.22,-3.92,-46.0,109.42,77.5,296.35,311.43,107.32,77.37,296.22,311.08,1.0
2018-08-18 11:29:00,89.55699,36.92315,937.023,272.06,84.7,579.1,14.88,-3.48,-46.52,108.05,77.3,296.91,311.56,106.94,77.27,296.08,311.2,1.0
2018-08-18 11:29:00,89.55699,36.92309,937.043,272.06,84.7,578.9,13.42,-3.49,-46.69,109.03,77.43,296.79,312.03,106.65,77.14,296.0,311.35,1.0
2018-08-18 11:29:00,89.55699,36.92304,937.036,272.05,84.7,579.0,12.97,-3.62,-46.75,107.92,77.36,296.61,312.13,106.52,77.01,295.93,311.4,1.0
2018-08-18 11:29:00,89.55698,36.92302,937.084,272.06,84.7,578.6,13.35,-3.36,-46.99,109.03,77.36,296.36,311.5,106.55,76.89,295.83,311.35,1.0
2018-08-18 11:29:00,89.55698,36.923,937.021,272.06,84.7,579.1,14.44,-3.05,-46.65,108.18,77.43,296.36,311.85,106.76,76.81,295.9,311.56,1.0
2018-08-18 11:29:00,89.55698,36.92297,937.021,272.06,84.7,579.1,16.73,-3.57,-46.22,109.56,77.36,295.94,311.95,107.13,76.77,295.94,311.72,1.0
2018-08-18 11:29:00,89.55698,36.92295,937.065,272.06,84.7,578.7,18.7,-3.43,-45.59,107.72,77.23,295.49,312.27,107.62,76.79,295.94,311.81,1.0
2018-08-18 11:29:00,89.55698,36.92293,937.088,272.06,84.7,578.6,19.8,-3.24,-45.13,107.92,77.02,294.97,310.55,108.18,76.86,295.93,311.81,1.0
2018-08-18 11:29:00,89.55698,36.9229,937.038,272.06,84.7,579.0,19.82,-3.45,-45.07,107.0,77.23,294.53,309.06,108.76,76.98,295.93,311.75,1.0
2018-08-18 11:29:00,89.55698,36.92288,937.075,272.06,84.7,578.7,18.69,-3.28,-45.2,108.31,77.3,296.08,311.54,109.31,77.12,295.88,311.69,1.0
2018-08-18 11:29:00,89.55698,36.92286,937.11,272.06,84.7,578.4,19.51,-3.32,-45.32,109.1,77.16,295.86,311.59,109.77,77.26,295.82,311.57,1.0
2018-08-18 11:29:00,89.55698,36.92284,937.088,272.06,84.7,578.6,20.21,-3.34,-45.58,109.1,77.23,295.5,311.72,110.1,77.4,295.83,311.37,1.0
2018-08-18 11:29:00,89.55698,36.92281,937.085,272.06,84.7,578.6,20.68,-3.14,-45.91,108.7,77.36,296.09,311.22,110.31,77.5,295.87,311.2,1.0
2018-08-18 11:29:00,89.55698,36.92279,937.13,272.06,84.6,578.2,20.71,-2.87,-46.39,108.64,77.36,296.0,311.51,110.38,77.56,295.95,311.18,1.0
2018-08-18 11:29:00,89.55697,36.92277,937.097,272.06,84.6,578.5,20.03,-2.99,-47.16,109.16,77.3,295.94,311.79,110.33,77.58,296.08,311.33,1.0
2018-08-18 11:29:00,89.55697,36.92273,937.076,272.06,84.6,578.7,20.52,-3.07,-48.06,108.31,77.43,295.7,311.22,110.2,77.54,296.1,311.32,1.0
2018-08-18 11:29:00,89.55697,36.92269,937.148,272.06,84.6,578.1,19.91,-3.26,-47.59,108.51,77.3,296.25,311.35,110.02,77.47,296.18,311.38,1.0
2018-08-18 11:29:00,89.55697,36.92266,937.166,272.06,84.6,577.9,18.69,-3.22,-47.68,108.77,77.3,296.28,311.35,109.82,77.38,296.29,311.48,1.0
2018-08-18 11:29:00,89.55697,36.92262,937.176,272.07,84.6,577.8,18.17,-3.03,-48.04,109.03,77.23,296.56,311.44,109.62,77.28,296.39,311.6,1.0
2018-08-18 11:29:00,89.55697,36.92258,937.301,272.06,84.6,576.8,18.99,-2.91,-48.17,108.57,77.36,296.45,311.35,109.44,77.19,296.49,311.69,1.0
2018-08-18 11:29:00,89.55697,36.92254,937.231,272.07,84.6,577.4,18.92,-3.23,-49.05,108.77,77.16,296.53,311.45,109.29,77.11,296.59,311.69,1.0
2018-08-18 11:29:00,89.55697,36.92251,937.13,272.07,84.6,578.2,16.86,-3.57,-49.95,109.16,77.36,296.65,311.36,109.15,77.06,296.66,311.73,1.0
2018-08-18 11:29:00,89.55696,36.92247,937.115,272.07,84.6,578.3,15.1,-3.35,-50.8,107.98,77.3,296.46,311.45,109.02,77.04,296.73,311.67,1.0
2018-08-18 11:29:00,89.55696,36.92243,937.2,272.07,84.6,577.6,14.56,-3.23,-51.11,108.77,77.43,296.54,311.35,108.9,77.03,296.77,311.58,1.0
2018-08-18 11:29:00,89.55696,36.9224,937.307,272.07,84.6,576.7,15.42,-3.47,-50.75,109.82,77.3,296.45,311.18,108.76,77.05,296.75,311.5,1.0
2018-08-18 11:29:00,89.55696,36.92236,937.206,272.07,84.6,577.6,16.92,-3.54,-50.3,108.7,77.16,296.45,311.04,108.6,77.07,296.75,311.4,1.0
2018-08-18 11:29:00,89.55696,36.92232,937.23,272.07,84.6,577.4,15.1,-3.15,-50.14,108.7,77.3,296.36,311.1,108.44,77.09,296.72,311.3,1.0
2018-08-18 11:29:00,89.55696,36.92228,937.234,272.07,84.6,577.3,11.96,-2.99,-50.57,109.56,77.16,297.11,310.77,108.29,77.1,296.73,311.24,1.0
2018-08-18 11:29:00,89.55696,36.92226,937.233,272.07,84.6,577.3,9.27,-3.09,-50.83,107.98,77.09,296.9,310.69,108.15,77.12,296.63,311.15,1.0
2018-08-18 11:29:00,89.55696,36.92223,937.258,272.07,84.6,577.1,7.27,-3.32,-50.8,108.84,77.3,296.58,311.45,108.06,77.12,296.47,311.06,1.0
2018-08-18 11:29:00,89.55696,36.92221,937.305,272.07,84.6,576.7,5.07,-3.48,-50.85,108.57,77.3,296.98,311.26,108.02,77.13,296.4,311.03,1.0
2018-08-18 11:29:00,89.55696,36.92218,937.284,272.07,84.6,576.9,5.04,-3.73,-50.14,108.97,77.43,296.47,311.55,108.04,77.14,296.47,311.09,1.0
2018-08-18 11:29:00,89.55696,36.92216,937.281,272.08,84.6,576.9,4.96,-3.51,-50.67,108.97,77.3,296.69,311.69,108.13,77.16,296.53,311.13,1.0
2018-08-18 11:29:00,89.55696,36.92214,937.274,272.08,84.6,577.0,3.42,-3.34,-51.62,107.59,77.43,295.55,311.16,108.29,77.19,296.52,311.24,1.0
2018-08-18 11:29:00,89.55696,36.92211,937.261,272.07,84.6,577.1,1.8,-3.33,-52.82,109.03,77.02,294.48,310.46,108.48,77.22,296.5,311.32,1.0
2018-08-18 11:29:00,89.55696,36.92209,937.252,272.07,84.6,577.2,0.87,-3.48,-54.26,109.1,77.09,294.91,310.95,108.7,77.25,296.49,311.34,1.0
2018-08-18 11:29:00,89.55695,36.92207,937.313,272.07,84.6,576.7,-2.67,-3.64,-56.32,108.38,77.09,296.64,311.5,108.93,77.28,296.43,311.35,1.0
2018-08-18 11:29:00,89.55695,36.92204,937.281,272.08,84.6,576.9,-4.61,-3.44,-57.4,108.51,77.3,296.53,311.28,109.14,77.3,296.34,311.39,1.0
2018-08-18 11:29:00,89.55695,36.92202,937.288,272.07,84.6,576.9,-5.18,-3.43,-58.46,108.57,77.3,296.39,311.58,109.32,77.3,296.24,311.4,1.0
2018-08-18 11:29:00,89.55695,36.92199,937.316,272.07,84.6,576.6,-5.09,-3.63,-59.27,109.75,77.3,296.56,311.41,109.48,77.28,296.26,311.46,1.0
2018-08-18 11:29:00,89.55695,36.92197,937.322,272.08,84.6,576.6,-5.34,-3.91,-59.95,108.51,77.36,296.46,311.35,109.6,77.25,296.38,311.55,1.0
2018-08-18 11:29:00,89.55695,36.92194,937.284,272.08,84.6,576.9,-6.54,-4.09,-60.94,108.9,77.3,296.51,311.31,109.7,77.19,296.48,311.58,1.0
2018-08-18 11:29:00,89.55695,36.92192,937.334,272.08,84.6,576.5,-2.18,-4.14,-60.76,108.44,77.3,296.18,311.86,109.78,77.13,296.44,311.59,1.0
2018-08-18 11:29:00,89.55695,36.92187,937.342,272.08,84.6,576.4,0.65,-4.17,-60.18,108.38,77.09,296.23,312.11,109.85,77.08,296.44,311.6,1.0
2018-08-18 11:29:00,89.55695,36.92181,937.376,272.08,84.6,576.1,0.88,-4.27,-59.39,108.51,77.3,296.21,311.8,109.91,77.03,296.45,311.61,1.0
2018-08-18 11:29:00,89.55695,36.92175,937.423,272.08,84.6,575.7,0.74,-4.21,-58.31,109.1,77.23,296.31,311.58,109.95,77.01,296.46,311.61,1.0
2018-08-18 11:29:00,89.55695,36.92169,937.378,272.08,84.6,576.1,2.32,-3.92,-56.82,109.49,77.3,296.71,311.45,109.96,77.01,296.49,311.62,1.0
2018-08-18 11:29:00,89.55694,36.92163,937.416,272.08,84.6,575.8,4.02,-4.35,-55.52,108.9,77.09,296.44,311.27,109.92,77.04,296.56,311.61,1.0
2018-08-18 11:29:00,89.55694,36.92157,937.449,272.08,84.6,575.5,3.74,-3.64,-53.99,109.16,77.23,296.47,311.26,109.81,77.09,296.58,311.55,1.0
2018-08-18 11:29:00,89.55694,36.92151,937.493,272.08,84.6,575.1,3.12,-3.41,-52.58,108.97,77.3,296.4,311.36,109.61,77.15,296.55,311.47,1.0
2018-08-18 11:29:00,89.55694,36.92145,937.525,272.09,84.6,574.9,3.86,-3.31,-51.23,109.29,77.09,296.2,311.27,109.32,77.21,296.51,311.39,1.0
2018-08-18 11:29:00,89.55694,36.92139,937.52,272.09,84.6,574.9,6.12,-3.08,-50.1,108.57,77.3,296.56,311.27,108.94,77.27,296.44,311.34,1.0
2018-08-18 11:29:00,89.55694,36.92135,937.52,272.08,84.6,574.9,7.44,-3.06,-49.66,108.51,77.02,297.49,311.48,108.5,77.32,296.35,311.31,1.0
2018-08-18 11:29:00,89.55694,36.92131,937.508,272.09,84.6,575.0,11.5,-2.98,-49.54,109.29,77.3,296.92,311.39,108.01,77.34,296.3,311.3,1.0
2018-08-18 11:29:00,89.55694,36.92128,937.49,272.09,84.6,575.2,14.54,-2.78,-49.49,109.23,77.23,296.56,311.58,107.54,77.34,296.27,311.3,1.0
2018-08-18 11:29:00,89.55694,36.92124,937.487,272.09,84.6,575.2,16.51,-2.58,-49.7,109.36,77.23,296.56,311.29,107.11,77.33,296.34,311.38,1.0
2018-08-18 11:29:00,89.55694,36.9212,937.508,272.09,84.6,575.0,17.94,-2.48,-49.77,108.7,77.3,296.47,311.57,106.79,77.29,296.46,311.5,1.0
2018-08-18 11:29:00,89.55694,36.92117,937.518,272.09,84.6,574.9,19.73,-2.45,-48.47,108.77,77.3,296.47,311.39,106.61,77.25,296.48,311.52,1.0
2018-08-18 11:29:00,89.55694,36.92113,937.511,272.09,84.6,575.0,18.86,-2.22,-49.22,108.77,77.43,296.47,311.39,106.59,77.21,296.4,311.54,1.0
2018-08-18 11:29:00,89.55693,36.92109,937.536,272.09,84.6,574.8,15.26,-1.87,-50.07,108.84,77.16,296.86,311.39,106.75,77.17,296.43,311.54,1.0
2018-08-18 11:29:00,89.55693,36.92106,937.545,272.09,84.6,574.7,12.48,-1.72,-51.2,107.98,77.16,297.22,311.94,107.06,77.15,296.49,311.53,1.0
2018-08-18 11:29:00,89.55693,36.92102,937.519,272.09,84.6,574.9,10.93,-1.69,-52.22,108.18,77.02,297.44,312.5,107.5,77.12,296.52,311.51,1.0
2018-08-18 11:29:00,89.55693,36.92098,937.53,272.09,84.6,574.8,9.02,-1.45,-52.42,108.64,77.23,296.31,311.1,108.03,77.11,296.54,311.5,1.0
2018-08-18 11:29:00,89.55693,36.92095,937.585,272.09,84.6,574.4,11.9,-1.82,-51.57,108.51,77.23,295.43,311.57,108.58,77.1,296.58,311.52,1.0
2018-08-18 11:29:00,89.55693,36.92091,937.578,272.09,84.6,574.4,15.5,-1.92,-50.51,108.7,77.3,296.07,311.38,109.11,77.09,296.59,311.53,1.0
2018-08-18 11:29:00,89.55693,36.92087,937.612,272.1,84.6,574.1,17.58,-2.11,-50.12,108.38,77.23,296.48,311.37,109.56,77.08,296.59,311.54,1.0
2018-08-18 11:29:00,89.55693,36.92082,937.637,272.1,84.6,573.9,16.91,-2.11,-50.95,108.84,77.16,296.57,311.27,109.91,77.07,296.53,311.49,1.0
2018-08-18 11:29:00,89.55693,36.92078,937.615,272.09,84.6,574.1,14.22,-1.86,-52.2,108.57,77.3,296.5,311.54,110.14,77.07,296.46,311.42,1.0
2018-08-18 11:29:00,89.55693,36.92074,937.654,272.1,84.6,573.8,12.12,-1.6,-51.9,108.18,77.23,297.12,311.78,110.23,77.07,296.5,311.47,1.0
2018-08-18 11:29:00,89.55693,36.92069,937.634,272.1,84.6,574.0,9.92,-2.26,-51.43,109.75,77.23,296.69,311.78,110.21,77.1,296.61,311.52,1.0
2018-08-18 11:29:00,89.55693,36.92065,937.649,272.1,84.6,573.8,7.65,-2.35,-51.15,108.57,77.09,296.7,311.6,110.09,77.14,296.68,311.57,1.0
2018-08-18 11:29:00,89.55693,36.9206,937.653,272.1,84.6,573.8,6.72,-2.54,-51.4,108.9,77.3,296.52,311.31,109.9,77.21,296.74,311.6,1.0
2018-08-18 11:29:00,89.55692,36.92056,937.629,272.09,84.6,574.0,7.6,-2.75,-51.92,109.29,77.09,296.65,311.38,109.68,77.3,296.79,311.62,1.0
2018-08-18 11:29:00,89.55692,36.92052,937.6,272.1,84.6,574.2,10.15,-2.63,-52.25,108.64,77.23,296.77,311.09,109.44,77.41,296.81,311.59,1.0
2018-08-18 11:29:00,89.55692,36.92047,937.6,272.1,84.6,574.2,13.62,-2.33,-52.38,108.05,77.09,296.39,311.57,109.2,77.52,296.76,311.51,1.0
2018-08-18 11:29:00,89.55692,36.92043,937.608,272.09,84.6,574.2,15.82,-2.63,-52.31,108.9,77.16,296.29,311.27,108.96,77.61,296.71,311.45,1.0
2018-08-18 11:29:00,89.55692,36.92039,937.681,272.09,84.6,573.6,18.31,-2.72,-52.4,109.56,77.3,296.56,311.46,108.72,77.68,296.63,311.39,1.0
2018-08-18 11:29:00,89.55692,36.92036,937.726,272.1,84.6,573.2,20.74,-2.8,-52.43,109.1,77.23,296.66,311.07,108.48,77.72,296.56,311.36,1.0
2018-08-18 11:29:00,89.55692,36.92033,937.652,272.1,84.6,573.8,21.75,-2.87,-52.22,108.77,77.3,296.4,311.46,108.24,77.71,296.5,311.34,1.0
2018-08-18 11:29:00,89.55692,36.92029,937.693,272.1,84.6,573.5,18.88,-2.17,-51.93,108.64,77.23,296.67,311.38,107.98,77.65,296.46,311.35,1.0
2018-08-18 11:29:00,89.55692,36.92026,937.7,272.1,84.6,573.4,17.35,-2.43,-51.72,108.9,77.43,296.53,311.37,107.72,77.55,296.45,311.39,1.0
2018-08-18 11:29:00,89.55692,36.92023,937.659,272.1,84.6,573.7,15.63,-2.32,-51.43,109.1,77.23,296.46,311.57,107.46,77.42,296.33,311.42,1.0
2018-08-18 11:29:00,89.55692,36.9202,937.657,272.1,84.6,573.8,12.64,-2.38,-51.41,108.7,77.36,296.55,311.29,107.23,77.28,296.22,311.43,1.0
2018-08-18 11:29:00,89.55692,36.92017,937.714,272.1,84.5,573.3,9.99,-2.57,-51.35,107.98,77.3,296.58,311.68,107.05,77.14,296.2,311.45,1.0
2018-08-18 11:29:00,89.55692,36.92014,937.714,272.1,84.5,573.3,10.61,-2.43,-50.65,108.77,77.23,296.58,311.29,106.95,77.02,296.25,311.51,1.0
2018-08-18 11:29:00,89.55692,36.9201,937.774,272.1,84.5,572.8,12.63,-2.15,-50.67,108.31,77.43,296.49,311.48,106.96,76.94,296.3,311.54,1.0
2018-08-18 11:29:00,89.55692,36.92007,937.752,272.1,84.5,573.0,12.53,-1.85,-50.14,109.23,77.3,295.24,311.25,107.09,76.9,296.35,311.55,1.0
2018-08-18 11:29:00,89.55692,36.92004,937.746,272.1,84.5,573.0,12.03,-1.89,-49.4,108.77,77.23,294.76,310.73,107.35,76.9,296.37,311.52,1.0
2018-08-18 11:29:00,89.55692,36.92001,937.783,272.1,84.5,572.7,11.6,-2.21,-48.72,108.38,77.02,295.7,310.44,107.72,76.94,296.36,311.46,1.0
2018-08-18 11:29:00,89.55692,36.91999,937.789,272.1,84.5,572.7,11.47,-2.48,-48.39,108.31,77.09,296.39,311.08,108.19,77.0,296.31,311.39,1.0
2018-08-18 11:29:00,89.55691,36.91998,937.753,272.11,84.5,573.0,12.7,-2.79,-48.8,108.57,77.23,296.3,311.58,108.72,77.08,296.25,311.32,1.0
2018-08-18 11:29:00,89.55691,36.91997,937.726,272.11,84.5,573.2,11.23,-2.65,-49.29,108.31,77.23,296.49,311.3,109.27,77.15,296.19,311.27,1.0
2018-08-18 11:29:00,89.55691,36.91996,937.766,272.1,84.5,572.8,8.95,-2.54,-49.48,107.59,77.23,296.5,311.58,109.8,77.21,296.25,311.27,1.0
2018-08-18 11:29:00,89.55691,36.91995,937.809,272.1,84.5,572.5,7.99,-2.57,-49.73,108.18,77.23,296.58,311.58,110.26,77.24,296.36,311.34,1.0
2018-08-18 11:29:00,89.55691,36.91995,937.804,272.11,84.5,572.5,9.22,-2.65,-50.16,108.9,77.36,296.57,311.49,110.62,77.26,296.45,311.43,1.0
2018-08-18 11:29:00,89.55691,36.91994,937.825,272.11,84.5,572.4,11.46,-2.55,-50.49,109.1,77.23,296.69,311.59,110.85,77.25,296.53,311.49,1.0
2018-08-18 11:29:00,89.55691,36.91993,937.817,272.11,84.5,572.4,14.33,-3.0,-50.4,108.97,77.36,296.69,311.3,110.95,77.24,296.61,311.57,1.0
2018-08-18 11:29:00,89.55691,36.91992,937.835,272.11,84.5,572.3,12.89,-3.02,-49.88,108.9,77.16,296.58,311.4,110.91,77.21,296.7,311.65,1.0
2018-08-18 11:29:00,89.55691,36.91991,937.854,272.11,84.5,572.1,12.34,-2.93,-50.12,108.9,77.3,296.77,311.5,110.74,77.2,296.77,311.71,1.0
2018-08-18 11:29:00,89.55691,36.9199,937.857,272.11,84.5,572.1,13.07,-2.92,-50.97,109.69,77.02,296.72,311.52,110.47,77.19,296.8,311.72,1.0
2018-08-18 11:29:00,89.55691,36.9199,937.843,272.11,84.5,572.2,13.17,-3.04,-51.52,108.9,77.23,297.4,311.66,110.11,77.2,296.8,311.7,1.0
2018-08-18 11:29:00,89.55691,36.91989,937.831,272.11,84.5,572.3,14.58,-2.93,-51.05,108.44,77.16,297.13,311.59,109.68,77.21,296.78,311.63,1.0
2018-08-18 11:29:00,89.55691,36.91988,937.875,272.11,84.5,571.9,16.92,-3.29,-50.95,109.16,77.3,297.0,311.35,109.21,77.23,296.73,311.53,1.0
2018-08-18 11:29:00,89.5569,36.91987,937.917,272.11,84.5,571.6,18.53,-3.39,-50.56,108.31,77.3,296.94,311.61,108.73,77.24,296.67,311.42,1.0
2018-08-18 11:29:00,89.5569,36.91984,937.954,272.11,84.5,571.3,18.94,-3.33,-50.09,108.97,77.02,296.85,311.35,108.25,77.25,296.6,311.3,1.0
2018-08-18 11:29:00,89.5569,36.9198,937.995,272.11,84.5,570.9,18.45,-3.3,-49.81,109.36,77.36,296.68,311.49,107.81,77.23,296.52,311.23,1.0
2018-08-18 11:29:00,89.5569,36.91976,937.93,272.11,84.5,571.5,18.33,-3.39,-49.78,109.23,77.09,296.58,311.59,107.41,77.19,296.41,311.25,1.0
2018-08-18 11:29:00,89.5569,36.91972,937.902,272.11,84.5,571.7,14.81,-2.6,-49.75,108.18,77.43,296.5,311.5,107.09,77.13,296.32,311.26,1.0
2018-08-18 11:29:00,89.5569,36.91968,937.95,272.12,84.5,571.3,11.47,-2.43,-49.78,109.62,77.3,296.5,311.69,106.86,77.07,296.28,311.32,1.0
2018-08-18 11:29:00,89.5569,36.91963,937.964,272.12,84.5,571.2,9.08,-2.48,-50.01,108.7,77.23,296.5,311.38,106.75,77.0,296.27,311.4,1.0
2018-08-18 11:29:00,89.5569,36.91959,937.906,272.12,84.5,571.7,6.87,-2.44,-49.82,108.64,77.16,296.5,311.75,106.77,76.94,296.28,311.45,1.0
2018-08-18 11:29:00,89.5569,36.91955,937.935,272.12,84.5,571.4,3.22,-2.19,-48.15,108.97,77.23,296.49,312.47,106.92,76.91,296.3,311.5,1.0
2018-08-18 11:29:00,89.5569,36.91951,938.029,272.11,84.5,570.6,7.78,-2.55,-48.01,108.25,77.36,296.38,311.87,107.21,76.9,296.24,311.43,1.0
2018-08-18 11:29:00,89.5569,36.91947,938.054,272.11,84.5,570.4,10.88,-2.61,-47.51,108.18,76.81,296.69,312.16,107.62,76.92,296.28,311.46,1.0
2018-08-18 11:29:00,89.55689,36.91944,938.04,272.11,84.5,570.5,13.15,-2.61,-47.33,107.92,77.09,296.2,311.52,108.11,76.97,296.31,311.5,1.0
2018-08-18 11:29:00,89.55689,36.9194,938.023,272.12,84.5,570.7,13.79,-2.65,-47.72,108.31,77.09,296.1,311.5,108.65,77.03,296.32,311.5,1.0
2018-08-18 11:29:00,89.55689,36.91936,938.018,272.12,84.5,570.7,12.62,-2.67,-48.6,109.36,77.5,296.23,311.38,109.19,77.11,296.31,311.42,1.0
2018-08-18 11:29:00,89.55689,36.91933,937.97,272.12,84.5,571.1,12.47,-2.22,-49.81,107.92,77.3,295.69,309.95,109.67,77.19,296.31,311.25,1.0
2018-08-18 11:29:00,89.55689,36.91929,937.993,272.12,84.5,570.9,9.58,-2.02,-50.34,108.51,76.95,296.51,311.06,110.05,77.25,296.26,311.1,1.0
2018-08-18 11:29:00,89.55689,36.91925,938.046,272.12,84.5,570.5,7.93,-1.79,-51.19,109.16,77.16,296.43,311.59,110.3,77.28,296.24,310.89,1.0
2018-08-18 11:29:00,89.55689,36.91922,938.085,272.12,84.5,570.2,6.77,-1.8,-51.95,108.9,77.09,296.35,311.68,110.38,77.29,296.26,310.75,1.0
2018-08-18 11:29:00,89.55689,36.91918,938.059,272.12,84.5,570.4,6.1,-2.03,-52.17,108.97,77.23,296.52,311.33,110.29,77.27,296.32,310.69,1.0
2018-08-18 11:29:00,89.55689,36.91915,937.962,272.12,84.5,571.2,8.19,-1.73,-51.81,108.51,77.3,296.71,311.6,110.06,77.23,296.37,310.71,1.0
2018-08-18 11:29:00,89.55689,36.91911,938.06,272.12,84.5,570.4,6.6,-1.98,-51.04,108.84,77.16,296.12,311.13,109.71,77.18,296.44,310.75,1.0
2018-08-18 11:29:00,89.55689,36.91907,938.076,272.12,84.5,570.2,5.11,-2.2,-51.44,108.77,77.3,296.23,310.96,109.3,77.12,296.39,310.75,1.0
2018-08-18 11:29:00,89.55689,36.91904,938.075,272.12,84.5,570.3,3.42,-2.06,-51.51,109.16,77.09,296.57,310.46,108.89,77.08,296.41,310.78,1.0
2018-08-18 11:29:00,89.55689,36.919,938.127,272.13,84.5,569.8,1.88,-1.94,-51.33,109.03,77.3,296.53,310.96,108.53,77.05,296.48,310.85,1.0
2018-08-18 11:29:00,89.55689,36.91895,938.2,272.13,84.5,569.2,1.09,-2.47,-51.89,109.16,77.16,296.4,311.25,108.27,77.05,296.5,310.92,1.0
2018-08-18 11:29:00,89.55689,36.91892,938.121,272.12,84.5,569.9,0.14,-2.77,-52.37,108.77,77.3,295.55,310.25,108.16,77.08,296.5,310.98,1.0
2018-08-18 11:29:00,89.55688,36.91887,938.181,272.13,84.5,569.4,-1.89,-2.57,-52.22,107.85,76.88,295.52,310.41,108.2,77.13,296.56,311.05,1.0
2018-08-18 11:29:00,89.55688,36.91883,938.232,272.13,84.5,568.9,-3.38,-2.36,-51.75,109.1,77.16,296.46,311.05,108.4,77.2,296.58,311.14,1.0
2018-08-18 11:29:00,89.55688,36.91879,938.226,272.12,84.5,569.0,-4.26,-2.41,-51.44,108.57,77.02,296.91,311.42,108.73,77.28,296.54,311.19,1.0
2018-08-18 11:29:00,89.55688,36.91875,938.188,272.13,84.5,569.3,-4.97,-2.62,-51.55,108.77,77.16,296.52,311.32,109.14,77.36,296.49,311.19,1.0
2018-08-18 11:29:00,89.55688,36.91871,938.131,272.12,84.5,569.8,-5.72,-2.22,-51.8,108.84,77.43,296.52,311.33,109.59,77.43,296.49,311.2,1.0
2018-08-18 11:29:00,89.55688,36.91867,938.195,272.13,84.5,569.2,-2.84,-2.73,-52.52,108.77,77.16,296.71,311.42,110.0,77.48,296.5,311.25,1.0
2018-08-18 11:29:00,89.55688,36.91863,938.213,272.13,84.5,569.1,-2.2,-3.18,-53.1,108.51,77.23,296.63,311.42,110.34,77.51,296.65,311.36,1.0
2018-08-18 11:29:00,89.55688,36.91859,938.203,272.13,84.5,569.2,-2.63,-3.1,-53.58,108.7,77.23,296.37,311.18,110.55,77.51,296.73,311.42,1.0
2018-08-18 11:29:00,89.55688,36.91855,938.209,272.13,84.5,569.1,-2.97,-2.81,-54.06,109.36,77.3,295.96,310.84,110.61,77.48,296.71,311.42,1.0
2018-08-18 11:29:00,89.55688,36.91852,938.236,272.13,84.4,568.9,-2.92,-3.42,-54.52,109.49,77.23,296.45,311.25,110.5,77.43,296.72,311.44,1.0
2018-08-18 11:29:00,89.55688,36.91848,938.256,272.13,84.5,568.7,-6.38,-3.33,-53.99,109.1,77.09,295.48,310.37,110.24,77.35,296.73,311.47,1.0
2018-08-18 11:29:00,89.55688,36.91844,938.262,272.13,84.4,568.7,-8.15,-3.18,-53.48,108.51,77.09,296.94,311.62,109.85,77.27,296.74,311.5,1.0
2018-08-18 11:29:00,89.55688,36.91841,938.282,272.13,84.4,568.5,-8.33,-3.39,-53.39,109.23,77.3,297.02,311.78,109.39,77.17,296.73,311.55,1.0
2018-08-18 11:29:00,89.55687,36.91837,938.306,272.13,84.5,568.3,-7.47,-3.59,-53.44,108.64,77.3,296.54,311.42,108.89,77.09,296.74,311.63,1.0
2018-08-18 11:29:00,89.55687,36.91833,938.285,272.13,84.4,568.5,-6.69,-3.24,-53.21,109.95,77.3,296.73,311.52,108.42,77.02,296.77,311.7,1.0
2018-08-18 11:29:00,89.55687,36.9183,938.296,272.13,84.4,568.4,-7.63,-2.93,-53.09,108.97,77.3,296.82,311.62,108.03,76.96,296.74,311.67,1.0
2018-08-18 11:29:00,89.55687,36.91826,938.386,272.13,84.4,567.6,-7.87,-3.11,-53.16,109.1,77.09,296.63,311.52,107.76,76.93,296.8,311.77,1.0
2018-08-18 11:29:00,89.55687,36.91823,938.402,272.13,84.4,567.5,-7.09,-3.09,-53.49,108.84,77.3,296.54,311.63,107.64,76.92,296.73,311.77,1.0
2018-08-18 11:29:00,89.55687,36.91819,938.348,272.14,84.4,568.0,-5.95,-2.89,-53.58,108.97,77.23,296.43,311.6,107.68,76.94,296.66,311.75,1.0
2018-08-18 11:29:00,89.55687,36.91815,938.291,272.14,84.4,568.4,-4.49,-2.7,-53.27,108.7,77.16,296.4,311.27,107.86,76.97,296.61,311.77,1.0
2018-08-18 11:29:00,89.55687,36.91812,938.368,272.13,84.4,567.8,-1.49,-2.83,-53.1,109.1,77.09,296.17,310.52,108.17,77.02,296.55,311.76,1.0
2018-08-18 11:29:00,89.55687,36.91808,938.351,272.14,84.4,567.9,-5.44,-2.95,-52.93,108.44,76.95,296.2,311.5,108.57,77.06,296.43,311.71,1.0
2018-08-18 11:29:00,89.55687,36.91806,938.337,272.14,84.4,568.0,-7.94,-3.04,-52.86,108.57,77.23,296.63,311.52,109.02,77.1,296.3,311.61,1.0
2018-08-18 11:29:00,89.55687,36.91803,938.336,272.14,84.4,568.1,-9.88,-3.16,-52.95,108.51,77.23,296.56,311.53,109.47,77.12,296.21,311.48,1.0
2018-08-18 11:29:00,89.55687,36.918,938.346,272.14,84.4,568.0,-10.66,-3.26,-52.82,108.31,77.3,296.74,311.53,109.87,77.12,296.16,311.32,1.0
2018-08-18 11:29:00,89.55687,36.91797,938.359,272.14,84.4,567.9,-9.14,-3.16,-52.02,109.29,77.02,296.77,311.19,110.19,77.1,296.15,311.21,1.0
2018-08-18 11:29:00,89.55686,36.91794,938.37,272.14,84.4,567.8,-7.15,-2.6,-51.88,109.69,77.23,296.31,311.34,110.41,77.06,296.18,311.18,1.0
2018-08-18 11:29:00,89.55686,36.91791,938.343,272.14,84.4,568.0,-6.09,-3.04,-51.82,109.49,77.23,296.28,311.04,110.51,77.0,296.23,311.1,1.0
2018-08-18 11:29:00,89.55686,36.91788,938.341,272.14,84.4,568.0,-5.34,-3.22,-51.75,108.9,77.23,296.43,310.65,110.5,76.94,296.28,311.06,1.0
2018-08-18 11:29:00,89.55686,36.91785,938.362,272.14,84.4,567.8,-4.82,-3.1,-51.78,108.38,77.23,296.61,310.55,110.39,76.89,296.34,311.03,1.0
2018-08-18 11:29:00,89.55686,36.91782,938.373,272.14,84.4,567.8,-4.83,-2.96,-51.93,109.49,77.09,296.47,310.72,110.2,76.85,296.41,310.99,1.0
2018-08-18 11:29:00,89.55686,36.91779,938.401,272.14,84.4,567.5,-6.31,-2.85,-51.9,109.36,77.16,296.77,311.18,109.96,76.84,296.49,310.97,1.0
2018-08-18 11:29:00,89.55686,36.91776,938.432,272.14,84.4,567.2,-8.94,-2.6,-50.76,108.64,77.02,296.56,310.9,109.71,76.86,296.6,310.96,1.0
2018-08-18 11:29:00,89.55686,36.91773,938.49,272.15,84.4,566.8,-11.47,-2.65,-50.88,109.29,77.16,296.45,311.33,109.46,76.92,296.66,311.03,1.0
2018-08-18 11:29:00,89.55686,36.9177,938.509,272.15,84.4,566.6,-12.74,-2.98,-51.3,109.56,77.09,296.55,311.5,109.25,77.0,296.68,311.13,1.0
2018-08-18 11:29:00,89.55686,36.91767,938.467,272.15,84.4,567.0,-12.72,-3.22,-51.35,108.77,77.02,296.58,310.89,109.08,77.11,296.66,311.22,1.0
2018-08-18 11:29:00,89.55686,36.91764,938.519,272.15,84.4,566.5,-12.67,-2.65,-51.2,109.56,77.09,296.57,311.12,108.97,77.22,296.62,311.29,1.0
2018-08-18 11:29:00,89.55686,36.91762,938.569,272.14,84.4,566.1,-9.54,-2.7,-51.32,108.77,77.02,296.47,310.45,108.91,77.32,296.57,311.32,1.0
2018-08-18 11:29:00,89.55686,36.9176,938.534,272.14,84.4,566.4,-7.29,-2.46,-51.29,109.29,77.23,296.33,310.87,108.9,77.41,296.54,311.34,1.0
2018-08-18 11:29:00,89.55686,36.91757,938.469,272.14,84.4,566.9,-6.95,-2.36,-51.0,109.42,77.23,296.64,311.35,108.92,77.46,296.53,311.33,1.0
2018-08-18 11:29:00,89.55686,36.91755,938.461,272.14,84.4,567.0,-7.46,-2.4,-50.48,108.97,77.23,296.55,311.64,108.97,77.48,296.54,311.29,1.0
2018-08-18 11:29:00,89.55686,36.91753,938.575,272.15,84.4,566.0,-7.49,-2.42,-49.9,108.77,77.09,296.73,311.45,109.02,77.47,296.57,311.26,1.0
2018-08-18 11:29:00,89.55685,36.9175,938.513,272.15,84.4,566.6,-9.62,-2.55,-50.19,109.03,77.23,296.74,311.45,109.08,77.43,296.65,311.29,1.0
2018-08-18 11:29:00,89.55685,36.91748,938.529,272.15,84.4,566.4,-11.55,-3.01,-51.12,109.36,77.16,296.74,311.73,109.12,77.37,296.74,311.36,1.0
2018-08-18 11:29:00,89.55685,36.91745,938.558,272.15,84.4,566.2,-11.67,-3.34,-51.92,109.03,77.09,296.74,311.44,109.15,77.31,296.83,311.38,1.0
2018-08-18 11:29:00,89.55685,36.91743,938.598,272.15,84.4,565.9,-10.39,-3.39,-52.12,109.16,77.23,296.35,311.17,109.15,77.26,296.91,311.4,1.0
2018-08-18 11:29:00,89.55685,36.9174,938.656,272.15,84.4,565.4,-9.31,-3.24,-51.68,109.56,77.16,296.33,310.99,109.13,77.23,296.94,311.44,1.0
2018-08-18 11:29:00,89.55685,36.91735,938.619,272.15,84.4,565.7,-10.94,-3.32,-51.37,109.1,77.3,296.65,311.64,109.08,77.23,296.95,311.43,1.0
2018-08-18 11:29:00,89.55685,36.9173,938.655,272.16,84.4,565.4,-10.57,-3.31,-50.48,108.9,77.23,296.56,311.56,109.01,77.27,296.91,311.42,1.0
2018-08-18 11:29:00,89.55685,36.91726,938.659,272.16,84.4,565.3,-10.26,-2.98,-49.4,108.31,77.16,296.74,311.55,108.92,77.34,296.83,311.41,1.0
2018-08-18 11:29:00,89.55685,36.91721,938.661,272.16,84.4,565.3,-10.47,-3.14,-49.44,109.42,77.02,296.63,311.92,108.8,77.42,296.73,311.4,1.0
2018-08-18 11:29:00,89.55685,36.91716,938.645,272.15,84.4,565.5,-11.14,-3.51,-50.2,109.1,77.09,296.57,311.96,108.67,77.52,296.64,311.41,1.0
2018-08-18 11:29:00,89.55685,36.91712,938.495,272.15,84.4,566.7,-11.62,-3.06,-50.02,109.95,77.23,296.74,311.52,108.53,77.61,296.59,311.45,1.0
2018-08-18 11:29:00,89.55684,36.91707,938.669,272.16,84.4,565.3,-9.62,-2.92,-48.52,109.1,77.3,296.75,311.43,108.37,77.67,296.52,311.45,1.0
2018-08-18 11:29:00,89.55684,36.91702,938.727,272.15,84.4,564.8,-8.66,-3.14,-48.36,109.16,77.23,296.58,311.6,108.22,77.71,296.48,311.46,1.0
2018-08-18 11:29:00,89.55684,36.91698,938.768,272.15,84.4,564.4,-7.67,-3.03,-48.39,109.03,77.3,296.71,311.39,108.08,77.71,296.49,311.48,1.0
2018-08-18 11:29:00,89.55684,36.91693,938.78,272.15,84.4,564.3,-6.5,-2.92,-48.35,108.51,77.3,296.75,311.55,107.95,77.67,296.54,311.49,1.0
2018-08-18 11:29:00,89.55684,36.91688,938.665,272.15,84.4,565.3,-5.55,-3.22,-48.26,108.12,77.23,296.83,311.54,107.86,77.6,296.61,311.48,1.0
2018-08-18 11:29:00,89.55684,36.91684,938.654,272.16,84.4,565.4,-6.29,-3.07,-48.06,108.9,77.23,296.56,311.65,107.81,77.51,296.67,311.5,1.0
2018-08-18 11:29:00,89.55684,36.9168,938.688,272.16,84.4,565.1,-6.64,-2.77,-47.75,110.08,77.23,296.75,311.45,107.82,77.42,296.73,311.52,1.0
2018-08-18 11:29:00,89.55684,36.91676,938.746,272.16,84.4,564.6,-7.64,-2.62,-47.1,108.38,77.43,296.57,311.46,107.89,77.32,296.78,311.53,1.0
2018-08-18 11:29:00,89.55684,36.91672,938.787,272.16,84.4,564.3,-6.86,-2.58,-47.22,109.69,77.43,296.76,311.56,108.03,77.25,296.79,311.51,1.0
2018-08-18 11:29:00,89.55684,36.91669,938.789,272.16,84.4,564.2,-4.54,-2.57,-48.01,108.57,77.36,296.45,311.11,108.24,77.2,296.77,311.5,1.0
2018-08-18 11:29:00,89.55684,36.91665,938.779,272.16,84.4,564.3,-4.48,-2.5,-47.78,108.31,77.09,296.38,311.12,108.51,77.18,296.74,311.47,1.0
2018-08-18 11:29:00,89.55684,36.91661,938.797,272.16,84.4,564.2,-6.73,-2.55,-47.16,108.7,77.09,296.46,311.04,108.84,77.2,296.68,311.43,1.0
2018-08-18 11:29:00,89.55684,36.91657,938.776,272.16,84.4,564.4,-7.01,-2.31,-47.39,108.44,77.3,296.48,311.55,109.19,77.23,296.63,311.36,1.0
2018-08-18 11:29:00,89.55684,36.91653,938.764,272.16,84.4,564.5,-6.44,-2.17,-46.95,109.69,77.23,296.67,311.38,109.55,77.28,296.59,311.31,1.0
2018-08-18 11:29:00,89.55684,36.91649,938.787,272.16,84.4,564.3,-6.21,-2.01,-46.29,108.31,77.43,296.86,311.56,109.88,77.34,296.57,311.31,1.0
2018-08-18 11:29:00,89.55684,36.91646,938.822,272.16,84.4,564.0,-7.04,-1.57,-46.77,108.9,77.09,296.77,311.56,110.15,77.39,296.59,311.33,1.0
2018-08-18 11:29:00,89.55683,36.91642,938.825,272.16,84.4,563.9,-5.28,-1.96,-47.74,108.9,77.23,296.56,311.75,110.33,77.43,296.64,311.39,1.0
2018-08-18 11:29:00,89.55683,36.91638,938.812,272.16,84.4,564.1,-7.52,-1.83,-48.08,108.9,77.43,296.76,311.17,110.39,77.44,296.71,311.45,1.0
2018-08-18 11:29:00,89.55683,36.91637,938.791,272.16,84.4,564.2,-6.01,-1.9,-48.44,108.84,77.3,296.85,311.09,110.33,77.42,296.78,311.51,1.0
2018-08-18 11:29:00,89.55683,36.91635,938.816,272.16,84.4,564.0,-3.17,-2.08,-48.54,109.16,77.3,296.46,311.56,110.13,77.38,296.85,311.58,1.0
2018-08-18 11:29:00,89.55683,36.91634,938.907,272.17,84.4,563.3,-1.48,-2.1,-48.28,109.88,77.3,296.83,311.47,109.82,77.32,296.91,311.62,1.0
2018-08-18 11:29:00,89.55683,36.91633,938.862,272.16,84.4,563.6,1.68,-1.79,-48.23,109.1,77.36,296.65,311.65,109.42,77.24,296.95,311.64,1.0
2018-08-18 11:29:00,89.55683,36.91631,938.813,272.17,84.4,564.1,1.86,-1.73,-48.72,109.16,77.3,296.85,311.56,108.96,77.15,296.96,311.63,1.0
2018-08-18 11:29:00,89.55683,36.9163,938.837,272.16,84.4,563.8,1.88,-2.05,-49.35,109.03,77.23,296.75,311.65,108.5,77.07,296.94,311.65,1.0
2018-08-18 11:29:00,89.55683,36.91628,938.904,272.16,84.4,563.3,0.87,-2.26,-49.97,109.29,77.23,296.75,311.47,108.09,76.99,296.87,311.59,1.0
2018-08-18 11:29:00,89.55683,36.91627,938.955,272.16,84.3,562.9,-1.34,-2.31,-50.49,107.98,77.3,296.85,311.57,107.75,76.93,296.79,311.5,1.0
2018-08-18 11:29:00,89.55683,36.91626,938.898,272.17,84.4,563.3,-3.85,-2.56,-50.81,109.88,77.23,296.66,311.48,107.54,76.89,296.72,311.44,1.0
2018-08-18 11:29:00,89.55683,36.91624,938.876,272.17,84.3,563.5,-4.55,-2.74,-50.55,108.97,77.3,296.57,311.66,107.47,76.88,296.67,311.38,1.0
2018-08-18 11:29:00,89.55683,36.91623,938.876,272.17,84.3,563.5,0.07,-2.68,-50.5,108.18,77.23,296.76,311.37,107.54,76.9,296.62,311.35,1.0
2018-08-18 11:29:00,89.55683,36.91621,938.888,272.17,84.3,563.4,5.41,-2.53,-50.26,109.56,77.3,296.4,311.17,107.72,76.94,296.58,311.34,1.0
2018-08-18 11:29:00,89.55683,36.9162,938.907,272.17,84.3,563.3,9.49,-2.57,-49.65,108.44,77.09,296.33,311.19,107.99,77.0,296.54,311.34,1.0
2018-08-18 11:29:00,89.55683,36.91618,938.929,272.17,84.3,563.1,11.47,-2.92,-48.7,108.51,77.23,296.76,311.28,108.31,77.09,296.46,311.29,1.0
2018-08-18 11:29:00,89.55682,36.91617,938.954,272.17,84.3,562.9,9.91,-2.75,-47.43,109.1,77.3,296.85,311.75,108.62,77.18,296.41,311.15,1.0
2018-08-18 11:29:00,89.55682,36.91615,938.946,272.17,84.3,562.9,11.84,-2.88,-47.01,108.7,77.02,296.68,311.43,108.89,77.29,296.44,311.16,1.0
2018-08-18 11:29:00,89.55682,36.91613,938.941,272.17,84.3,563.0,14.51,-3.3,-46.92,109.1,77.3,296.76,311.62,109.09,77.39,296.48,311.2,1.0
2018-08-18 11:29:00,89.55682,36.91612,938.946,272.17,84.3,562.9,15.89,-3.53,-47.03,108.38,77.3,296.28,311.41,109.19,77.49,296.52,311.23,1.0
2018-08-18 11:29:00,89.55682,36.9161,938.956,272.17,84.3,562.9,15.43,-3.41,-47.21,109.56,77.23,295.57,310.8,109.2,77.58,296.53,311.22,1.0
2018-08-18 11:29:00,89.55682,36.91609,938.982,272.17,84.3,562.6,14.24,-3.26,-47.17,107.66,77.02,295.6,309.21,109.13,77.65,296.51,311.16,1.0
2018-08-18 11:29:00,89.55682,36.91607,938.986,272.17,84.3,562.6,11.34,-3.32,-47.08,109.49,77.3,296.36,311.08,109.01,77.71,296.49,311.1,1.0
2018-08-18 11:29:00,89.55682,36.91605,939.007,272.17,84.3,562.4,10.34,-3.18,-48.22,108.9,77.36,296.78,311.47,108.88,77.74,296.5,311.04,1.0
2018-08-18 11:29:00,89.55682,36.91604,939.032,272.17,84.3,562.2,9.19,-3.17,-49.43,109.16,77.3,296.48,311.5,108.75,77.75,296.5,310.98,1.0
2018-08-18 11:29:00,89.55682,36.91602,939.033,272.17,84.3,562.2,7.83,-3.34,-50.16,109.03,77.43,296.22,310.73,108.67,77.73,296.52,310.94,1.0
2018-08-18 11:29:00,89.55682,36.916,938.984,272.17,84.3,562.6,7.56,-3.43,-50.44,109.03,77.3,296.5,310.99,108.64,77.69,296.58,311.0,1.0
2018-08-18 11:29:00,89.55682,36.91599,939.037,272.17,84.3,562.2,6.39,-3.18,-50.51,108.9,77.23,296.44,310.93,108.68,77.63,296.62,311.2,1.0
2018-08-18 11:29:00,89.55682,36.91597,939.033,272.17,84.3,562.2,5.46,-3.1,-50.37,108.51,77.3,296.67,311.32,108.76,77.56,296.6,311.26,1.0
2018-08-18 11:29:00,89.55682,36.91592,939.042,272.17,84.3,562.1,6.0,-3.14,-49.49,108.12,77.3,297.15,311.2,108.88,77.47,296.56,311.29,1.0
2018-08-18 11:29:00,89.55682,36.91586,939.066,272.18,84.3,561.9,6.92,-3.26,-49.81,109.16,77.43,296.78,311.2,109.0,77.37,296.57,311.34,1.0
2018-08-18 11:29:00,89.55681,36.91581,939.071,272.18,84.3,561.9,7.12,-3.37,-51.93,108.97,77.23,296.77,311.35,109.11,77.27,296.6,311.41,1.0
2018-08-18 11:29:00,89.55681,36.91575,939.11,272.17,84.3,561.6,7.38,-3.47,-51.24,109.1,77.57,296.77,311.49,109.17,77.17,296.63,311.47,1.0
2018-08-18 11:29:00,89.55681,36.91569,939.05,272.17,84.3,562.1,6.2,-3.4,-50.01,108.18,77.23,296.68,311.4,109.19,77.08,296.69,311.5,1.0
2018-08-18 11:29:00,89.55681,36.91564,939.046,272.18,84.3,562.1,5.69,-3.3,-49.3,109.49,77.36,296.77,311.39,109.15,77.01,296.71,311.51,1.0
2018-08-18 11:29:00,89.55681,36.91558,939.097,272.18,84.3,561.7,6.77,-3.26,-48.78,108.18,77.23,297.05,311.67,109.08,76.96,296.74,311.5,1.0
2018-08-18 11:29:00,89.55681,36.91552,939.154,272.18,84.3,561.2,8.81,-3.32,-48.48,109.16,77.23,296.68,311.49,108.99,76.94,296.74,311.49,1.0
2018-08-18 11:29:00,89.55681,36.91546,939.096,272.17,84.3,561.7,9.46,-3.51,-49.03,109.69,77.3,296.6,311.68,108.9,76.93,296.68,311.49,1.0
2018-08-18 11:29:00,89.55681,36.91543,939.131,272.18,84.3,561.4,7.79,-3.67,-48.93,109.1,77.23,297.09,311.49,108.84,76.95,296.65,311.51,1.0
2018-08-18 11:29:00,89.55681,36.91541,939.229,272.18,84.3,560.6,6.65,-3.46,-49.22,108.64,77.3,296.85,311.59,108.82,76.99,296.64,311.46,1.0
2018-08-18 11:29:00,89.5568,36.91538,939.299,272.18,84.3,560.0,6.09,-3.33,-49.78,109.36,77.36,296.95,311.5,108.83,77.04,296.61,311.42,1.0
2018-08-18 11:29:00,89.5568,36.91536,939.289,272.18,84.3,560.0,5.89,-3.03,-50.33,108.57,77.23,296.39,311.81,108.89,77.11,296.58,311.44,1.0
2018-08-18 11:29:00,89.5568,36.91534,939.19,272.18,84.3,560.9,5.87,-2.34,-50.66,108.12,77.23,295.59,311.97,108.98,77.17,296.55,311.5,1.0
2018-08-18 11:29:00,89.5568,36.91532,939.166,272.18,84.3,561.1,6.1,-2.35,-51.41,108.18,77.09,296.01,312.08,109.07,77.22,296.48,311.49,1.0
2018-08-18 11:29:00,89.5568,36.9153,939.16,272.18,84.3,561.1,5.32,-2.83,-52.47,108.97,77.3,296.3,311.6,109.15,77.26,296.38,311.48,1.0
2018-08-18 11:29:00,89.5568,36.91528,939.238,272.18,84.3,560.5,5.06,-2.83,-53.28,108.7,77.3,296.54,311.3,109.2,77.28,296.32,311.44,1.0
2018-08-18 11:29:00,89.5568,36.91525,939.289,272.18,84.3,560.1,5.22,-2.75,-53.51,110.28,77.23,296.76,312.2,109.2,77.28,296.28,311.41,1.0
2018-08-18 11:29:00,89.5568,36.91523,939.186,272.18,84.3,560.9,5.13,-2.91,-53.22,108.64,77.16,297.12,312.24,109.16,77.26,296.31,311.4,1.0
2018-08-18 11:29:00,89.5568,36.91521,939.217,272.18,84.3,560.7,3.56,-2.75,-53.28,109.69,77.43,296.78,311.32,109.08,77.22,296.45,311.38,1.0
2018-08-18 11:29:00,89.5568,36.91519,939.227,272.18,84.3,560.6,6.08,-2.39,-52.79,108.38,77.3,296.77,311.42,108.97,77.17,296.62,311.3,1.0
2018-08-18 11:29:00,89.5568,36.91516,939.207,272.18,84.3,560.7,8.8,-2.3,-52.79,109.1,77.23,296.88,311.3,108.86,77.12,296.67,311.23,1.0
2018-08-18 11:29:00,89.5568,36.91513,939.217,272.18,84.3,560.7,9.66,-2.34,-52.25,108.51,77.23,296.88,311.46,108.78,77.07,296.74,311.22,1.0
2018-08-18 11:29:00,89.5568,36.9151,939.262,272.18,84.3,560.3,8.9,-2.46,-50.92,109.56,77.23,296.77,311.42,108.75,77.05,296.84,311.24,1.0
2018-08-18 11:29:00,89.5568,36.91506,939.224,272.18,84.3,560.6,8.12,-2.69,-49.41,108.51,77.43,296.86,311.68,108.78,77.05,296.9,311.21,1.0
2018-08-18 11:29:00,89.5568,36.91502,939.337,272.18,84.3,559.6,5.82,-2.31,-49.88,108.18,77.09,297.24,311.29,108.87,77.08,296.89,311.25,1.0
2018-08-18 11:29:00,89.5568,36.91499,939.394,272.19,84.3,559.2,4.66,-2.67,-49.79,108.84,77.16,295.91,310.16,109.03,77.14,296.84,311.29,1.0
2018-08-18 11:29:00,89.5568,36.91495,939.392,272.19,84.3,559.2,4.55,-2.87,-49.67,109.29,77.09,296.0,310.89,109.24,77.23,296.79,311.32,1.0
2018-08-18 11:29:00,89.55679,36.91492,939.388,272.19,84.3,559.2,4.15,-2.75,-49.65,108.51,77.3,296.59,311.12,109.47,77.33,296.76,311.32,1.0
2018-08-18 11:29:00,89.55679,36.91488,939.444,272.19,84.3,558.7,2.75,-2.51,-49.75,109.03,77.16,296.44,311.6,109.69,77.44,296.73,311.27,1.0
2018-08-18 11:29:00,89.55679,36.91485,939.388,272.19,84.3,559.2,2.88,-2.77,-50.13,109.82,77.3,295.93,311.26,109.87,77.53,296.63,311.21,1.0
2018-08-18 11:29:00,89.55679,36.91481,939.365,272.19,84.3,559.4,4.66,-2.38,-50.46,109.29,77.3,295.72,311.5,109.99,77.6,296.48,311.16,1.0
2018-08-18 11:29:00,89.55679,36.91478,939.384,272.19,84.3,559.3,3.79,-2.45,-51.32,108.51,77.23,296.55,311.37,110.03,77.63,296.48,311.19,1.0
2018-08-18 11:29:00,89.55679,36.91474,939.423,272.19,84.3,558.9,2.09,-2.87,-52.25,108.9,77.3,297.13,311.47,109.98,77.61,296.51,311.2,1.0
2018-08-18 11:29:00,89.55679,36.91472,939.441,272.19,84.3,558.8,1.13,-3.24,-53.03,108.84,77.3,297.34,311.52,109.86,77.54,296.51,311.19,1.0
2018-08-18 11:29:00,89.55679,36.91469,939.412,272.19,84.3,559.0,0.38,-3.12,-54.08,109.56,77.3,296.78,311.63,109.67,77.43,296.59,311.22,1.0
2018-08-18 11:29:00,89.55679,36.91466,939.329,272.19,84.3,559.7,-2.73,-3.65,-54.43,108.7,77.36,296.78,311.72,109.44,77.29,296.86,311.27,1.0
2018-08-18 11:29:00,89.55679,36.91464,939.36,272.19,84.3,559.5,-4.66,-3.31,-54.16,108.38,77.23,296.78,311.43,109.21,77.14,297.12,311.37,1.0
2018-08-18 11:29:00,89.55679,36.91462,939.447,272.19,84.3,558.7,-5.7,-3.06,-53.99,110.01,77.3,296.78,311.83,109.02,77.0,297.27,311.55,1.0
2018-08-18 11:29:00,89.55678,36.91459,939.498,272.19,84.3,558.3,-5.85,-3.11,-53.96,109.88,77.3,296.78,311.35,108.88,76.9,297.29,311.78,1.0
2018-08-18 11:29:00,89.55678,36.91457,939.41,272.19,84.3,559.0,-5.0,-3.25,-53.79,108.25,77.3,296.96,311.8,108.81,76.84,297.27,311.97,1.0
2018-08-18 11:29:00,89.55678,36.91454,939.55,272.19,84.3,557.9,-3.3,-3.09,-53.56,109.56,77.23,298.03,311.05,108.84,76.85,297.28,312.06,1.0
2018-08-18 11:29:00,89.55678,36.91452,939.542,272.2,84.3,557.9,-2.75,-3.05,-53.12,109.1,77.43,297.88,311.37,108.95,76.93,297.25,312.1,1.0
2018-08-18 11:29:00,89.55678,36.91449,939.52,272.2,84.3,558.1,-4.14,-2.99,-52.56,108.7,77.09,296.97,312.12,109.13,77.06,297.19,312.11,1.0
2018-08-18 11:29:00,89.55678,36.91447,939.501,272.2,84.3,558.3,-4.9,-2.83,-51.98,109.23,77.09,296.27,312.34,109.35,77.24,297.12,312.08,1.0
2018-08-18 11:29:00,89.55678,36.91445,939.461,272.19,84.3,558.6,-2.76,-2.52,-51.5,108.51,77.02,296.46,312.33,109.58,77.44,297.04,312.03,1.0
2018-08-18 11:29:00,89.55678,36.91446,939.599,272.2,84.2,557.5,-0.24,-2.3,-51.02,108.77,77.23,296.86,311.43,109.79,77.63,296.96,311.97,1.0
2018-08-18 11:29:00,89.55678,36.91446,939.521,272.2,84.2,558.1,-1.12,-1.96,-50.63,109.29,77.23,296.68,311.63,109.94,77.79,296.8,311.94,1.0
2018-08-18 11:29:00,89.55678,36.91447,939.509,272.2,84.2,558.2,-1.73,-1.72,-50.45,109.82,77.3,296.96,311.43,110.01,77.9,296.7,311.91,1.0
2018-08-18 11:29:00,89.55678,36.91448,939.547,272.2,84.2,557.9,-1.5,-1.93,-50.25,108.7,77.3,296.78,311.53,110.0,77.95,296.71,311.85,1.0
2018-08-18 11:29:00,89.55678,36.91449,939.584,272.2,84.2,557.6,-0.83,-2.31,-50.04,109.95,77.43,296.69,311.24,109.9,77.92,296.79,311.78,1.0
2018-08-18 11:29:00,89.55678,36.9145,939.578,272.2,84.2,557.6,-0.95,-2.13,-49.98,108.57,77.3,296.78,311.43,109.74,77.83,296.87,311.74,1.0
2018-08-18 11:29:00,89.55678,36.9145,939.568,272.2,84.2,557.7,-2.58,-1.81,-49.58,109.49,77.43,296.89,311.54,109.53,77.67,296.93,311.8,1.0
2018-08-18 11:29:00,89.55678,36.91451,939.583,272.2,84.2,557.6,-3.03,-1.64,-49.39,109.1,77.43,296.8,311.73,109.32,77.49,297.07,311.87,1.0
2018-08-18 11:29:00,89.55677,36.91452,939.603,272.2,84.2,557.4,-2.89,-1.53,-49.47,109.23,77.43,297.08,311.73,109.14,77.28,297.08,311.91,1.0
2018-08-18 11:29:00,89.55677,36.91453,939.614,272.2,84.2,557.3,-2.0,-1.54,-49.69,109.16,77.23,296.8,311.83,109.01,77.09,297.02,311.89,1.0
2018-08-18 11:29:00,89.55677,36.91454,939.61,272.2,84.2,557.4,-0.08,-1.73,-49.83,109.75,77.3,296.7,311.83,108.94,76.93,297.0,311.82,1.0
2018-08-18 11:29:00,89.55677,36.91454,939.594,272.2,84.2,557.5,3.19,-1.68,-49.44,109.29,77.36,296.79,311.54,108.96,76.81,296.95,311.8,1.0
2018-08-18 11:29:00,89.55677,36.91455,939.663,272.21,84.2,556.9,7.95,-1.34,-48.62,108.97,77.3,297.67,311.74,109.03,76.74,296.82,311.74,1.0
2018-08-18 11:29:00,89.55677,36.91456,939.682,272.21,84.2,556.8,10.84,-1.23,-48.1,108.9,77.3,296.58,311.51,109.15,76.71,296.7,311.68,1.0
2018-08-18 11:29:00,89.55677,36.91457,939.666,272.2,84.2,556.9,12.31,-1.38,-47.52,108.9,77.23,296.21,311.2,109.28,76.73,296.59,311.62,1.0
2018-08-18 11:29:00,89.55677,36.91457,939.667,272.2,84.2,556.9,12.3,-1.69,-46.99,109.29,77.09,296.86,310.97,109.4,76.78,296.52,311.59,1.0
2018-08-18 11:29:00,89.55677,36.91457,939.673,272.2,84.2,556.8,9.42,-2.04,-47.6,109.03,77.3,296.75,311.63,109.47,76.85,296.49,311.57,1.0
2018-08-18 11:29:00,89.55677,36.91457,939.72,272.2,84.2,556.4,8.21,-2.08,-47.02,108.64,77.16,296.08,311.69,109.48,76.92,296.49,311.57,1.0
2018-08-18 11:29:00,89.55677,36.91457,939.688,272.21,84.2,556.7,5.7,-1.71,-46.95,110.14,77.23,296.15,311.42,109.42,76.99,296.43,311.59,1.0
2018-08-18 11:29:00,89.55677,36.91457,939.669,272.21,84.2,556.9,3.82,-1.59,-46.88,109.29,77.09,296.52,311.73,109.3,77.05,296.55,311.62,1.0
2018-08-18 11:29:00,89.55676,36.91458,939.71,272.21,84.2,556.5,2.86,-1.71,-46.51,109.36,77.43,296.76,311.64,109.14,77.11,296.76,311.65,1.0
2018-08-18 11:29:00,89.55676,36.91458,939.772,272.21,84.2,556.0,2.09,-1.63,-45.79,109.42,77.23,296.52,311.59,108.97,77.16,296.91,311.62,1.0
2018-08-18 11:29:00,89.55676,36.91458,939.804,272.21,84.2,555.7,2.27,-1.27,-45.51,109.49,77.3,296.89,311.54,108.82,77.21,297.06,311.5,1.0
2018-08-18 11:29:00,89.55676,36.91458,939.83,272.21,84.2,555.5,-1.94,-1.45,-45.93,108.57,77.36,296.81,311.83,108.71,77.27,297.24,311.39,1.0
2018-08-18 11:29:00,89.55676,36.91458,939.834,272.21,84.2,555.5,-4.78,-1.7,-47.01,109.03,77.02,297.64,311.65,108.67,77.33,297.4,311.27,1.0
2018-08-18 11:29:00,89.55676,36.91455,939.826,272.21,84.2,555.5,-6.25,-1.7,-47.92,108.97,77.02,297.85,311.14,108.69,77.4,297.5,311.17,1.0
2018-08-18 11:29:00,89.55676,36.91452,939.838,272.22,84.2,555.4,-7.72,-1.48,-48.17,109.16,77.23,297.96,310.61,108.77,77.46,297.54,311.07,1.0
2018-08-18 11:29:00,89.55676,36.91448,939.858,272.22,84.2,555.3,-9.69,-1.72,-49.13,109.82,77.23,297.94,310.93,108.87,77.53,297.54,311.0,1.0
2018-08-18 11:29:00,89.55676,36.91445,939.796,272.22,84.2,555.8,-6.1,-1.78,-49.46,109.16,77.3,298.11,311.27,108.97,77.58,297.53,310.96,1.0
2018-08-18 11:29:00,89.55676,36.91441,939.763,272.22,84.2,556.1,-0.37,-1.67,-49.56,108.57,77.3,298.08,311.32,109.02,77.61,297.54,310.97,1.0
2018-08-18 11:29:00,89.55676,36.91438,939.77,272.22,84.2,556.0,5.23,-1.5,-49.6,107.98,77.23,297.83,311.7,108.99,77.6,297.5,311.0,1.0
2018-08-18 11:29:00,89.55676,36.91434,939.805,272.22,84.2,555.7,8.56,-1.4,-49.22,110.34,77.16,297.27,311.87,108.87,77.57,297.41,311.09,1.0
2018-08-18 11:29:00,89.55676,36.91431,939.845,272.22,84.2,555.4,8.23,-1.55,-47.87,109.82,77.43,296.71,311.85,108.63,77.51,297.31,311.27,1.0
2018-08-18 11:29:00,89.55676,36.91427,939.864,272.22,84.2,555.2,3.19,-2.03,-51.03,108.77,77.43,296.9,311.55,108.31,77.43,297.21,311.42,1.0
2018-08-18 11:29:00,89.55676,36.91424,939.925,272.23,84.2,554.7,0.21,-2.37,-51.57,108.38,77.43,296.72,311.75,107.92,77.33,297.09,311.54,1.0
2018-08-18 11:29:00,89.55675,36.9142,939.941,272.23,84.2,554.6,-3.08,-2.79,-52.05,109.82,77.23,296.9,311.75,107.51,77.23,297.07,311.64,1.0
2018-08-18 11:29:00,89.55675,36.91417,939.913,272.22,84.2,554.8,-5.64,-3.04,-52.19,109.16,77.16,296.8,311.37,107.14,77.15,297.05,311.68,1.0
2018-08-18 11:29:00,89.55675,36.91415,939.958,272.23,84.2,554.4,-5.92,-2.85,-50.97,108.77,77.23,296.8,311.37,106.86,77.09,296.98,311.64,1.0
2018-08-18 11:29:00,89.55675,36.91413,939.943,272.22,84.2,554.6,-6.37,-2.83,-49.8,109.36,77.23,296.81,311.56,106.71,77.06,296.93,311.57,1.0
2018-08-18 11:29:00,89.55675,36.91412,939.924,272.23,84.2,554.7,-4.72,-2.81,-49.17,108.38,77.23,296.82,311.45,106.72,77.07,296.89,311.5,1.0
2018-08-18 11:29:00,89.55675,36.9141,939.917,272.23,84.2,554.8,-2.33,-2.45,-48.41,109.16,77.3,297.93,311.87,106.91,77.1,296.87,311.43,1.0
2018-08-18 11:29:00,89.55675,36.91408,939.92,272.23,84.2,554.8,0.68,-2.13,-47.67,108.12,77.3,297.92,311.88,107.26,77.17,296.84,311.38,1.0
2018-08-18 11:29:00,89.55675,36.91406,939.934,272.22,84.2,554.6,4.18,-2.08,-47.09,108.31,77.3,296.82,311.75,107.73,77.25,296.82,311.37,1.0
2018-08-18 11:29:00,89.55675,36.91404,939.995,272.23,84.2,554.1,7.66,-2.17,-46.66,108.18,77.3,296.91,311.46,108.29,77.34,296.86,311.4,1.0
2018-08-18 11:29:00,89.55675,36.91402,939.981,272.22,84.2,554.2,6.02,-2.0,-47.03,109.03,77.09,296.9,311.56,108.88,77.43,296.91,311.47,1.0
2018-08-18 11:29:00,89.55675,36.914,940.013,272.23,84.2,554.0,4.82,-1.95,-47.14,108.51,77.3,297.1,311.56,109.44,77.51,297.0,311.5,1.0
2018-08-18 11:29:00,89.55675,36.91398,940.034,272.23,84.2,553.8,3.44,-1.82,-47.32,108.97,77.3,296.58,311.62,109.92,77.57,297.03,311.6,1.0
2018-08-18 11:29:00,89.55675,36.91397,940.004,272.22,84.2,554.0,2.48,-1.57,-47.54,109.23,77.23,296.47,311.52,110.28,77.61,297.04,311.75,1.0
2018-08-18 11:29:00,89.55675,36.91395,939.936,272.23,84.2,554.6,3.28,-1.33,-47.55,108.64,77.3,296.63,311.67,110.5,77.63,297.05,311.82,1.0
2018-08-18 11:29:00,89.55675,36.91393,939.978,272.23,84.2,554.3,5.93,-1.84,-47.1,109.1,77.3,296.82,311.59,110.56,77.64,297.05,311.87,1.0
2018-08-18 11:29:00,89.55675,36.91392,940.029,272.23,84.2,553.8,8.08,-2.06,-46.93,108.64,77.5,297.0,310.69,110.47,77.63,297.08,311.88,1.0
2018-08-18 11:29:00,89.55675,36.91391,940.05,272.23,84.2,553.7,9.78,-1.97,-46.9,108.9,77.09,297.62,311.48,110.26,77.6,297.07,311.85,1.0
2018-08-18 11:29:00,89.55675,36.91389,940.05,272.23,84.2,553.7,11.55,-1.87,-46.96,108.9,77.5,297.36,312.28,109.96,77.57,297.05,311.81,1.0
2018-08-18 11:29:00,89.55674,36.91388,940.083,272.23,84.2,553.4,13.62,-2.01,-46.99,109.1,77.3,296.75,311.76,109.62,77.52,297.05,311.73,1.0
2018-08-18 11:29:00,89.55674,36.91387,940.158,272.23,84.2,552.8,13.86,-1.68,-46.61,109.16,77.3,296.83,311.58,109.27,77.47,297.04,311.55,1.0
2018-08-18 11:29:00,89.55674,36.91386,940.118,272.24,84.2,553.1,12.0,-1.47,-45.83,109.49,77.43,297.51,311.85,108.95,77.41,297.15,311.42,1.0
2018-08-18 11:29:00,89.55674,36.91385,940.078,272.24,84.2,553.4,9.36,-1.38,-45.74,108.7,77.3,297.22,311.66,108.7,77.34,297.24,311.45,1.0
2018-08-18 11:29:00,89.55674,36.91384,940.06,272.24,84.2,553.6,7.91,-1.2,-45.94,108.9,77.3,296.72,311.76,108.54,77.27,297.31,311.43,1.0
2018-08-18 11:29:00,89.55674,36.91383,940.073,272.23,84.2,553.5,8.7,-0.97,-46.13,108.9,77.3,297.1,311.3,108.48,77.19,297.35,311.35,1.0
2018-08-18 11:29:00,89.55674,36.91382,940.151,272.24,84.2,552.8,11.47,-0.97,-46.19,109.16,77.43,296.87,310.14,108.53,77.12,297.4,311.37,1.0
2018-08-18 11:29:00,89.55674,36.91381,940.133,272.24,84.2,553.0,13.74,-0.52,-45.69,108.97,77.3,297.8,310.79,108.67,77.06,297.44,311.37,1.0
2018-08-18 11:29:00,89.55674,36.91379,940.125,272.24,84.2,553.0,13.84,-0.48,-44.87,108.9,77.3,297.86,311.18,108.89,77.01,297.39,311.34,1.0
2018-08-18 11:29:00,89.55674,36.91377,940.148,272.24,84.2,552.8,13.08,-0.37,-44.57,108.44,77.36,297.82,311.78,109.17,76.97,297.35,311.3,1.0
2018-08-18 11:29:00,89.55674,36.91375,940.187,272.24,84.2,552.5,11.22,-0.03,-44.94,109.56,77.3,297.46,311.49,109.48,76.95,297.31,311.23,1.0
2018-08-18 11:29:00,89.55674,36.91373,940.204,272.24,84.1,552.4,7.76,0.38,-45.72,108.77,77.3,296.73,311.78,109.79,76.95,297.25,311.18,1.0
2018-08-18 11:29:00,89.55674,36.91371,940.156,272.24,84.1,552.8,5.03,-0.2,-46.66,108.7,77.3,296.91,311.48,110.06,76.96,297.19,311.22,1.0
2018-08-18 11:29:00,89.55674,36.91369,940.12,272.24,84.1,553.1,3.62,-0.27,-47.77,108.84,77.3,296.92,311.67,110.27,76.99,297.04,311.24,1.0
2018-08-18 11:29:00,89.55674,36.91367,940.116,272.24,84.1,553.1,3.08,-0.5,-48.85,108.97,77.09,296.92,311.58,110.4,77.03,296.9,311.22,1.0
2018-08-18 11:29:00,89.55674,36.91365,940.143,272.24,84.1,552.9,4.17,-0.75,-49.97,108.7,77.23,296.92,311.67,110.44,77.07,296.8,311.2,1.0
2018-08-18 11:29:00,89.55674,36.91363,940.174,272.24,84.1,552.6,7.03,-0.93,-50.89,109.69,77.3,297.01,311.48,110.38,77.12,296.77,311.22,1.0
2018-08-18 11:29:00,89.55674,36.91361,940.11,272.25,84.1,553.2,10.09,-1.19,-50.51,109.49,77.23,296.93,311.67,110.23,77.17,296.79,311.26,1.0
2018-08-18 11:29:00,89.55674,36.91359,940.142,272.25,84.1,552.9,11.34,-1.07,-50.91,109.62,77.23,296.83,311.69,109.99,77.21,296.79,311.33,1.0
2018-08-18 11:29:00,89.55674,36.91357,940.179,272.24,84.1,552.6,12.39,-0.94,-50.98,109.56,77.3,296.92,311.5,109.7,77.25,296.88,311.41,1.0
2018-08-18 11:29:00,89.55674,36.91356,940.213,272.24,84.1,552.3,12.18,-0.97,-50.99,109.16,77.3,296.84,311.69,109.38,77.28,296.95,311.48,1.0
2018-08-18 11:29:00,89.55673,36.91354,940.244,272.24,84.1,552.0,11.2,-0.97,-51.02,108.84,77.3,296.94,311.48,109.04,77.31,296.95,311.53,1.0
2018-08-18 11:29:00,89.55673,36.91352,940.254,272.25,84.1,551.9,11.23,-0.56,-50.98,109.16,77.3,296.8,311.45,108.72,77.32,296.92,311.55,1.0
2018-08-18 11:29:00,89.55673,36.91351,940.31,272.25,84.1,551.5,9.99,-1.15,-51.06,108.97,77.23,296.19,311.18,108.44,77.33,296.87,311.54,1.0
2018-08-18 11:29:00,89.55673,36.91353,940.285,272.24,84.1,551.7,8.7,-1.5,-50.68,108.12,77.23,297.45,311.2,108.2,77.32,296.8,311.51,1.0
2018-08-18 11:29:00,89.55673,36.91354,940.28,272.24,84.1,551.7,7.14,-1.77,-50.22,110.21,77.09,297.23,311.21,108.02,77.31,296.67,311.47,1.0
2018-08-18 11:29:00,89.55673,36.91356,940.313,272.25,84.1,551.5,5.99,-1.95,-49.5,109.1,77.36,296.74,311.59,107.9,77.27,296.53,311.43,1.0
2018-08-18 11:29:00,89.55673,36.91358,940.311,272.25,84.1,551.5,6.06,-1.92,-48.45,109.29,77.3,296.66,311.69,107.84,77.23,296.42,311.41,1.0
2018-08-18 11:29:00,89.55673,36.9136,940.284,272.25,84.1,551.7,7.81,-1.64,-48.24,109.49,77.3,296.94,311.59,107.83,77.19,296.39,311.42,1.0
2018-08-18 11:29:00,89.55673,36.91362,940.347,272.25,84.1,551.2,9.83,-1.96,-47.36,108.7,77.23,296.85,311.78,107.86,77.15,296.47,311.46,1.0
2018-08-18 11:29:00,89.55672,36.91364,940.383,272.25,84.1,550.9,12.51,-1.87,-46.51,108.97,77.3,296.48,311.59,107.94,77.12,296.48,311.52,1.0
2018-08-18 11:29:00,89.55672,36.91366,940.37,272.25,84.1,551.0,15.06,-1.85,-45.77,109.03,77.3,295.86,311.59,108.07,77.11,296.53,311.53,1.0
2018-08-18 11:29:00,89.55672,36.91368,940.326,272.25,84.1,551.3,17.24,-2.1,-45.26,107.92,77.02,296.08,311.48,108.23,77.12,296.61,311.52,1.0
2018-08-18 11:29:00,89.55672,36.91369,940.352,272.25,84.1,551.1,19.5,-2.09,-45.39,108.64,77.43,296.39,311.53,108.43,77.16,296.67,311.57,1.0
2018-08-18 11:29:00,89.55672,36.91367,940.299,272.26,84.1,551.6,16.85,-1.92,-46.24,109.75,77.23,296.88,311.29,108.66,77.22,296.7,311.46,1.0
2018-08-18 11:29:00,89.55672,36.91365,940.333,272.26,84.1,551.3,15.36,-1.73,-46.25,109.42,77.43,296.93,311.6,108.93,77.29,296.68,311.42,1.0
2018-08-18 11:29:00,89.55672,36.91363,940.378,272.26,84.1,550.9,15.12,-1.86,-46.28,108.38,77.16,296.75,311.4,109.21,77.37,296.67,311.39,1.0
2018-08-18 11:29:00,89.55672,36.91361,940.389,272.25,84.1,550.8,16.25,-2.27,-46.38,108.51,77.09,296.66,310.56,109.5,77.44,296.7,311.28,1.0
2018-08-18 11:29:00,89.55672,36.9136,940.384,272.25,84.1,550.9,18.68,-2.66,-46.22,108.84,77.09,296.65,311.08,109.76,77.48,296.73,311.12,1.0
2018-08-18 11:29:00,89.55672,36.91358,940.38,272.26,84.1,550.9,22.23,-2.28,-45.53,108.97,77.23,296.86,309.97,109.96,77.49,296.73,311.02,1.0
2018-08-18 11:29:00,89.55672,36.91356,940.382,272.26,84.1,550.9,20.69,-2.13,-46.37,109.42,77.3,296.76,311.14,110.1,77.45,296.74,311.01,1.0
2018-08-18 11:29:00,89.55672,36.91354,940.437,272.26,84.1,550.4,18.62,-1.77,-47.52,109.56,77.43,297.12,311.69,110.14,77.38,296.73,310.98,1.0
2018-08-18 11:29:00,89.55672,36.91352,940.485,272.26,84.1,550.0,17.31,-1.41,-48.31,108.38,77.3,297.4,311.15,110.07,77.27,296.74,311.01,1.0
2018-08-18 11:29:00,89.55671,36.9135,940.449,272.26,84.1,550.3,16.6,-1.29,-48.47,108.77,77.3,297.8,310.75,109.89,77.15,296.81,311.12,1.0
2018-08-18 11:29:00,89.55671,36.91348,940.451,272.26,84.1,550.3,15.4,-1.51,-47.88,109.56,77.3,297.63,311.82,109.62,77.03,296.93,311.22,1.0
2018-08-18 11:29:00,89.55671,36.91345,940.502,272.26,84.1,549.9,14.49,-1.68,-48.24,109.36,77.43,297.74,312.56,109.28,76.93,297.03,311.53,1.0
2018-08-18 11:29:00,89.55671,36.91342,940.51,272.26,84.1,549.8,14.93,-1.71,-48.35,109.16,77.3,297.11,311.91,108.89,76.87,297.14,311.69,1.0
2018-08-18 11:29:00,89.55671,36.91338,940.486,272.26,84.1,550.0,15.85,-1.69,-48.37,109.49,77.3,296.84,311.51,108.52,76.87,297.25,311.77,1.0
2018-08-18 11:29:00,89.55671,36.91334,940.465,272.26,84.1,550.2,17.29,-1.66,-48.34,108.57,77.09,296.91,311.81,108.18,76.94,297.29,311.85,1.0
2018-08-18 11:29:00,89.55671,36.9133,940.532,272.26,84.1,549.6,20.43,-1.59,-48.13,109.29,77.16,297.06,311.95,107.92,77.06,297.23,311.95,1.0
2018-08-18 11:29:00,89.55671,36.91327,940.528,272.27,84.1,549.6,22.21,-1.92,-48.15,108.57,77.02,296.2,312.73,107.75,77.23,297.13,311.97,1.0
2018-08-18 11:29:00,89.55671,36.91323,940.541,272.27,84.1,549.5,21.42,-2.02,-47.83,108.77,76.88,296.3,311.6,107.69,77.42,296.97,311.87,1.0
2018-08-18 11:29:00,89.55671,36.91319,940.527,272.27,84.1,549.7,20.23,-2.19,-47.43,109.16,77.43,296.41,311.33,107.73,77.62,296.85,311.83,1.0
2018-08-18 11:29:00,89.55671,36.91316,940.487,272.26,84.1,550.0,20.47,-2.3,-47.17,109.29,77.23,296.63,311.51,107.85,77.79,296.75,311.81,1.0
2018-08-18 11:29:00,89.55671,36.91312,940.565,272.26,84.0,549.3,22.77,-2.0,-47.15,109.29,77.3,296.65,311.65,108.02,77.93,296.67,311.75,1.0
2018-08-18 11:29:00,89.55671,36.91308,940.566,272.27,84.1,549.3,25.21,-1.62,-47.55,108.44,77.36,296.87,312.08,108.22,78.01,296.62,311.67,1.0
2018-08-18 11:29:00,89.55671,36.91304,940.602,272.27,84.1,549.0,23.96,-1.65,-47.07,108.7,77.43,296.94,311.94,108.42,78.03,296.69,311.57,1.0
2018-08-18 11:29:00,89.55671,36.91301,940.588,272.27,84.1,549.1,24.57,-1.82,-46.75,108.9,77.43,296.74,312.27,108.6,77.99,296.79,311.54,1.0
2018-08-18 11:29:00,89.55671,36.91297,940.57,272.27,84.1,549.3,26.76,-1.96,-46.72,108.12,77.3,297.12,311.77,108.76,77.91,296.91,311.6,1.0
2018-08-18 11:29:00,89.55671,36.91292,940.623,272.27,84.0,548.8,29.21,-1.86,-46.91,108.51,77.3,296.86,311.52,108.9,77.81,297.06,311.68,1.0
2018-08-18 11:29:00,89.55671,36.91288,940.638,272.27,84.0,548.7,30.74,-1.38,-47.28,109.36,77.23,296.86,311.61,109.04,77.7,297.22,311.77,1.0
2018-08-18 11:29:00,89.5567,36.91284,940.666,272.27,84.0,548.5,28.18,-1.19,-47.39,108.97,77.43,296.84,311.71,109.19,77.61,297.34,311.82,1.0
2018-08-18 11:29:00,89.5567,36.9128,940.664,272.27,84.0,548.5,24.26,-0.79,-47.62,109.16,77.43,297.13,311.61,109.37,77.54,297.43,311.87,1.0
2018-08-18 11:29:00,89.5567,36.91276,940.658,272.27,84.0,548.6,21.25,-0.62,-47.87,109.29,77.5,296.94,311.52,109.58,77.5,297.47,311.87,1.0
2018-08-18 11:29:00,89.5567,36.91272,940.655,272.27,84.0,548.6,19.58,-0.67,-47.98,108.51,77.3,296.85,311.71,109.82,77.49,297.44,311.85,1.0
2018-08-18 11:29:00,89.5567,36.91268,940.636,272.27,84.0,548.7,18.71,-0.64,-47.77,109.1,77.3,296.68,311.52,110.07,77.51,297.36,311.84,1.0
2018-08-18 11:29:00,89.5567,36.91264,940.678,272.28,84.0,548.4,19.57,-0.55,-47.32,108.97,77.3,296.86,311.61,110.32,77.54,297.25,311.8,1.0
2018-08-18 11:29:00,89.5567,36.9126,940.711,272.27,84.0,548.1,19.27,-0.69,-46.54,108.77,77.43,296.96,311.32,110.53,77.56,297.12,311.74,1.0
2018-08-18 11:29:00,89.5567,36.91256,940.728,272.27,84.0,548.0,18.32,-0.88,-45.9,108.38,77.36,296.86,311.61,110.65,77.58,297.0,311.68,1.0
2018-08-18 11:29:00,89.5567,36.91252,940.732,272.28,84.0,547.9,16.08,-1.0,-45.24,109.23,77.36,296.94,311.52,110.67,77.57,296.9,311.62,1.0
2018-08-18 11:29:00,89.5567,36.91248,940.745,272.28,84.0,547.8,12.99,-1.06,-44.65,109.36,77.5,296.94,311.61,110.57,77.54,296.84,311.54,1.0
2018-08-18 11:29:00,89.5567,36.91244,940.779,272.28,84.0,547.5,12.56,-1.19,-45.33,108.97,77.43,296.86,311.52,110.34,77.49,296.78,311.39,1.0
2018-08-18 11:29:00,89.5567,36.9124,940.78,272.28,84.0,547.5,13.91,-1.24,-44.84,109.36,77.43,297.04,311.53,110.0,77.43,296.94,311.42,1.0
2018-08-18 11:29:00,89.5567,36.91236,940.767,272.28,84.0,547.6,15.73,-1.5,-44.59,109.29,77.36,297.14,311.72,109.58,77.38,297.1,311.45,1.0
2018-08-18 11:29:00,89.5567,36.91231,940.757,272.28,84.0,547.7,16.54,-1.6,-44.54,109.56,77.5,297.14,311.52,109.14,77.34,297.25,311.46,1.0
2018-08-18 11:29:00,89.5567,36.91227,940.762,272.28,84.0,547.7,16.73,-1.39,-44.75,110.14,77.36,296.83,311.39,108.72,77.33,297.37,311.47,1.0
2018-08-18 11:29:00,89.5567,36.91223,940.781,272.28,84.0,547.5,18.24,-0.98,-45.43,109.29,77.43,296.37,310.2,108.37,77.34,297.43,311.51,1.0
2018-08-18 11:29:00,89.5567,36.91219,940.732,272.28,84.0,547.9,16.96,-1.01,-46.08,108.25,77.3,298.16,312.06,108.12,77.39,297.47,311.54,1.0
2018-08-18 11:29:00,89.5567,36.91215,940.753,272.28,84.0,547.8,14.58,-0.88,-47.2,109.1,77.3,297.88,311.67,107.99,77.46,297.47,311.57,1.0
2018-08-18 11:29:00,89.55669,36.91211,940.778,272.28,84.0,547.5,13.34,-0.78,-48.03,109.42,77.43,297.43,311.44,107.98,77.54,297.43,311.65,1.0
2018-08-18 11:29:00,89.55669,36.91207,940.778,272.28,84.0,547.5,14.21,-0.77,-48.28,108.9,77.3,297.32,311.66,108.08,77.63,297.37,311.77,1.0
2018-08-18 11:29:00,89.55669,36.91203,940.79,272.28,84.0,547.5,17.05,-0.75,-48.01,108.64,77.57,296.94,311.73,108.25,77.7,297.3,311.92,1.0
2018-08-18 11:29:00,89.55669,36.91199,940.75,272.29,84.0,547.8,18.48,-0.73,-47.69,108.44,77.23,296.86,311.44,108.46,77.75,297.27,312.14,1.0
2018-08-18 11:29:00,89.55669,36.91195,940.799,272.29,84.0,547.4,19.04,-0.69,-47.26,108.84,77.5,296.96,311.34,108.67,77.78,297.1,312.11,1.0
2018-08-18 11:29:00,89.55669,36.91191,940.842,272.29,84.0,547.0,20.81,-0.75,-46.77,109.62,77.5,296.92,312.51,108.86,77.77,296.97,312.09,1.0
2018-08-18 11:29:00,89.55669,36.91187,940.879,272.29,84.0,546.7,22.71,-0.85,-46.29,108.64,77.5,297.01,312.75,109.01,77.72,296.9,312.11,1.0
2018-08-18 11:29:00,89.55669,36.91184,940.93,272.29,84.0,546.3,23.31,-0.96,-45.91,109.36,77.5,296.96,312.88,109.11,77.66,296.88,312.14,1.0
2018-08-18 11:29:00,89.55669,36.9118,940.911,272.29,84.0,546.4,21.77,-1.08,-45.63,109.36,77.43,296.97,312.72,109.18,77.58,296.92,312.14,1.0
2018-08-18 11:29:00,89.55669,36.91177,940.888,272.29,84.0,546.6,21.18,-1.09,-44.8,109.82,77.5,297.06,311.81,109.22,77.49,296.97,312.14,1.0
2018-08-18 11:29:00,89.55669,36.91173,940.863,272.29,84.0,546.8,23.53,-1.52,-44.2,108.44,77.43,297.15,311.45,109.26,77.41,297.02,312.14,1.0
2018-08-18 11:29:00,89.55669,36.9117,940.845,272.29,84.0,547.0,25.59,-1.73,-43.44,108.77,77.5,296.87,311.73,109.31,77.34,297.06,312.05,1.0
2018-08-18 11:29:00,89.55669,36.91166,940.849,272.29,84.0,547.0,26.52,-1.79,-42.54,109.03,77.43,296.96,311.82,109.38,77.29,297.08,311.91,1.0
2018-08-18 11:29:00,89.55668,36.91163,940.904,272.29,84.0,546.5,27.28,-2.15,-41.88,108.77,77.3,297.15,311.73,109.45,77.25,297.06,311.74,1.0
2018-08-18 11:29:00,89.55668,36.91159,940.938,272.29,84.0,546.2,28.69,-2.38,-41.67,109.03,77.5,296.87,311.64,109.53,77.23,297.02,311.58,1.0
2018-08-18 11:29:00,89.55668,36.91156,940.924,272.29,84.0,546.3,28.48,-1.79,-42.27,108.64,77.43,296.98,311.37,109.58,77.23,296.95,311.49,1.0
2018-08-18 11:29:00,89.55668,36.91152,940.906,272.29,84.0,546.5,28.1,-1.15,-43.13,108.97,77.43,296.97,311.65,109.59,77.23,296.87,311.42,1.0
2018-08-18 11:29:00,89.55668,36.9115,940.911,272.29,84.0,546.4,27.66,-0.63,-43.87,109.56,77.36,296.97,311.65,109.53,77.24,296.79,311.35,1.0
2018-08-18 11:29:00,89.55668,36.91146,940.933,272.3,84.0,546.3,27.02,-0.15,-44.31,109.36,77.57,296.98,311.65,109.4,77.25,296.74,311.32,1.0
2018-08-18 11:29:00,89.55668,36.91143,940.957,272.3,84.0,546.0,26.52,0.31,-44.44,109.56,77.3,297.06,311.84,109.21,77.26,296.81,311.36,1.0
2018-08-18 11:29:00,89.55668,36.9114,941.014,272.3,84.0,545.6,26.98,0.03,-45.67,108.57,77.43,297.08,311.65,108.98,77.27,296.88,311.43,1.0
2018-08-18 11:29:00,89.55668,36.91137,941.04,272.3,84.0,545.4,25.16,0.38,-46.61,109.36,77.5,296.89,311.84,108.73,77.28,296.89,311.45,1.0
2018-08-18 11:29:00,89.55668,36.91134,941.036,272.3,84.0,545.4,24.16,1.01,-47.46,109.62,77.43,297.08,311.65,108.51,77.29,296.89,311.46,1.0
2018-08-18 11:29:00,89.55668,36.91131,941.006,272.3,84.0,545.6,24.36,1.4,-48.45,109.29,77.36,297.28,312.16,108.36,77.29,296.92,311.47,1.0
2018-08-18 11:29:00,89.55668,36.91128,940.928,272.3,84.0,546.3,22.5,0.98,-49.62,108.7,77.3,298.54,312.45,108.3,77.3,296.96,311.49,1.0
2018-08-18 11:29:00,89.55668,36.91125,940.994,272.3,83.9,545.7,21.72,0.51,-49.84,108.12,77.3,298.07,312.29,108.36,77.32,297.02,311.47,1.0
2018-08-18 11:29:00,89.55668,36.91122,941.077,272.3,83.9,545.0,21.83,0.27,-49.44,109.1,77.43,297.27,311.65,108.54,77.34,297.13,311.57,1.0
2018-08-18 11:29:00,89.55667,36.91119,941.107,272.3,84.0,544.8,21.75,-0.28,-48.63,109.29,77.5,296.89,311.54,108.82,77.36,297.25,311.67,1.0
2018-08-18 11:29:00,89.55667,36.91117,941.081,272.31,84.0,545.0,21.86,-0.84,-47.93,109.23,77.23,297.07,311.41,109.18,77.4,297.39,311.74,1.0
2018-08-18 11:29:00,89.55667,36.91115,941.092,272.31,84.0,544.9,23.28,-0.78,-47.8,108.31,77.5,296.7,311.29,109.58,77.44,297.48,311.76,1.0
2018-08-18 11:29:00,89.55667,36.91114,941.093,272.31,84.0,544.9,25.95,-1.13,-47.35,109.16,77.43,296.98,311.12,109.96,77.5,297.38,311.66,1.0
2018-08-18 11:29:00,89.55667,36.91112,941.041,272.31,84.0,545.3,23.63,-1.66,-46.04,109.23,77.64,297.4,312.32,110.3,77.56,297.3,311.55,1.0
2018-08-18 11:29:00,89.55667,36.9111,941.055,272.31,84.0,545.2,20.74,-1.71,-45.74,108.84,77.3,297.29,312.34,110.54,77.64,297.28,311.5,1.0
2018-08-18 11:29:00,89.55667,36.91108,941.102,272.3,83.9,544.8,18.52,-1.59,-45.99,109.62,77.23,297.47,312.03,110.67,77.73,297.29,311.53,1.0
2018-08-18 11:29:00,89.55667,36.91107,941.108,272.31,84.0,544.8,17.02,-1.59,-46.33,108.77,77.23,297.48,312.08,110.68,77.81,297.33,311.64,1.0
2018-08-18 11:29:00,89.55667,36.91105,941.112,272.31,83.9,544.8,15.03,-1.43,-47.32,109.23,77.5,296.78,311.39,110.57,77.89,297.42,311.74,1.0
2018-08-18 11:29:00,89.55667,36.91104,941.175,272.31,83.9,544.2,13.49,-1.27,-47.17,110.34,77.57,296.88,311.57,110.36,77.96,297.41,311.91,1.0
2018-08-18 11:29:00,89.55667,36.91102,941.154,272.32,83.9,544.4,13.17,-1.28,-47.43,109.16,77.5,296.89,311.76,110.07,78.01,297.37,311.97,1.0
2018-08-18 11:29:00,89.55667,36.911,941.099,272.32,83.9,544.9,14.33,-1.35,-48.0,108.97,77.43,297.02,311.89,109.72,78.03,297.31,311.97,1.0
2018-08-18 11:29:00,89.55666,36.91099,941.082,272.31,83.9,545.0,16.34,-1.38,-48.67,109.36,77.43,297.68,312.86,109.35,78.01,297.25,311.97,1.0
2018-08-18 11:29:00,89.55666,36.91097,941.155,272.31,83.9,544.4,17.52,-1.34,-49.07,108.7,77.5,298.09,312.43,108.99,77.96,297.21,311.98,1.0
2018-08-18 11:29:00,89.55666,36.91096,941.144,272.31,83.9,544.5,17.3,-1.38,-48.48,109.69,77.57,296.99,312.72,108.67,77.87,297.26,312.07,1.0
2018-08-18 11:29:00,89.55666,36.91094,941.118,272.31,83.9,544.7,16.45,-1.32,-47.86,108.7,77.64,296.99,312.57,108.4,77.77,297.32,312.15,1.0
2018-08-18 11:29:00,89.55666,36.91093,941.12,272.31,83.9,544.7,16.44,-1.55,-47.28,109.75,77.57,296.99,312.06,108.2,77.65,297.4,312.24,1.0
2018-08-18 11:29:00,89.55666,36.91091,941.153,272.32,83.9,544.4,17.82,-1.87,-46.81,109.62,77.43,297.08,311.65,108.1,77.53,297.43,312.26,1.0
2018-08-18 11:29:00,89.55666,36.9109,941.185,272.31,83.9,544.1,20.48,-1.96,-46.58,108.9,77.64,297.09,311.65,108.09,77.43,297.38,312.21,1.0
2018-08-18 11:29:00,89.55666,36.91088,941.159,272.31,83.9,544.4,23.17,-1.79,-46.9,109.88,77.43,297.09,311.37,108.17,77.35,297.43,312.26,1.0
2018-08-18 11:29:00,89.55666,36.91087,941.185,272.31,83.9,544.1,23.99,-1.91,-46.85,108.7,77.57,297.18,311.57,108.35,77.32,297.39,312.24,1.0
2018-08-18 11:29:00,89.55666,36.91085,941.205,272.31,83.9,544.0,22.99,-1.9,-46.65,108.7,77.5,296.99,311.58,108.61,77.32,297.37,312.15,1.0
2018-08-18 11:29:00,89.55666,36.91084,941.217,272.31,83.9,543.9,19.82,-1.82,-46.86,109.42,77.57,296.55,311.43,108.92,77.36,297.33,312.05,1.0
2018-08-18 11:29:00,89.55666,36.91082,941.235,272.31,83.9,543.7,15.16,-1.75,-47.61,108.18,77.36,296.08,311.38,109.25,77.44,297.26,311.98,1.0
2018-08-18 11:29:00,89.55666,36.91081,941.249,272.31,83.9,543.6,12.76,-1.81,-48.85,109.16,77.3,298.01,312.68,109.58,77.53,297.17,311.89,1.0
2018-08-18 11:29:00,89.55666,36.91079,941.245,272.32,83.9,543.6,13.24,-1.73,-49.23,108.57,77.5,296.34,312.15,109.86,77.63,297.06,311.8,1.0
2018-08-18 11:29:00,89.55666,36.91076,941.289,272.32,83.9,543.3,14.95,-2.1,-48.84,109.95,77.5,296.69,311.5,110.06,77.73,296.96,311.71,1.0
2018-08-18 11:29:00,89.55666,36.91074,941.271,272.32,83.9,543.4,18.73,-2.28,-48.12,109.29,77.71,296.91,311.58,110.17,77.8,296.86,311.65,1.0
2018-08-18 11:29:00,89.55665,36.91071,941.191,272.32,83.9,544.1,23.46,-2.29,-47.67,109.42,77.5,297.0,311.58,110.18,77.85,296.83,311.63,1.0
2018-08-18 11:29:00,89.55665,36.91069,941.188,272.32,83.9,544.1,26.78,-2.39,-47.89,109.03,77.57,297.18,311.96,110.11,77.87,296.88,311.66,1.0
2018-08-18 11:29:00,89.55665,36.91066,941.278,272.32,83.9,543.4,23.92,-2.02,-48.52,109.1,77.5,297.0,311.87,109.96,77.87,296.79,311.61,1.0
2018-08-18 11:29:00,89.55665,36.91064,941.328,272.32,83.9,542.9,20.15,-2.04,-48.53,109.56,77.5,297.18,311.78,109.77,77.86,296.89,311.62,1.0
2018-08-18 11:29:00,89.55665,36.91061,941.372,272.32,83.9,542.6,16.6,-1.99,-48.85,109.29,77.64,297.09,311.49,109.59,77.84,297.02,311.66,1.0
2018-08-18 11:29:00,89.55665,36.91058,941.383,272.32,83.9,542.5,14.4,-1.79,-49.6,109.69,77.5,297.19,311.59,109.45,77.82,297.14,311.7,1.0
2018-08-18 11:29:00,89.55665,36.91056,941.337,272.32,83.9,542.9,14.26,-1.64,-50.45,109.1,77.64,297.19,311.6,109.38,77.83,297.26,311.75,1.0
2018-08-18 11:29:00,89.55665,36.91053,941.379,272.32,83.9,542.5,15.65,-2.2,-50.39,109.29,77.5,297.01,311.68,109.37,77.85,297.39,311.81,1.0
2018-08-18 11:29:00,89.55665,36.91051,941.415,272.33,83.9,542.2,16.06,-2.4,-49.77,108.84,77.64,297.18,311.88,109.44,77.88,297.48,311.82,1.0
2018-08-18 11:29:00,89.55665,36.91048,941.41,272.32,83.9,542.3,17.66,-2.49,-48.72,109.16,77.5,297.27,310.79,109.55,77.93,297.5,311.78,1.0
2018-08-18 11:29:00,89.55665,36.91046,941.404,272.32,83.9,542.3,19.32,-2.69,-47.98,109.29,77.64,297.39,310.79,109.66,77.97,297.46,311.68,1.0
2018-08-18 11:29:00,89.55665,36.91043,941.419,272.33,83.9,542.2,20.26,-3.01,-47.71,109.1,77.5,297.36,311.22,109.73,78.0,297.38,311.55,1.0
2018-08-18 11:29:00,89.55664,36.9104,941.407,272.33,83.9,542.3,20.14,-3.3,-47.59,109.95,77.71,297.81,311.4,109.71,78.01,297.28,311.39,1.0
2018-08-18 11:29:00,89.55664,36.91038,941.383,272.34,83.9,542.5,17.76,-3.51,-47.51,109.1,77.64,297.6,311.6,109.58,77.97,297.17,311.24,1.0
2018-08-18 11:29:00,89.55664,36.91036,941.393,272.33,83.9,542.4,16.49,-3.49,-47.36,109.16,77.64,297.16,311.5,109.32,77.9,297.08,311.15,1.0
2018-08-18 11:29:00,89.55664,36.91034,941.444,272.33,83.9,542.0,16.35,-3.45,-47.29,109.49,77.71,297.0,311.6,108.94,77.79,296.98,311.2,1.0
2018-08-18 11:29:00,89.55664,36.91032,941.474,272.33,83.9,541.7,17.15,-3.47,-47.37,109.42,77.64,297.2,311.7,108.46,77.65,296.9,311.26,1.0
2018-08-18 11:29:00,89.55664,36.9103,941.4,272.33,83.9,542.3,18.19,-3.55,-47.65,109.88,77.64,297.01,311.7,107.93,77.51,296.88,311.27,1.0
2018-08-18 11:29:00,89.55664,36.91028,941.468,272.33,83.9,541.8,17.19,-3.9,-48.31,109.03,77.64,297.0,311.79,107.41,77.38,296.98,311.43,1.0
2018-08-18 11:29:00,89.55664,36.91026,941.431,272.33,83.9,542.1,14.06,-4.17,-48.16,109.69,77.78,297.34,312.2,106.97,77.28,297.0,311.55,1.0
2018-08-18 11:29:00,89.55664,36.91024,941.47,272.33,83.9,541.7,13.0,-4.2,-48.21,108.77,77.57,297.08,312.45,106.64,77.23,297.06,311.67,1.0
2018-08-18 11:29:00,89.55664,36.91021,941.529,272.32,83.9,541.3,13.83,-3.92,-48.48,109.16,77.71,297.12,311.87,106.47,77.24,297.14,311.76,1.0
2018-08-18 11:29:00,89.55664,36.91017,941.491,272.33,83.8,541.6,15.57,-3.53,-48.68,108.57,77.43,297.35,311.04,106.48,77.31,297.26,311.81,1.0
2018-08-18 11:29:00,89.55664,36.91011,941.458,272.33,83.8,541.8,17.8,-3.6,-47.92,108.64,77.43,298.72,312.6,106.65,77.43,297.49,311.84,1.0
2018-08-18 11:29:00,89.55664,36.91005,941.487,272.34,83.8,541.6,16.44,-3.49,-46.83,108.64,77.71,297.05,311.64,106.95,77.59,297.52,311.81,1.0
2018-08-18 11:29:00,89.55664,36.90999,941.519,272.33,83.8,541.3,14.4,-3.24,-46.55,109.1,77.57,297.23,311.68,107.36,77.77,297.4,311.68,1.0
2018-08-18 11:29:00,89.55664,36.90993,941.502,272.33,83.8,541.5,13.47,-3.11,-46.12,108.64,77.57,296.97,311.25,107.8,77.93,297.25,311.49,1.0
2018-08-18 11:29:00,89.55664,36.90987,941.454,272.34,83.8,541.9,13.84,-3.11,-46.05,108.38,77.5,297.51,311.11,108.23,78.05,297.13,311.34,1.0
2018-08-18 11:29:00,89.55663,36.9098,941.48,272.33,83.8,541.7,14.67,-3.04,-47.4,109.23,77.43,298.87,311.32,108.62,78.12,297.03,311.27,1.0
2018-08-18 11:29:00,89.55663,36.90974,941.531,272.34,83.8,541.2,14.59,-2.96,-46.97,108.77,77.71,297.09,311.5,108.92,78.12,296.78,311.08,1.0
2018-08-18 11:29:00,89.55663,36.90968,941.514,272.34,83.8,541.4,13.59,-2.98,-46.29,108.9,77.78,296.12,311.69,109.13,78.05,296.71,310.99,1.0
2018-08-18 11:29:00,89.55663,36.90962,941.512,272.34,83.8,541.4,15.02,-2.88,-45.68,108.9,77.71,295.76,311.4,109.25,77.92,296.69,310.96,1.0
2018-08-18 11:29:00,89.55663,36.90956,941.539,272.34,83.8,541.2,17.47,-2.89,-45.05,108.7,77.78,296.37,311.88,109.28,77.74,296.69,310.99,1.0
2018-08-18 11:29:00,89.55663,36.9095,941.565,272.34,83.8,540.9,18.71,-3.16,-44.34,108.77,77.78,296.93,311.59,109.27,77.53,296.64,311.08,1.0
2018-08-18 11:29:00,89.55663,36.90944,941.631,272.34,83.8,540.4,18.26,-3.22,-43.99,108.31,77.78,296.42,311.71,109.23,77.32,296.43,311.22,1.0
2018-08-18 11:29:00,89.55663,36.90936,941.631,272.34,83.8,540.4,17.22,-2.75,-43.98,108.9,77.57,296.94,311.31,109.18,77.14,296.37,311.26,1.0
2018-08-18 11:29:00,89.55663,36.90929,941.652,272.35,83.8,540.2,16.13,-2.5,-43.97,109.03,77.64,297.14,311.61,109.15,77.01,296.49,311.31,1.0
2018-08-18 11:29:00,89.55663,36.90921,941.661,272.35,83.8,540.2,15.13,-2.29,-43.94,109.49,77.64,297.24,311.61,109.14,76.94,296.65,311.37,1.0
2018-08-18 11:29:00,89.55663,36.90913,941.644,272.34,83.8,540.3,14.14,-2.14,-44.03,108.7,77.5,297.04,312.01,109.15,76.93,296.76,311.41,1.0
2018-08-18 11:29:00,89.55663,36.90906,941.705,272.34,83.8,539.8,12.68,-2.44,-44.55,109.42,77.43,295.88,311.92,109.18,76.98,296.8,311.42,1.0
2018-08-18 11:29:00,89.55663,36.90898,941.702,272.35,83.8,539.8,10.38,-2.28,-44.47,108.18,77.43,295.66,310.71,109.22,77.09,296.86,311.41,1.0
2018-08-18 11:29:00,89.55662,36.9089,941.716,272.35,83.8,539.7,11.48,-2.02,-44.64,108.38,77.43,296.39,311.22,109.25,77.23,296.87,311.39,1.0
2018-08-18 11:29:00,89.55662,36.90883,941.708,272.35,83.8,539.8,13.8,-1.92,-44.89,109.29,77.64,297.03,311.42,109.26,77.4,296.85,311.37,1.0
2018-08-18 11:29:00,89.55662,36.90875,941.678,272.35,83.8,540.0,15.65,-1.82,-45.09,108.9,77.5,296.94,311.61,109.24,77.56,296.76,311.41,1.0
2018-08-18 11:29:00,89.55662,36.90868,941.663,272.35,83.8,540.1,15.98,-1.57,-45.21,108.51,77.71,297.05,311.42,109.2,77.71,296.62,311.51,1.0
2018-08-18 11:29:00,89.55662,36.9086,941.706,272.35,83.8,539.8,16.0,-1.74,-45.75,109.49,77.64,297.23,311.4,109.11,77.83,296.59,311.56,1.0
2018-08-18 11:29:00,89.55662,36.90852,941.748,272.35,83.8,539.4,17.8,-1.67,-46.06,108.97,77.43,297.23,311.52,109.0,77.91,296.66,311.66,1.0
2018-08-18 11:29:00,89.55662,36.90846,941.727,272.35,83.8,539.6,17.25,-1.49,-46.95,108.9,77.64,297.0,311.71,108.87,77.96,296.68,311.72,1.0
2018-08-18 11:29:00,89.55662,36.9084,941.692,272.35,83.8,539.9,15.55,-1.19,-47.95,109.1,77.64,296.36,311.99,108.72,77.98,296.68,311.76,1.0
2018-08-18 11:29:00,89.55662,36.90834,941.706,272.35,83.8,539.8,14.2,-0.91,-48.69,108.97,77.5,295.71,312.6,108.58,77.97,296.7,311.83,1.0
2018-08-18 11:29:00,89.55662,36.90828,941.714,272.35,83.8,539.7,13.92,-1.08,-49.56,109.23,77.43,296.06,312.29,108.46,77.95,296.74,311.95,1.0
2018-08-18 11:29:00,89.55662,36.90822,941.763,272.35,83.8,539.3,16.45,-1.13,-49.13,108.77,77.64,296.81,311.6,108.37,77.93,296.8,312.04,1.0
2018-08-18 11:29:00,89.55662,36.90816,941.743,272.36,83.8,539.5,16.23,-1.17,-48.32,108.12,77.71,296.96,311.71,108.32,77.91,296.86,312.12,1.0
2018-08-18 11:29:00,89.55662,36.9081,941.754,272.36,83.8,539.4,16.55,-1.2,-47.4,108.97,77.71,297.05,311.33,108.35,77.91,296.87,312.2,1.0
2018-08-18 11:29:00,89.55662,36.90804,941.831,272.35,83.8,538.7,18.01,-1.23,-46.55,108.97,77.64,296.95,311.72,108.44,77.93,296.94,312.22,1.0
2018-08-18 11:29:00,89.55662,36.90798,941.86,272.35,83.8,538.5,18.82,-1.23,-45.82,108.57,77.57,297.23,312.59,108.62,77.98,297.14,312.15,1.0
2018-08-18 11:29:00,89.55662,36.90792,941.836,272.35,83.8,538.7,17.73,-1.32,-45.23,108.84,77.85,297.06,312.49,108.86,78.03,297.28,312.04,1.0
2018-08-18 11:29:00,89.55662,36.90786,941.875,272.36,83.8,538.4,19.48,-1.47,-43.82,109.82,77.5,297.24,312.5,109.16,78.1,297.32,312.02,1.0
2018-08-18 11:29:00,89.55662,36.9078,941.899,272.36,83.8,538.2,21.32,-1.61,-42.5,108.31,77.64,296.34,312.6,109.49,78.18,297.23,312.03,1.0
2018-08-18 11:29:00,89.55662,36.90773,941.908,272.36,83.8,538.1,22.49,-1.66,-41.22,109.1,77.64,296.24,312.64,109.81,78.24,297.08,312.06,1.0
2018-08-18 11:29:00,89.55661,36.90767,941.946,272.36,83.8,537.8,23.26,-1.59,-39.99,108.7,77.71,297.26,312.11,110.09,78.29,296.92,312.07,1.0
2018-08-18 11:29:00,89.55661,36.9076,942.012,272.36,83.8,537.2,25.14,-1.64,-39.99,108.05,77.71,296.98,311.61,110.3,78.3,296.77,312.02,1.0
2018-08-18 11:29:00,89.55661,36.90754,941.963,272.36,83.8,537.6,24.66,-1.78,-39.93,109.42,77.71,296.97,311.42,110.4,78.29,296.63,311.98,1.0
2018-08-18 11:29:00,89.55661,36.90748,941.913,272.36,83.8,538.0,23.12,-1.62,-40.38,109.16,77.85,296.05,311.38,110.37,78.24,296.51,312.0,1.0
2018-08-18 11:29:00,89.55661,36.90741,941.928,272.36,83.8,537.9,22.36,-1.42,-40.41,108.97,77.64,295.65,311.58,110.22,78.15,296.48,312.03,1.0
2018-08-18 11:29:00,89.55661,36.90735,941.988,272.35,83.8,537.4,23.16,-1.32,-40.08,109.03,77.98,295.96,311.62,109.96,78.03,296.51,312.0,1.0
2018-08-18 11:29:00,89.55661,36.90729,941.875,272.36,83.8,538.4,24.75,-1.27,-40.81,109.16,77.85,296.21,311.35,109.61,77.9,296.5,311.91,1.0
2018-08-18 11:29:00,89.55661,36.90722,941.966,272.36,83.8,537.6,25.41,-1.35,-41.86,109.69,77.64,296.41,311.45,109.23,77.76,296.46,311.87,1.0
2018-08-18 11:29:00,89.55661,36.90716,941.963,272.36,83.8,537.6,26.22,-1.16,-42.97,109.36,77.71,296.4,312.27,108.87,77.64,296.46,311.91,1.0
2018-08-18 11:29:00,89.55661,36.9071,941.947,272.36,83.8,537.8,27.34,-1.04,-43.65,108.97,77.85,296.43,312.47,108.56,77.54,296.6,311.91,1.0
2018-08-18 11:29:00,89.55661,36.90703,941.96,272.37,83.8,537.6,28.55,-1.05,-44.0,109.16,77.92,296.79,312.43,108.36,77.48,296.77,311.92,1.0
2018-08-18 11:29:00,89.55661,36.90697,941.97,272.36,83.8,537.6,29.45,-1.05,-44.41,108.7,77.78,297.1,311.45,108.28,77.47,296.85,311.99,1.0
2018-08-18 11:29:00,89.55661,36.90691,941.972,272.37,83.8,537.5,29.39,-0.78,-44.69,109.1,77.71,296.14,311.74,108.34,77.51,296.99,311.98,1.0
2018-08-18 11:29:00,89.55661,36.90684,942.009,272.36,83.8,537.2,25.71,-0.61,-44.73,109.16,77.5,296.51,312.34,108.51,77.59,297.06,312.0,1.0
2018-08-18 11:29:00,89.55661,36.90676,942.004,272.36,83.8,537.3,23.0,-0.56,-44.8,108.84,77.85,296.8,312.01,108.77,77.72,297.11,311.99,1.0
2018-08-18 11:29:00,89.55661,36.90668,941.987,272.36,83.7,537.4,20.9,-0.54,-45.18,108.44,77.5,296.67,312.27,109.07,77.87,297.1,311.96,1.0
2018-08-18 11:29:00,89.55661,36.9066,942.144,272.36,83.8,536.1,18.32,-0.46,-46.24,108.64,77.64,295.94,312.58,109.37,78.03,297.05,312.0,1.0
2018-08-18 11:29:00,89.55661,36.90652,942.13,272.37,83.7,536.2,15.84,-0.38,-45.59,109.16,77.78,296.96,311.54,109.62,78.18,296.99,312.17,1.0
2018-08-18 11:29:00,89.55661,36.90644,942.124,272.37,83.8,536.3,14.2,-0.37,-45.54,109.49,77.85,297.25,311.45,109.8,78.31,297.02,312.27,1.0
2018-08-18 11:29:00,89.55661,36.90637,942.081,272.37,83.7,536.6,10.75,-0.67,-45.88,108.57,77.85,297.16,311.74,109.89,78.4,297.04,312.25,1.0
2018-08-18 11:29:00,89.55661,36.90629,942.087,272.37,83.7,536.6,8.53,-0.79,-46.24,109.49,77.85,297.16,311.54,109.89,78.46,297.05,312.24,1.0
2018-08-18 11:29:00,89.5566,36.90621,942.146,272.37,83.7,536.1,9.25,-0.59,-46.17,109.1,77.92,297.25,312.1,109.82,78.48,297.12,312.2,1.0
2018-08-18 11:29:00,89.5566,36.90613,942.085,272.37,83.7,536.6,12.55,-0.28,-45.35,109.95,77.64,297.35,312.49,109.7,78.46,297.25,312.08,1.0
2018-08-18 11:29:00,89.5566,36.90605,942.099,272.37,83.7,536.5,13.54,-0.36,-45.18,109.03,77.92,297.17,311.64,109.58,78.42,297.31,312.11,1.0
2018-08-18 11:29:00,89.5566,36.906,942.122,272.37,83.7,536.3,12.81,-0.5,-45.52,109.42,77.85,297.35,311.27,109.47,78.35,297.38,312.1,1.0
2018-08-18 11:29:00,89.5566,36.90594,942.156,272.37,83.7,536.0,12.24,-0.53,-45.36,108.25,77.92,297.35,311.46,109.4,78.28,297.43,312.07,1.0
2018-08-18 11:29:00,89.5566,36.90589,942.198,272.37,83.7,535.7,12.34,-0.56,-44.91,109.36,77.92,296.99,311.75,109.39,78.2,297.45,312.0,1.0
2018-08-18 11:29:00,89.5566,36.90583,942.228,272.37,83.7,535.4,13.03,-0.68,-44.57,108.64,77.85,297.36,311.63,109.42,78.12,297.43,311.91,1.0
2018-08-18 11:29:00,89.5566,36.90578,942.133,272.37,83.7,536.2,14.07,-0.6,-43.7,108.7,77.98,297.17,312.66,109.47,78.05,297.29,311.89,1.0
2018-08-18 11:29:00,89.5566,36.90572,942.17,272.38,83.7,535.9,13.45,-1.03,-43.56,109.49,77.85,297.26,312.66,109.54,77.98,297.12,311.92,1.0
2018-08-18 11:29:00,89.5566,36.90566,942.21,272.37,83.7,535.5,9.78,-1.29,-43.9,109.29,77.92,297.08,312.54,109.58,77.91,296.96,311.93,1.0
2018-08-18 11:29:00,89.5566,36.90561,942.233,272.37,83.7,535.4,6.61,-1.33,-44.62,110.01,77.78,297.27,312.3,109.58,77.84,296.78,311.96,1.0
2018-08-18 11:29:00,89.5566,36.90555,942.237,272.37,83.7,535.3,6.05,-1.46,-45.43,109.16,77.92,297.09,312.25,109.52,77.78,296.59,312.01,1.0
2018-08-18 11:29:00,89.5566,36.9055,942.19,272.37,83.7,535.7,7.27,-2.33,-45.91,109.49,77.92,296.22,313.14,109.4,77.72,296.42,312.07,1.0
2018-08-18 11:29:00,89.5566,36.90544,942.178,272.37,83.7,535.8,8.03,-1.34,-45.63,109.16,77.98,296.17,312.32,109.24,77.67,296.3,312.04,1.0
2018-08-18 11:29:00,89.5566,36.90539,942.193,272.37,83.7,535.7,8.24,-1.38,-45.8,108.51,77.92,296.12,311.74,109.05,77.63,296.23,311.99,1.0
2018-08-18 11:29:00,89.5566,36.90532,942.238,272.37,83.7,535.3,8.69,-1.56,-45.38,108.97,77.85,296.02,311.33,108.87,77.61,296.19,311.98,1.0
2018-08-18 11:29:00,89.5566,36.90526,942.279,272.37,83.7,535.0,8.55,-1.63,-44.72,109.42,77.78,295.81,311.54,108.71,77.61,296.23,312.02,1.0
2018-08-18 11:29:00,89.5566,36.9052,942.25,272.38,83.7,535.2,6.81,-1.63,-44.7,109.49,77.85,295.94,311.46,108.6,77.65,296.39,312.02,1.0
2018-08-18 11:29:00,89.55659,36.90514,942.265,272.38,83.7,535.1,7.07,-1.32,-43.94,108.9,77.85,296.18,311.66,108.57,77.7,296.55,311.82,1.0
2018-08-18 11:29:00,89.55659,36.90508,942.37,272.38,83.7,534.2,7.5,-1.3,-43.98,109.69,77.78,296.19,311.56,108.6,77.78,296.69,311.65,1.0
2018-08-18 11:29:00,89.55659,36.90502,942.39,272.38,83.7,534.0,6.51,-1.28,-43.86,108.97,78.05,296.21,312.1,108.71,77.88,296.79,311.6,1.0
2018-08-18 11:29:00,89.55659,36.90496,942.36,272.38,83.7,534.3,6.01,-1.11,-43.51,108.84,77.64,296.83,312.42,108.87,77.97,296.88,311.58,1.0
2018-08-18 11:29:00,89.55659,36.9049,942.396,272.38,83.7,534.0,7.29,-0.86,-43.03,108.9,77.71,297.8,312.33,109.07,78.06,296.98,311.55,1.0
2018-08-18 11:29:00,89.55659,36.90483,942.431,272.38,83.7,533.7,7.77,-1.22,-42.34,109.42,77.92,296.99,311.77,109.28,78.12,297.06,311.55,1.0
2018-08-18 11:29:00,89.55659,36.90477,942.419,272.38,83.7,533.8,5.72,-1.07,-41.38,108.77,77.85,297.26,311.67,109.49,78.15,297.12,311.59,1.0
2018-08-18 11:29:00,89.55659,36.90471,942.381,272.38,83.7,534.1,5.04,-0.92,-41.31,109.49,77.98,297.18,312.41,109.68,78.15,297.18,311.67,1.0
2018-08-18 11:29:00,89.55659,36.90465,942.367,272.38,83.7,534.2,5.31,-0.44,-42.04,109.16,77.92,297.28,312.13,109.84,78.11,297.26,311.71,1.0
2018-08-18 11:29:00,89.55659,36.90458,942.386,272.38,83.7,534.1,6.3,0.0,-43.09,108.9,77.92,297.37,311.19,109.96,78.05,297.34,311.71,1.0
2018-08-18 11:29:00,89.55659,36.90452,942.35,272.39,83.7,534.4,7.94,-0.5,-43.85,108.84,77.92,297.37,311.48,110.05,77.97,297.41,311.72,1.0
2018-08-18 11:29:00,89.55658,36.90445,942.336,272.39,83.7,534.5,6.17,-0.4,-45.4,109.49,78.05,297.28,311.57,110.1,77.88,297.48,311.8,1.0
2018-08-18 11:29:00,89.55658,36.90438,942.382,272.39,83.7,534.1,6.06,-0.92,-46.24,109.88,77.78,297.09,311.67,110.11,77.8,297.56,311.84,1.0
2018-08-18 11:29:00,89.55658,36.90432,942.371,272.39,83.7,534.2,8.16,-1.13,-47.32,108.97,77.85,297.56,311.39,110.09,77.74,297.63,311.81,1.0
2018-08-18 11:29:00,89.55658,36.90425,942.307,272.38,83.7,534.7,10.35,-1.23,-48.36,109.16,77.78,297.74,311.67,110.03,77.7,297.69,311.78,1.0
2018-08-18 11:29:00,89.55658,36.90419,942.348,272.39,83.7,534.4,10.32,-1.58,-48.55,109.16,77.92,298.48,311.47,109.94,77.68,297.73,311.8,1.0
2018-08-18 11:29:00,89.55658,36.90412,942.412,272.39,83.7,533.9,8.95,-1.75,-46.95,109.88,77.92,297.13,311.68,109.81,77.7,297.73,311.76,1.0
2018-08-18 11:29:00,89.55658,36.90405,942.428,272.39,83.7,533.7,11.01,-1.71,-46.45,109.49,77.85,297.36,311.48,109.64,77.73,297.69,311.79,1.0
2018-08-18 11:29:00,89.55658,36.90399,942.432,272.39,83.7,533.7,12.11,-2.37,-46.28,108.51,77.92,297.18,311.68,109.45,77.77,297.63,311.84,1.0
2018-08-18 11:29:00,89.55658,36.90392,942.427,272.39,83.7,533.7,12.6,-3.01,-46.06,109.49,77.78,297.28,311.76,109.26,77.81,297.55,311.91,1.0
2018-08-18 11:29:00,89.55658,36.90386,942.417,272.39,83.7,533.8,12.86,-3.18,-45.71,109.88,77.85,297.47,312.37,109.08,77.84,297.41,311.99,1.0
2018-08-18 11:29:00,89.55658,36.9038,942.482,272.39,83.7,533.3,12.55,-3.3,-45.57,108.97,77.85,297.28,311.71,108.93,77.85,297.22,312.07,1.0
2018-08-18 11:29:00,89.55658,36.90375,942.45,272.39,83.7,533.5,14.03,-3.06,-45.18,109.23,77.85,297.36,312.55,108.83,77.84,297.14,312.12,1.0
2018-08-18 11:29:00,89.55658,36.90371,942.469,272.4,83.7,533.4,15.14,-3.08,-44.93,109.36,77.92,297.28,312.66,108.8,77.81,297.1,312.18,1.0
2018-08-18 11:29:00,89.55657,36.90366,942.525,272.4,83.7,532.9,14.07,-3.22,-44.86,109.56,77.85,297.37,312.37,108.84,77.78,297.02,312.29,1.0
2018-08-18 11:29:00,89.55657,36.90362,942.567,272.4,83.7,532.6,11.99,-3.34,-45.02,109.42,77.85,297.28,312.2,108.94,77.74,296.94,312.38,1.0
2018-08-18 11:29:00,89.55657,36.90357,942.544,272.4,83.7,532.8,11.46,-3.4,-45.42,109.29,77.92,297.38,312.15,109.1,77.7,296.92,312.37,1.0
2018-08-18 11:29:00,89.55657,36.90353,942.543,272.4,83.7,532.8,13.34,-3.2,-45.82,108.64,77.92,297.29,311.71,109.29,77.69,296.88,312.44,1.0
2018-08-18 11:29:00,89.55657,36.90349,942.562,272.4,83.7,532.6,14.78,-3.31,-46.32,109.75,77.92,297.39,311.78,109.47,77.7,296.92,312.34,1.0
2018-08-18 11:29:00,89.55657,36.90344,942.56,272.4,83.7,532.6,12.41,-3.43,-46.6,108.64,77.78,296.52,312.12,109.63,77.74,296.91,312.24,1.0
2018-08-18 11:29:00,89.55657,36.9034,942.546,272.39,83.7,532.7,9.25,-3.41,-46.7,109.29,77.64,296.18,312.27,109.72,77.81,296.86,312.16,1.0
2018-08-18 11:29:00,89.55657,36.90335,942.581,272.4,83.7,532.4,8.62,-3.27,-46.8,109.03,77.85,296.58,312.07,109.75,77.91,296.81,312.06,1.0
2018-08-18 11:29:00,89.55657,36.90331,942.623,272.4,83.7,532.1,8.9,-3.34,-46.99,109.56,77.78,295.94,312.73,109.7,78.03,296.78,311.94,1.0
2018-08-18 11:29:00,89.55657,36.90326,942.614,272.4,83.7,532.2,9.84,-3.43,-46.91,109.56,77.92,297.14,311.56,109.57,78.15,296.72,311.87,1.0
2018-08-18 11:29:00,89.55657,36.90322,942.596,272.4,83.7,532.3,10.89,-3.46,-46.71,109.88,77.78,296.36,312.35,109.4,78.27,296.63,311.82,1.0
2018-08-18 11:29:00,89.55656,36.90317,942.574,272.4,83.7,532.5,12.6,-3.4,-45.98,108.97,77.92,296.21,312.3,109.2,78.37,296.62,311.73,1.0
2018-08-18 11:29:00,89.55656,36.90308,942.568,272.4,83.6,532.5,13.84,-3.33,-44.85,109.49,77.92,296.71,312.2,108.99,78.44,296.64,311.64,1.0
2018-08-18 11:29:00,89.55656,36.903,942.625,272.4,83.6,532.1,12.48,-3.47,-43.83,109.29,77.85,297.41,311.78,108.8,78.47,296.65,311.6,1.0
2018-08-18 11:29:00,89.55656,36.90291,942.713,272.4,83.6,531.3,11.7,-4.01,-42.39,109.23,77.98,297.22,311.6,108.65,78.47,296.73,311.54,1.0
2018-08-18 11:29:00,89.55656,36.90282,942.717,272.41,83.6,531.3,10.11,-3.69,-41.38,109.49,77.92,297.31,311.8,108.54,78.42,296.78,311.62,1.0
2018-08-18 11:29:00,89.55656,36.90273,942.7,272.41,83.6,531.4,8.18,-3.78,-40.52,109.75,78.12,297.3,311.6,108.47,78.35,296.9,311.62,1.0
2018-08-18 11:29:00,89.55656,36.90264,942.708,272.41,83.6,531.4,7.8,-3.95,-40.35,108.05,77.85,297.49,311.6,108.43,78.25,297.07,311.57,1.0
2018-08-18 11:29:00,89.55656,36.90255,942.758,272.41,83.6,531.0,10.05,-3.62,-41.11,108.97,77.92,297.21,311.6,108.43,78.14,297.21,311.54,1.0
2018-08-18 11:29:00,89.55656,36.90246,942.732,272.41,83.6,531.2,12.34,-3.22,-41.37,109.36,78.05,297.4,311.6,108.43,78.04,297.31,311.55,1.0
2018-08-18 11:30:00,89.55655,36.90237,942.742,272.41,83.6,531.1,12.95,-3.19,-41.38,109.49,77.85,297.4,312.24,108.45,77.96,297.37,311.57,1.0
2018-08-18 11:30:00,89.55655,36.90228,942.766,272.41,83.6,530.9,11.65,-2.91,-41.99,108.77,78.05,297.12,311.65,108.47,77.9,297.43,311.64,1.0
2018-08-18 11:30:00,89.55655,36.90219,942.787,272.41,83.6,530.7,11.14,-2.82,-42.99,109.36,77.85,297.31,311.52,108.5,77.87,297.44,311.66,1.0
2018-08-18 11:30:00,89.55655,36.90208,942.792,272.41,83.6,530.7,12.4,-2.84,-44.05,109.95,78.05,297.3,311.71,108.56,77.87,297.39,311.59,1.0
2018-08-18 11:30:00,89.55655,36.90198,942.784,272.41,83.6,530.7,14.3,-2.26,-44.76,109.36,78.12,297.38,311.86,108.63,77.89,297.29,311.54,1.0
2018-08-18 11:30:00,89.55655,36.90188,942.776,272.41,83.6,530.8,17.02,-2.34,-44.94,108.57,77.85,296.93,311.58,108.75,77.92,297.17,311.49,1.0
2018-08-18 11:30:00,89.55655,36.90177,942.776,272.41,83.6,530.8,16.29,-2.64,-44.94,108.51,77.85,297.38,312.36,108.89,77.95,297.03,311.37,1.0
2018-08-18 11:30:00,89.55655,36.90167,942.754,272.41,83.6,531.0,15.07,-3.01,-45.65,109.1,77.85,297.25,312.08,109.07,77.98,296.87,311.31,1.0
2018-08-18 11:30:00,89.55655,36.90157,942.716,272.41,83.6,531.3,13.84,-3.45,-46.23,108.64,77.78,297.11,311.21,109.25,77.99,296.73,311.26,1.0
2018-08-18 11:30:00,89.55655,36.90147,942.713,272.41,83.6,531.3,12.64,-3.93,-45.6,109.42,78.19,297.39,311.73,109.43,77.97,296.69,311.18,1.0
2018-08-18 11:30:00,89.55655,36.90136,942.706,272.41,83.6,531.4,14.37,-3.91,-46.38,109.49,78.05,297.31,311.53,109.57,77.92,296.7,311.21,1.0
2018-08-18 11:30:00,89.55655,36.90126,942.767,272.41,83.6,530.9,14.72,-3.92,-46.78,109.36,77.92,297.6,311.72,109.67,77.85,296.79,311.24,1.0
2018-08-18 11:30:00,89.55655,36.90116,942.8,272.41,83.6,530.6,13.89,-4.1,-47.21,108.64,77.85,296.76,311.6,109.7,77.77,296.86,311.22,1.0
2018-08-18 11:30:00,89.55655,36.90106,942.787,272.41,83.6,530.7,13.31,-4.41,-47.39,108.64,77.92,296.66,311.06,109.67,77.68,296.92,311.2,1.0
2018-08-18 11:30:00,89.55655,36.90096,942.772,272.41,83.6,530.8,13.76,-4.71,-46.91,109.42,77.98,297.32,310.61,109.58,77.61,297.0,311.21,1.0
2018-08-18 11:30:00,89.55655,36.90087,942.869,272.41,83.6,530.0,14.03,-4.81,-45.54,109.75,78.12,297.31,311.53,109.45,77.56,297.1,311.26,1.0
2018-08-18 11:30:00,89.55655,36.90078,942.86,272.42,83.6,530.1,12.12,-4.8,-43.62,109.36,78.05,297.32,311.53,109.32,77.54,297.23,311.34,1.0
2018-08-18 11:30:00,89.55655,36.90069,942.879,272.42,83.6,529.9,12.3,-4.83,-43.01,109.1,77.78,297.14,311.68,109.19,77.57,297.23,311.4,1.0
2018-08-18 11:30:00,89.55654,36.9006,942.889,272.42,83.6,529.9,12.6,-4.77,-43.2,109.49,77.85,296.46,311.01,109.11,77.63,297.2,311.42,1.0
2018-08-18 11:30:00,89.55654,36.90051,942.881,272.41,83.6,529.9,13.15,-4.75,-43.82,108.77,77.71,296.08,310.0,109.09,77.73,297.14,311.44,1.0
2018-08-18 11:30:00,89.55654,36.90042,942.93,272.42,83.6,529.5,14.96,-5.04,-44.4,109.1,77.71,296.56,310.52,109.13,77.85,297.01,311.47,1.0
2018-08-18 11:30:00,89.55654,36.90033,942.873,272.42,83.6,530.0,11.89,-5.05,-44.84,109.23,77.85,297.57,311.2,109.23,77.99,296.91,311.39,1.0
2018-08-18 11:30:00,89.55654,36.90024,942.914,272.42,83.6,529.7,10.88,-4.7,-45.5,109.03,77.85,296.83,311.63,109.36,78.11,296.81,311.29,1.0
2018-08-18 11:30:00,89.55654,36.90015,942.907,272.42,83.6,529.7,8.79,-4.39,-46.32,108.9,78.05,296.51,311.52,109.5,78.22,296.76,311.19,1.0
2018-08-18 11:30:00,89.55654,36.90006,942.872,272.42,83.6,530.0,6.41,-4.05,-47.33,108.77,78.05,296.52,311.63,109.62,78.29,296.78,311.16,1.0
2018-08-18 11:30:00,89.55654,36.89997,942.907,272.42,83.6,529.7,4.99,-3.72,-48.55,109.95,78.05,296.86,311.36,109.69,78.32,296.86,311.2,1.0
2018-08-18 11:30:00,89.55654,36.89993,942.901,272.42,83.6,529.8,3.85,-4.18,-50.09,108.97,77.85,297.43,311.73,109.69,78.3,296.95,311.2,1.0
2018-08-18 11:30:00,89.55654,36.8999,942.852,272.42,83.6,530.2,2.12,-4.06,-50.69,109.36,77.85,297.33,311.54,109.63,78.24,297.0,311.13,1.0
2018-08-18 11:30:00,89.55654,36.89988,942.911,272.42,83.6,529.7,2.26,-4.72,-52.01,109.49,77.92,297.43,311.56,109.52,78.16,297.16,311.06,1.0
2018-08-18 11:30:00,89.55654,36.89985,943.001,272.42,83.6,528.9,3.07,-5.13,-52.57,109.36,77.98,297.25,311.65,109.38,78.05,297.34,311.09,1.0
2018-08-18 11:30:00,89.55654,36.89982,943.027,272.43,83.6,528.7,4.02,-5.12,-52.04,109.23,78.05,297.35,311.74,109.24,77.95,297.51,311.18,1.0
2018-08-18 11:30:00,89.55654,36.8998,942.938,272.42,83.6,529.5,5.35,-5.3,-51.2,109.36,77.92,297.18,311.66,109.13,77.85,297.64,311.24,1.0
2018-08-18 11:30:00,89.55654,36.89977,943.001,272.43,83.6,528.9,6.21,-5.44,-49.67,109.16,77.92,297.25,310.58,109.08,77.78,297.71,311.27,1.0
2018-08-18 11:30:00,89.55653,36.89974,942.964,272.43,83.6,529.2,3.59,-5.55,-49.35,109.1,78.05,297.25,310.41,109.1,77.74,297.74,311.38,1.0
2018-08-18 11:30:00,89.55653,36.89972,942.963,272.43,83.6,529.2,1.3,-5.82,-49.59,108.84,77.92,297.53,310.98,109.19,77.74,297.74,311.46,1.0
2018-08-18 11:30:00,89.55653,36.89969,943.03,272.43,83.6,528.7,-0.06,-5.97,-49.75,109.69,77.92,297.25,311.37,109.33,77.79,297.71,311.49,1.0
2018-08-18 11:30:00,89.55653,36.89966,943.085,272.43,83.6,528.2,-0.93,-5.69,-49.38,108.97,77.85,297.36,310.91,109.5,77.86,297.65,311.48,1.0
2018-08-18 11:30:00,89.55653,36.89964,943.151,272.43,83.6,527.7,0.31,-5.26,-48.49,109.16,78.05,297.44,310.61,109.67,77.97,297.59,311.44,1.0
2018-08-18 11:30:00,89.55653,36.89961,943.079,272.43,83.6,528.3,4.1,-4.94,-48.02,109.16,77.71,297.44,311.46,109.79,78.09,297.54,311.46,1.0
2018-08-18 11:30:00,89.55653,36.89958,943.025,272.43,83.6,528.7,5.64,-4.8,-48.02,109.03,77.85,297.24,311.25,109.85,78.21,297.5,311.49,1.0
2018-08-18 11:30:00,89.55653,36.89954,943.012,272.43,83.6,528.8,6.77,-4.71,-48.58,109.49,77.92,297.24,311.56,109.83,78.33,297.47,311.48,1.0
2018-08-18 11:30:00,89.55653,36.89951,943.008,272.43,83.6,528.9,8.11,-4.67,-49.6,109.56,78.05,297.34,311.27,109.72,78.43,297.47,311.46,1.0
2018-08-18 11:30:00,89.55653,36.89948,943.045,272.43,83.6,528.6,5.69,-4.98,-50.72,109.69,78.05,297.34,311.56,109.56,78.5,297.49,311.51,1.0
2018-08-18 11:30:00,89.55653,36.89945,943.064,272.43,83.6,528.4,4.33,-4.94,-51.57,109.49,77.92,297.34,311.56,109.35,78.55,297.51,311.62,1.0
2018-08-18 11:30:00,89.55653,36.89942,943.126,272.43,83.6,527.9,3.09,-4.65,-52.35,109.1,78.19,297.44,311.56,109.15,78.57,297.53,311.67,1.0
2018-08-18 11:30:00,89.55653,36.89938,943.156,272.43,83.6,527.6,2.97,-4.38,-53.08,109.29,77.92,297.62,311.75,108.99,78.56,297.55,311.73,1.0
2018-08-18 11:30:00,89.55652,36.89935,943.135,272.43,83.6,527.8,3.95,-4.47,-53.54,109.16,78.05,297.34,311.66,108.9,78.53,297.57,311.82,1.0
2018-08-18 11:30:00,89.55652,36.89932,943.158,272.43,83.6,527.6,5.38,-5.14,-53.44,109.23,77.85,297.16,311.75,108.9,78.49,297.6,311.9,1.0
2018-08-18 11:30:00,89.55652,36.89929,943.179,272.43,83.6,527.4,8.72,-5.15,-53.48,109.1,78.12,297.53,311.56,108.99,78.44,297.61,311.95,1.0
2018-08-18 11:30:00,89.55652,36.89926,943.169,272.44,83.6,527.5,9.8,-5.2,-53.85,109.16,78.12,297.25,311.65,109.17,78.39,297.61,311.98,1.0
2018-08-18 11:30:00,89.55652,36.89922,943.179,272.44,83.6,527.4,8.65,-5.07,-54.74,109.56,78.05,297.44,311.56,109.4,78.34,297.6,311.96,1.0
2018-08-18 11:30:00,89.55652,36.89919,943.212,272.44,83.5,527.2,5.98,-4.99,-55.83,109.49,78.26,297.35,311.67,109.64,78.29,297.56,311.91,1.0
2018-08-18 11:30:00,89.55652,36.89916,943.228,272.44,83.5,527.0,2.87,-5.12,-56.38,108.77,78.05,297.53,311.86,109.87,78.24,297.48,311.83,1.0
2018-08-18 11:30:00,89.55652,36.89912,943.142,272.43,83.5,527.8,1.1,-4.9,-54.78,109.1,77.98,297.35,311.58,110.03,78.19,297.42,311.74,1.0
2018-08-18 11:30:00,89.55652,36.89908,943.127,272.44,83.5,527.9,0.42,-4.86,-54.36,109.49,78.05,297.54,311.76,110.12,78.14,297.38,311.66,1.0
2018-08-18 11:30:00,89.55652,36.89904,943.172,272.44,83.5,527.5,-2.26,-4.97,-53.67,109.23,78.05,297.44,311.66,110.11,78.09,297.34,311.6,1.0
2018-08-18 11:30:00,89.55652,36.899,943.206,272.44,83.5,527.2,-4.9,-5.04,-52.73,109.75,78.12,297.29,311.76,110.01,78.03,297.31,311.57,1.0
2018-08-18 11:30:00,89.55652,36.89896,943.207,272.44,83.5,527.2,-5.16,-4.85,-51.55,109.62,78.05,296.74,311.77,109.85,77.98,297.3,311.58,1.0
2018-08-18 11:30:00,89.55652,36.89892,943.287,272.44,83.5,526.5,-1.53,-4.2,-50.18,109.29,78.19,297.0,311.77,109.65,77.92,297.28,311.61,1.0
2018-08-18 11:30:00,89.55651,36.89888,943.239,272.44,83.5,526.9,-1.82,-3.67,-49.78,109.56,78.05,297.41,311.77,109.44,77.88,297.16,311.6,1.0
2018-08-18 11:30:00,89.55651,36.89884,943.266,272.45,83.5,526.7,-1.83,-3.78,-49.26,109.03,78.05,297.36,311.48,109.27,77.85,297.06,311.59,1.0
2018-08-18 11:30:00,89.55651,36.8988,943.3,272.45,83.5,526.4,-1.58,-3.65,-48.95,109.95,77.92,297.54,311.58,109.15,77.84,297.02,311.57,1.0
2018-08-18 11:30:00,89.55651,36.89875,943.291,272.44,83.5,526.5,-0.46,-3.24,-48.91,109.75,78.26,297.35,311.58,109.11,77.86,297.03,311.54,1.0
2018-08-18 11:30:00,89.55651,36.89871,943.231,272.44,83.5,527.0,1.97,-2.91,-49.05,107.85,78.05,297.49,311.47,109.13,77.92,297.07,311.5,1.0
2018-08-18 11:30:00,89.55651,36.89866,943.321,272.45,83.5,526.3,4.4,-2.82,-49.08,110.21,77.98,296.23,311.06,109.2,78.0,297.08,311.42,1.0
2018-08-18 11:30:00,89.55651,36.89861,943.348,272.45,83.5,526.0,3.55,-3.03,-49.32,108.9,77.85,296.34,310.8,109.29,78.1,297.04,311.29,1.0
2018-08-18 11:30:00,89.55651,36.89856,943.338,272.45,83.5,526.1,2.82,-3.13,-49.92,109.1,78.05,296.91,310.47,109.38,78.21,296.99,311.13,1.0
2018-08-18 11:30:00,89.55651,36.89852,943.328,272.44,83.5,526.2,1.34,-3.02,-50.35,109.23,78.19,297.26,310.98,109.42,78.3,296.94,310.95,1.0
2018-08-18 11:30:00,89.55651,36.89847,943.355,272.45,83.5,526.0,-2.3,-2.85,-50.38,110.47,77.98,297.36,311.5,109.39,78.38,296.87,310.79,1.0
2018-08-18 11:30:00,89.5565,36.89842,943.403,272.45,83.5,525.6,-8.44,-3.08,-50.76,109.42,78.05,297.36,311.59,109.28,78.41,296.8,310.67,1.0
2018-08-18 11:30:00,89.5565,36.89838,943.319,272.45,83.5,526.3,-11.02,-2.92,-50.09,109.56,78.05,297.45,311.78,109.09,78.38,296.81,310.59,1.0
2018-08-18 11:30:00,89.5565,36.89833,943.308,272.45,83.5,526.4,-10.87,-2.85,-49.79,108.77,78.19,297.46,311.78,108.84,78.3,296.87,310.64,1.0
2018-08-18 11:30:00,89.5565,36.89828,943.34,272.45,83.5,526.1,-8.35,-2.71,-49.95,109.1,78.05,297.55,311.88,108.56,78.17,296.91,310.78,1.0
2018-08-18 11:30:00,89.5565,36.89823,943.37,272.45,83.5,525.8,-4.65,-2.51,-50.06,110.01,78.05,297.27,311.78,108.3,77.99,296.93,310.96,1.0
2018-08-18 11:30:00,89.5565,36.89819,943.389,272.45,83.5,525.7,-1.83,-2.46,-49.21,108.31,78.26,297.11,311.67,108.09,77.78,296.99,311.12,1.0
2018-08-18 11:30:00,89.5565,36.89814,943.37,272.45,83.5,525.8,-1.89,-2.52,-48.93,109.1,78.12,296.75,310.7,107.97,77.58,297.06,311.33,1.0
2018-08-18 11:30:00,89.5565,36.89808,943.438,272.45,83.5,525.3,-3.18,-2.35,-49.41,109.82,78.05,297.18,311.24,107.96,77.4,297.12,311.46,1.0
2018-08-18 11:30:00,89.5565,36.89802,943.468,272.45,83.5,525.0,-3.94,-2.3,-50.0,109.95,77.98,297.46,311.69,108.07,77.27,297.17,311.59,1.0
2018-08-18 11:30:00,89.5565,36.89796,943.464,272.45,83.5,525.1,-4.12,-2.47,-50.39,109.16,78.26,297.47,311.59,108.28,77.21,297.2,311.65,1.0
2018-08-18 11:30:00,89.5565,36.8979,943.506,272.45,83.5,524.7,-4.45,-2.8,-50.58,108.57,77.98,297.37,311.84,108.57,77.24,297.21,311.6,1.0
2018-08-18 11:30:00,89.5565,36.89784,943.509,272.45,83.5,524.7,-6.21,-2.93,-51.13,108.97,77.92,297.37,311.33,108.89,77.35,297.24,311.47,1.0
2018-08-18 11:30:00,89.5565,36.89778,943.457,272.45,83.5,525.1,-7.65,-2.64,-51.67,108.38,77.85,296.77,311.19,109.19,77.54,297.32,311.45,1.0
2018-08-18 11:30:00,89.5565,36.89772,943.475,272.45,83.5,525.0,-5.6,-2.59,-52.04,109.56,77.71,296.67,311.41,109.44,77.78,297.27,311.38,1.0
2018-08-18 11:30:00,89.55649,36.89766,943.498,272.45,83.5,524.8,-1.84,-2.71,-52.19,109.16,77.85,296.72,311.29,109.61,78.06,297.22,311.28,1.0
2018-08-18 11:30:00,89.55649,36.8976,943.475,272.45,83.5,525.0,2.24,-2.92,-52.17,108.64,77.85,296.49,310.52,109.68,78.33,297.19,311.2,1.0
2018-08-18 11:30:00,89.55649,36.89754,943.514,272.45,83.5,524.6,6.74,-3.19,-52.21,109.1,77.92,296.84,310.42,109.66,78.58,297.12,311.16,1.0
2018-08-18 11:30:00,89.55649,36.89748,943.495,272.45,83.5,524.8,7.16,-3.44,-53.24,110.41,78.12,297.35,311.2,109.57,78.78,296.98,311.09,1.0
2018-08-18 11:30:00,89.55649,36.89742,943.496,272.46,83.5,524.8,6.48,-3.38,-53.07,108.9,78.19,296.69,311.96,109.45,78.9,296.99,311.19,1.0
2018-08-18 11:30:00,89.55649,36.89736,943.494,272.46,83.5,524.8,5.06,-3.24,-52.41,109.49,78.05,297.07,311.81,109.33,78.95,297.06,311.31,1.0
2018-08-18 11:30:00,89.55649,36.8973,943.483,272.46,83.5,524.9,3.22,-2.93,-51.64,109.1,78.19,297.27,311.78,109.27,78.92,297.16,311.48,1.0
2018-08-18 11:30:00,89.55649,36.89723,943.499,272.46,83.5,524.8,1.26,-2.39,-50.86,109.23,78.12,297.16,311.69,109.28,78.83,297.28,311.73,1.0
2018-08-18 11:30:00,89.55649,36.89717,943.572,272.47,83.5,524.2,-0.34,-2.57,-49.32,108.97,78.05,295.92,310.74,109.37,78.68,297.37,311.98,1.0
2018-08-18 11:30:00,89.55649,36.8971,943.608,272.46,83.5,523.9,-2.24,-2.7,-49.6,109.16,78.12,297.0,311.42,109.53,78.52,297.38,312.12,1.0
2018-08-18 11:30:00,89.55649,36.89704,943.669,272.46,83.5,523.3,-4.32,-2.77,-49.43,109.16,78.12,297.48,311.41,109.74,78.35,297.48,312.15,1.0
2018-08-18 11:30:00,89.55648,36.89697,943.681,272.46,83.5,523.2,-5.41,-2.68,-49.28,108.97,78.19,297.4,311.6,109.94,78.2,297.56,312.13,1.0
2018-08-18 11:30:00,89.55648,36.89691,943.567,272.46,83.5,524.2,-5.44,-2.5,-49.89,109.29,78.05,297.49,311.51,110.08,78.09,297.58,312.08,1.0
2018-08-18 11:30:00,89.55648,36.89684,943.607,272.46,83.5,523.9,-7.81,-2.71,-50.92,108.97,78.26,297.47,311.89,110.13,78.02,297.61,312.05,1.0
2018-08-18 11:30:00,89.55648,36.89678,943.615,272.45,83.5,523.8,-5.93,-3.33,-52.13,109.42,78.05,297.03,311.52,110.05,78.0,297.7,312.04,1.0
2018-08-18 11:30:00,89.55648,36.89671,943.648,272.46,83.5,523.5,-5.73,-3.61,-52.86,109.03,78.05,297.32,311.14,109.82,78.01,297.67,311.96,1.0
2018-08-18 11:30:00,89.55648,36.89667,943.686,272.46,83.5,523.2,-8.06,-3.67,-53.47,110.67,78.05,297.5,310.8,109.46,78.05,297.59,311.85,1.0
2018-08-18 11:30:00,89.55648,36.89667,943.702,272.46,83.5,523.1,-12.19,-3.61,-53.91,109.23,78.12,297.58,311.04,109.0,78.09,297.5,311.75,1.0
2018-08-18 11:30:00,89.55648,36.89667,943.685,272.46,83.5,523.2,-16.48,-3.44,-53.71,109.36,78.12,297.3,311.82,108.51,78.12,297.4,311.65,1.0
2018-08-18 11:30:00,89.55648,36.89668,943.734,272.47,83.5,522.8,-18.0,-3.59,-53.09,108.77,78.26,297.49,311.62,108.03,78.13,297.32,311.58,1.0
2018-08-18 11:30:00,89.55648,36.89668,943.726,272.46,83.5,522.9,-16.57,-3.13,-52.44,109.56,78.05,297.58,311.91,107.65,78.11,297.31,311.55,1.0
2018-08-18 11:30:00,89.55648,36.89668,943.755,272.46,83.5,522.6,-15.57,-2.87,-51.43,109.62,78.12,297.48,311.82,107.42,78.05,297.28,311.58,1.0
2018-08-18 11:30:00,89.55648,36.89669,943.809,272.46,83.5,522.2,-14.98,-2.51,-50.25,108.57,78.05,297.67,311.82,107.36,77.95,297.26,311.64,1.0
2018-08-18 11:30:00,89.55648,36.89669,943.807,272.47,83.5,522.2,-13.76,-1.78,-49.12,109.29,78.05,297.48,311.62,107.5,77.83,297.25,311.69,1.0
2018-08-18 11:30:00,89.55648,36.89669,943.75,272.47,83.4,522.7,-10.67,-1.54,-47.68,108.84,78.12,297.39,311.81,107.82,77.7,297.26,311.69,1.0
2018-08-18 11:30:00,89.55648,36.8967,943.755,272.47,83.5,522.6,-9.0,-1.4,-46.52,109.49,78.26,297.39,312.01,108.28,77.58,297.15,311.62,1.0
2018-08-18 11:30:00,89.55648,36.8967,943.798,272.47,83.5,522.3,-8.76,-1.17,-45.34,108.31,78.05,297.39,311.72,108.84,77.48,297.03,311.66,1.0
2018-08-18 11:30:00,89.55648,36.8967,943.843,272.47,83.4,521.9,-9.15,-0.81,-44.66,108.84,78.12,297.48,311.82,109.44,77.43,296.98,311.7,1.0
2018-08-18 11:30:00,89.55648,36.89671,943.867,272.47,83.4,521.7,-9.62,-0.42,-44.61,108.38,77.92,297.48,311.52,110.01,77.42,296.98,311.65,1.0
2018-08-18 11:30:00,89.55647,36.89671,943.929,272.47,83.5,521.2,-10.15,-0.3,-44.49,108.97,78.05,297.3,311.66,110.52,77.47,296.9,311.53,1.0
2018-08-18 11:30:00,89.55647,36.89671,943.885,272.47,83.4,521.5,-10.41,-0.43,-45.6,109.23,77.98,295.98,310.88,110.92,77.56,296.83,311.38,1.0
2018-08-18 11:30:00,89.55647,36.89672,943.806,272.47,83.4,522.2,-9.92,-0.25,-46.01,109.88,77.98,295.63,312.29,111.2,77.69,296.8,311.3,1.0
2018-08-18 11:30:00,89.55647,36.89672,943.768,272.47,83.4,522.5,-7.91,-0.39,-46.28,109.88,77.92,296.6,312.18,111.36,77.85,296.74,311.27,1.0
2018-08-18 11:30:00,89.55647,36.89671,943.801,272.47,83.4,522.2,-5.58,-0.66,-46.61,109.23,78.05,297.04,311.33,111.39,78.0,296.67,311.27,1.0
2018-08-18 11:30:00,89.55647,36.8967,943.863,272.47,83.4,521.7,-5.15,-0.52,-46.99,109.75,77.85,296.28,310.88,111.33,78.13,296.61,311.27,1.0
2018-08-18 11:30:00,89.55647,36.8967,943.881,272.47,83.4,521.6,-8.02,-0.67,-47.63,108.9,77.78,296.41,310.35,111.17,78.22,296.53,311.27,1.0
2018-08-18 11:30:00,89.55647,36.89669,943.874,272.48,83.4,521.6,-12.0,-0.89,-48.14,108.7,78.05,297.03,311.33,110.95,78.25,296.64,311.32,1.0
2018-08-18 11:30:00,89.55647,36.89668,943.832,272.48,83.4,522.0,-12.94,-1.16,-48.59,109.69,78.12,297.41,311.74,110.68,78.24,296.81,311.31,1.0
2018-08-18 11:30:00,89.55646,36.89667,943.784,272.48,83.4,522.4,-10.35,-1.39,-49.02,109.36,78.12,297.04,311.86,110.38,78.18,296.93,311.33,1.0
2018-08-18 11:30:00,89.55646,36.89667,943.77,272.48,83.4,522.5,-5.48,-1.46,-49.35,110.08,78.12,297.23,311.94,110.06,78.09,297.0,311.41,1.0
2018-08-18 11:30:00,89.55646,36.89666,943.846,272.48,83.4,521.9,-1.2,-1.34,-49.25,109.62,78.12,296.79,311.8,109.75,77.98,297.11,311.47,1.0
2018-08-18 11:30:00,89.55646,36.89665,943.854,272.48,83.4,521.8,-0.85,-1.47,-48.8,108.97,77.98,297.42,311.3,109.46,77.88,297.26,311.67,1.0
2018-08-18 11:30:00,89.55646,36.89664,943.889,272.48,83.4,521.5,-4.58,-1.97,-49.54,109.88,78.12,297.58,311.3,109.21,77.8,297.3,311.64,1.0
2018-08-18 11:30:00,89.55646,36.89662,943.922,272.48,83.4,521.2,-8.23,-2.62,-50.49,109.69,77.98,297.41,311.83,109.02,77.77,297.33,311.54,1.0
2018-08-18 11:30:00,89.55646,36.89661,943.927,272.48,83.4,521.2,-10.66,-3.16,-51.04,110.14,78.12,297.48,311.4,108.91,77.78,297.36,311.45,1.0
2018-08-18 11:30:00,89.55646,36.89659,943.975,272.48,83.4,520.8,-14.68,-3.37,-51.39,109.42,77.71,296.77,310.39,108.88,77.84,297.34,311.3,1.0
2018-08-18 11:30:00,89.55646,36.89658,943.92,272.48,83.4,521.3,-17.7,-3.2,-51.59,109.1,77.71,297.28,311.78,108.94,77.93,297.32,311.19,1.0
2018-08-18 11:30:00,89.55646,36.89656,943.93,272.48,83.4,521.2,-16.78,-2.68,-50.81,109.03,77.92,296.63,310.47,109.06,78.04,297.24,311.07,1.0
2018-08-18 11:30:00,89.55645,36.89655,943.907,272.48,83.4,521.4,-13.9,-1.78,-49.39,108.97,78.12,297.01,310.68,109.22,78.14,297.11,310.91,1.0
2018-08-18 11:30:00,89.55645,36.89654,943.873,272.49,83.4,521.6,-11.16,-1.05,-48.04,110.28,78.19,297.46,311.6,109.37,78.22,296.99,310.77,1.0
2018-08-18 11:30:00,89.55645,36.89652,943.989,272.48,83.4,520.7,-10.39,-1.16,-47.53,109.23,78.12,297.4,311.23,109.48,78.25,296.9,310.73,1.0
2018-08-18 11:30:00,89.55645,36.8965,944.028,272.49,83.4,520.3,-10.94,-1.16,-47.13,108.9,77.85,297.52,312.09,109.52,78.22,296.9,310.82,1.0
2018-08-18 11:30:00,89.55645,36.89649,944.037,272.48,83.4,520.3,-13.6,-1.0,-47.03,108.9,78.19,297.47,311.4,109.46,78.14,296.88,310.83,1.0
2018-08-18 11:30:00,89.55645,36.89648,944.017,272.49,83.4,520.4,-16.19,-0.6,-46.52,109.75,77.92,297.62,311.02,109.3,78.02,297.01,311.0,1.0
2018-08-18 11:30:00,89.55645,36.89644,944.014,272.5,83.4,520.5,-17.46,-0.3,-46.04,109.36,77.98,297.4,311.25,109.05,77.87,297.18,311.16,1.0
2018-08-18 11:30:00,89.55645,36.8964,944.054,272.5,83.4,520.1,-17.52,-0.25,-45.84,110.86,78.05,297.6,311.85,108.76,77.71,297.29,311.28,1.0
2018-08-18 11:30:00,89.55645,36.89635,944.036,272.49,83.4,520.3,-18.56,-0.24,-45.5,109.75,78.12,297.6,311.75,108.47,77.59,297.29,311.48,1.0
2018-08-18 11:30:00,89.55645,36.89631,944.03,272.5,83.4,520.3,-19.52,-0.67,-45.87,109.36,78.19,297.41,311.57,108.24,77.51,297.45,311.58,1.0
2018-08-18 11:30:00,89.55645,36.89627,944.06,272.49,83.4,520.1,-18.89,-1.09,-45.78,108.64,77.92,297.94,311.82,108.11,77.49,297.61,311.68,1.0
2018-08-18 11:30:00,89.55644,36.89623,944.078,272.49,83.4,519.9,-18.2,-1.5,-45.76,109.16,77.92,297.83,310.96,108.12,77.55,297.7,311.76,1.0
2018-08-18 11:30:00,89.55644,36.89618,944.067,272.49,83.4,520.0,-17.16,-1.8,-45.9,109.1,77.78,297.0,311.12,108.28,77.67,297.72,311.74,1.0
2018-08-18 11:30:00,89.55644,36.89614,944.066,272.49,83.4,520.0,-13.95,-1.81,-45.89,108.38,77.71,295.73,311.25,108.57,77.84,297.7,311.58,1.0
2018-08-18 11:30:00,89.55644,36.8961,944.024,272.48,83.4,520.4,-11.15,-1.64,-45.16,109.95,77.98,297.53,311.3,108.94,78.04,297.64,311.45,1.0
2018-08-18 11:30:00,89.55644,36.89606,944.075,272.49,83.4,520.0,-8.2,-2.14,-45.42,109.56,78.05,298.09,311.67,109.35,78.24,297.56,311.31,1.0
2018-08-18 11:30:00,89.55644,36.89602,944.107,272.49,83.4,519.7,-7.06,-2.36,-45.75,108.51,77.92,297.72,311.87,109.71,78.41,297.43,311.19,1.0
2018-08-18 11:30:00,89.55644,36.89597,944.097,272.5,83.4,519.8,-7.85,-2.68,-47.37,109.36,77.92,297.5,311.38,109.98,78.54,297.32,311.14,1.0
2018-08-18 11:30:00,89.55644,36.89594,944.111,272.49,83.4,519.7,-9.38,-3.5,-50.72,108.97,78.05,297.23,311.41,110.1,78.61,297.3,311.15,1.0
2018-08-18 11:30:00,89.55644,36.89592,944.057,272.49,83.4,520.1,-8.33,-3.36,-49.52,109.88,78.05,297.23,311.57,110.07,78.61,297.45,311.17,1.0
2018-08-18 11:30:00,89.55644,36.89589,944.126,272.49,83.4,519.5,-7.85,-3.27,-49.13,109.56,78.12,297.41,311.67,109.88,78.57,297.46,311.25,1.0
2018-08-18 11:30:00,89.55644,36.89587,944.147,272.49,83.4,519.4,-7.0,-3.19,-49.06,109.29,77.98,297.5,311.67,109.59,78.48,297.49,311.38,1.0
2018-08-18 11:30:00,89.55644,36.89585,944.146,272.49,83.4,519.4,-7.23,-3.4,-48.81,109.36,78.12,297.5,311.67,109.24,78.38,297.56,311.48,1.0
2018-08-18 11:30:00,89.55644,36.89582,944.158,272.5,83.4,519.3,-8.91,-3.72,-48.29,109.36,78.12,297.5,311.86,108.91,78.27,297.67,311.6,1.0
2018-08-18 11:30:00,89.55644,36.8958,944.141,272.5,83.4,519.4,-11.17,-3.54,-47.81,109.69,78.19,297.61,311.68,108.66,78.18,297.76,311.78,1.0
2018-08-18 11:30:00,89.55644,36.89578,944.239,272.5,83.4,518.6,-11.28,-3.23,-49.05,109.82,77.98,297.7,311.86,108.52,78.11,297.82,311.84,1.0
2018-08-18 11:30:00,89.55644,36.89576,944.201,272.5,83.4,518.9,-9.85,-3.26,-49.28,109.16,77.98,297.42,311.77,108.54,78.07,297.85,311.89,1.0
2018-08-18 11:30:00,89.55644,36.89573,944.17,272.5,83.4,519.2,-9.21,-3.42,-49.46,108.57,78.05,297.43,311.2,108.69,78.06,297.83,311.89,1.0
2018-08-18 11:30:00,89.55643,36.89571,944.19,272.5,83.4,519.0,-8.82,-3.51,-49.51,108.84,77.92,297.52,311.27,108.94,78.06,297.79,311.85,1.0
2018-08-18 11:30:00,89.55643,36.89569,944.194,272.5,83.4,519.0,-7.11,-3.38,-49.01,108.77,78.19,297.51,311.51,109.25,78.06,297.72,311.76,1.0
2018-08-18 11:30:00,89.55643,36.89567,944.266,272.5,83.4,518.4,-5.0,-3.21,-48.87,109.75,77.85,297.41,311.18,109.55,78.06,297.63,311.58,1.0
2018-08-18 11:30:00,89.55643,36.8957,944.22,272.5,83.4,518.8,-2.46,-3.32,-48.73,108.51,78.26,297.42,311.1,109.79,78.03,297.55,311.41,1.0
2018-08-18 11:30:00,89.55643,36.89572,944.228,272.5,83.4,518.7,-0.31,-3.21,-48.68,109.62,78.05,297.43,311.69,109.93,77.97,297.49,311.27,1.0
2018-08-18 11:30:00,89.55643,36.89575,944.281,272.51,83.4,518.2,-0.07,-3.1,-48.47,109.69,78.05,297.72,311.59,109.95,77.9,297.48,311.19,1.0
2018-08-18 11:30:00,89.55643,36.89578,944.283,272.51,83.4,518.2,-1.5,-3.13,-48.09,109.56,78.12,297.44,311.38,109.86,77.81,297.56,311.15,1.0
2018-08-18 11:30:00,89.55643,36.89581,944.285,272.5,83.4,518.2,-1.45,-3.01,-48.03,109.75,78.12,297.44,310.62,109.7,77.72,297.65,311.1,1.0
2018-08-18 11:30:00,89.55643,36.89584,944.25,272.5,83.4,518.5,-5.15,-3.05,-47.84,109.69,78.05,297.62,311.02,109.51,77.65,297.67,311.19,1.0
2018-08-18 11:30:00,89.55643,36.89587,944.281,272.51,83.4,518.2,-4.65,-3.2,-47.76,109.49,77.98,297.61,311.06,109.34,77.61,297.69,311.26,1.0
2018-08-18 11:30:00,89.55643,36.8959,944.328,272.51,83.4,517.8,-2.48,-3.04,-47.6,108.9,78.12,297.9,311.17,109.23,77.6,297.73,311.34,1.0
2018-08-18 11:30:00,89.55642,36.89593,944.332,272.5,83.4,517.8,-0.06,-2.76,-47.35,108.7,77.85,298.57,310.48,109.23,77.64,297.78,311.42,1.0
2018-08-18 11:30:00,89.55642,36.89596,944.251,272.5,83.4,518.5,2.42,-2.96,-47.14,108.64,77.85,298.17,310.74,109.33,77.73,297.81,311.49,1.0
2018-08-18 11:30:00,89.55642,36.89599,944.321,272.5,83.4,517.9,3.17,-2.73,-46.87,109.56,77.92,297.5,311.64,109.54,77.85,297.8,311.62,1.0
2018-08-18 11:30:00,89.55642,36.89601,944.366,272.5,83.4,517.5,4.11,-2.94,-46.4,109.56,78.12,297.42,311.99,109.82,78.0,297.79,311.72,1.0
2018-08-18 11:30:00,89.55642,36.89604,944.369,272.5,83.4,517.5,1.97,-2.96,-46.03,109.29,77.92,297.91,311.89,110.14,78.16,297.79,311.79,1.0
2018-08-18 11:30:00,89.55642,36.89607,944.359,272.5,83.4,517.6,-0.53,-2.81,-45.82,109.88,77.98,298.2,311.7,110.45,78.31,297.75,311.85,1.0
2018-08-18 11:30:00,89.55642,36.89609,944.372,272.51,83.4,517.5,-0.88,-2.64,-45.74,109.49,77.98,297.81,311.6,110.71,78.44,297.66,311.91,1.0
2018-08-18 11:30:00,89.55642,36.89612,944.385,272.51,83.4,517.4,0.48,-2.51,-45.75,109.36,78.05,297.24,311.7,110.89,78.53,297.59,311.98,1.0
2018-08-18 11:30:00,89.55642,36.89614,944.372,272.51,83.3,517.5,0.53,-2.42,-46.24,109.36,77.92,297.33,311.9,110.99,78.58,297.61,311.97,1.0
2018-08-18 11:30:00,89.55642,36.89616,944.366,272.51,83.4,517.5,0.76,-2.51,-46.74,109.29,78.12,297.86,311.89,111.01,78.59,297.63,311.96,1.0
2018-08-18 11:30:00,89.55642,36.89618,944.398,272.51,83.4,517.3,1.72,-2.53,-47.08,109.42,78.19,297.56,311.8,110.95,78.56,297.63,311.94,1.0
2018-08-18 11:30:00,89.55641,36.8962,944.447,272.51,83.3,516.9,3.01,-2.45,-47.16,109.69,78.05,297.72,311.89,110.85,78.49,297.59,311.91,1.0
2018-08-18 11:30:00,89.55641,36.89622,944.382,272.51,83.3,517.4,3.29,-2.52,-46.89,109.82,78.26,297.36,311.89,110.72,78.4,297.55,311.88,1.0
2018-08-18 11:30:00,89.55641,36.89624,944.404,272.51,83.3,517.2,2.21,-2.18,-47.03,109.75,77.98,297.54,311.7,110.58,78.28,297.53,311.85,1.0
2018-08-18 11:30:00,89.55641,36.89627,944.445,272.51,83.3,516.9,1.86,-1.82,-47.8,110.14,78.05,297.64,311.8,110.45,78.16,297.5,311.81,1.0
2018-08-18 11:30:00,89.55641,36.89627,944.495,272.51,83.3,516.5,0.46,-1.95,-49.71,109.42,78.12,297.35,311.7,110.32,78.04,297.45,311.76,1.0
2018-08-18 11:30:00,89.55641,36.89626,944.53,272.51,83.3,516.2,-1.62,-2.22,-51.38,109.49,78.05,297.44,311.61,110.21,77.92,297.4,311.7,1.0
2018-08-18 11:30:00,89.55641,36.89626,944.522,272.51,83.3,516.2,-3.27,-2.18,-51.58,109.75,78.12,297.44,311.62,110.09,77.82,297.37,311.65,1.0
2018-08-18 11:30:00,89.55641,36.89625,944.467,272.52,83.3,516.7,-4.99,-2.55,-52.82,109.95,78.05,297.45,311.91,109.97,77.74,297.36,311.6,1.0
2018-08-18 11:30:00,89.55641,36.89624,944.537,272.52,83.3,516.1,-5.21,-2.46,-52.71,109.36,78.19,297.55,312.0,109.86,77.69,297.37,311.57,1.0
2018-08-18 11:30:00,89.55641,36.89623,944.536,272.52,83.3,516.1,-3.52,-2.24,-52.49,109.69,77.92,297.54,311.8,109.77,77.68,297.4,311.55,1.0
2018-08-18 11:30:00,89.5564,36.89623,944.492,272.52,83.3,516.5,-0.74,-2.03,-51.95,109.69,78.12,297.64,311.8,109.71,77.69,297.48,311.51,1.0
2018-08-18 11:30:00,89.5564,36.89622,944.479,272.52,83.3,516.6,1.68,-1.94,-51.18,110.01,77.98,297.64,311.81,109.69,77.75,297.6,311.48,1.0
2018-08-18 11:30:00,89.5564,36.89621,944.492,272.52,83.3,516.5,1.5,-2.03,-50.95,109.95,77.98,297.46,311.71,109.74,77.83,297.73,311.52,1.0
2018-08-18 11:30:00,89.5564,36.8962,944.477,272.52,83.3,516.6,0.16,-2.03,-49.97,109.42,78.12,297.46,311.71,109.86,77.94,297.77,311.46,1.0
2018-08-18 11:30:00,89.5564,36.8962,944.519,272.52,83.3,516.3,1.44,-1.75,-50.17,109.95,78.12,297.55,311.71,110.04,78.07,297.8,311.4,1.0
2018-08-18 11:30:00,89.5564,36.89619,944.565,272.52,83.3,515.9,3.6,-1.55,-50.47,109.69,77.92,297.75,311.52,110.26,78.21,297.8,311.36,1.0
2018-08-18 11:30:00,89.5564,36.89618,944.591,272.51,83.3,515.7,5.04,-1.55,-50.69,109.95,77.71,297.99,311.26,110.5,78.34,297.78,311.34,1.0
2018-08-18 11:30:00,89.5564,36.89618,944.64,272.52,83.3,515.2,4.35,-1.67,-51.13,109.36,78.12,298.1,311.76,110.72,78.45,297.75,311.35,1.0
2018-08-18 11:30:00,89.5564,36.89617,944.561,272.52,83.3,515.9,1.65,-1.77,-50.97,109.42,77.98,297.52,310.58,110.88,78.54,297.72,311.36,1.0
2018-08-18 11:30:00,89.5564,36.89616,944.586,272.52,83.3,515.7,1.03,-1.9,-50.98,109.75,78.19,297.56,311.06,110.94,78.59,297.69,311.37,1.0
2018-08-18 11:30:00,89.5564,36.89616,944.651,272.52,83.3,515.2,0.69,-2.12,-51.38,110.08,78.12,297.47,310.98,110.89,78.61,297.68,311.38,1.0
2018-08-18 11:30:00,89.5564,36.89615,944.69,272.52,83.3,514.8,0.33,-2.23,-51.91,109.69,78.19,297.57,311.2,110.73,78.59,297.67,311.4,1.0
2018-08-18 11:30:00,89.5564,36.89614,944.657,272.52,83.3,515.1,0.24,-2.11,-52.22,109.88,78.12,297.67,311.91,110.48,78.55,297.66,311.39,1.0
2018-08-18 11:30:00,89.55639,36.89614,944.619,272.52,83.3,515.4,2.64,-2.09,-51.68,110.41,78.19,297.57,311.71,110.17,78.49,297.73,311.39,1.0
2018-08-18 11:30:00,89.55639,36.89613,944.586,272.52,83.3,515.7,7.09,-2.21,-50.61,110.28,78.12,297.48,311.73,109.84,78.42,297.81,311.36,1.0
2018-08-18 11:30:00,89.55639,36.89612,944.616,272.52,83.3,515.4,12.96,-2.51,-49.31,110.67,78.12,297.58,311.63,109.54,78.35,297.89,311.41,1.0
2018-08-18 11:30:00,89.55639,36.89612,944.679,272.52,83.3,514.9,17.09,-2.71,-48.15,109.49,78.19,297.48,311.36,109.3,78.28,297.96,311.49,1.0
2018-08-18 11:30:00,89.55639,36.89611,944.705,272.52,83.3,514.7,17.45,-2.72,-47.4,110.01,78.05,297.83,310.76,109.15,78.23,298.01,311.53,1.0
2018-08-18 11:30:00,89.55639,36.8961,944.654,272.52,83.3,515.1,16.09,-3.12,-47.14,109.03,78.12,298.41,311.86,109.1,78.18,298.03,311.52,1.0
2018-08-18 11:30:00,89.55639,36.89609,944.739,272.52,83.3,514.4,14.54,-3.18,-46.3,110.14,78.05,297.54,310.3,109.11,78.14,298.02,311.5,1.0
2018-08-18 11:30:00,89.55639,36.89605,944.746,272.53,83.3,514.4,12.66,-2.97,-46.17,108.97,78.26,297.64,311.2,109.17,78.11,297.99,311.48,1.0
2018-08-18 11:30:00,89.55639,36.89601,944.714,272.53,83.3,514.6,12.94,-2.95,-46.2,110.41,78.12,297.55,312.02,109.23,78.07,297.93,311.45,1.0
2018-08-18 11:30:00,89.55638,36.89596,944.706,272.52,83.3,514.7,14.22,-3.15,-46.28,109.75,78.12,297.56,311.73,109.24,78.03,297.86,311.46,1.0
2018-08-18 11:30:00,89.55638,36.89592,944.764,272.53,83.3,514.2,14.61,-3.41,-46.57,108.77,78.12,297.47,311.93,109.18,77.99,297.77,311.52,1.0
2018-08-18 11:30:00,89.55638,36.89588,944.738,272.52,83.3,514.4,13.19,-3.39,-47.33,110.28,78.12,297.66,311.74,109.04,77.94,297.63,311.52,1.0
2018-08-18 11:30:00,89.55638,36.89584,944.722,272.53,83.3,514.6,12.49,-2.56,-46.86,110.14,78.26,297.47,311.73,108.82,77.9,297.58,311.67,1.0
2018-08-18 11:30:00,89.55638,36.8958,944.714,272.53,83.3,514.6,12.68,-2.54,-46.82,110.54,78.19,297.85,311.92,108.55,77.87,297.55,311.64,1.0
2018-08-18 11:30:00,89.55638,36.89575,944.752,272.52,83.3,514.3,12.83,-2.81,-47.4,109.88,78.05,297.57,311.73,108.27,77.86,297.46,311.54,1.0
2018-08-18 11:30:00,89.55638,36.89571,944.836,272.53,83.3,513.6,13.23,-2.88,-48.15,109.75,78.05,297.75,311.82,108.03,77.87,297.34,311.48,1.0
2018-08-18 11:30:00,89.55638,36.89567,944.824,272.53,83.3,513.7,15.92,-2.71,-48.05,108.7,78.12,297.65,311.83,107.88,77.9,297.33,311.5,1.0
2018-08-18 11:30:00,89.55638,36.89563,944.817,272.53,83.3,513.8,15.65,-2.97,-48.66,109.49,78.05,297.75,311.74,107.85,77.96,297.32,311.5,1.0
2018-08-18 11:30:00,89.55638,36.89558,944.805,272.53,83.3,513.9,15.29,-3.16,-48.55,109.88,78.12,297.58,310.78,107.97,78.03,297.3,311.5,1.0
2018-08-18 11:30:00,89.55637,36.89553,944.832,272.53,83.3,513.6,15.46,-3.3,-48.36,108.84,77.85,296.62,310.25,108.23,78.11,297.28,311.47,1.0
2018-08-18 11:30:00,89.55637,36.89549,944.879,272.53,83.3,513.2,15.1,-3.39,-48.0,109.29,78.05,296.46,310.61,108.6,78.2,297.25,311.44,1.0
2018-08-18 11:30:00,89.55637,36.89544,944.789,272.53,83.3,514.0,12.45,-3.4,-47.05,109.23,78.19,297.47,311.74,109.05,78.27,297.22,311.39,1.0
2018-08-18 11:30:00,89.55637,36.89539,944.805,272.53,83.3,513.9,10.96,-3.22,-46.74,109.16,78.05,297.57,311.74,109.52,78.32,297.18,311.29,1.0
2018-08-18 11:30:00,89.55637,36.89534,944.829,272.53,83.3,513.7,8.88,-3.16,-45.58,109.88,78.33,297.48,311.74,109.97,78.35,297.16,311.21,1.0
2018-08-18 11:30:00,89.55637,36.8953,944.901,272.53,83.3,513.1,9.13,-3.16,-44.56,109.56,78.12,297.76,311.74,110.34,78.35,297.17,311.23,1.0
2018-08-18 11:30:00,89.55637,36.89525,944.967,272.53,83.3,512.5,10.51,-3.06,-43.84,110.21,78.12,297.49,311.74,110.62,78.35,297.29,311.3,1.0
2018-08-18 11:30:00,89.55637,36.8952,944.939,272.54,83.3,512.7,11.76,-2.83,-43.42,108.44,78.12,297.54,311.6,110.79,78.33,297.46,311.37,1.0
2018-08-18 11:30:00,89.55637,36.89516,944.827,272.53,83.3,513.7,14.06,-2.74,-43.34,109.75,78.05,297.28,311.03,110.85,78.31,297.52,311.37,1.0
2018-08-18 11:30:00,89.55637,36.89511,944.892,272.53,83.3,513.1,13.97,-2.95,-43.59,109.82,78.19,297.44,311.16,110.82,78.31,297.57,311.4,1.0
2018-08-18 11:30:00,89.55637,36.89506,944.945,272.53,83.2,512.7,13.24,-2.8,-44.3,109.75,78.12,297.44,311.09,110.73,78.33,297.61,311.43,1.0
2018-08-18 11:30:00,89.55637,36.89501,944.968,272.53,83.2,512.5,12.58,-2.66,-45.14,109.36,78.12,297.58,311.1,110.59,78.36,297.61,311.44,1.0
2018-08-18 11:30:00,89.55637,36.89497,944.965,272.53,83.3,512.5,12.67,-2.63,-45.75,109.88,78.12,297.48,311.16,110.43,78.4,297.64,311.44,1.0
2018-08-18 11:30:00,89.55637,36.89492,944.913,272.53,83.2,513.0,13.91,-2.61,-45.87,110.34,78.12,297.38,311.65,110.27,78.45,297.7,311.43,1.0
2018-08-18 11:30:00,89.55636,36.89487,944.892,272.53,83.3,513.1,13.01,-3.09,-46.59,109.29,78.05,297.5,311.92,110.1,78.48,297.65,311.47,1.0
2018-08-18 11:30:00,89.55636,36.89486,944.945,272.54,83.2,512.7,12.67,-2.76,-46.57,109.03,78.33,297.31,311.66,109.92,78.49,297.58,311.48,1.0
2018-08-18 11:30:00,89.55636,36.89486,944.978,272.54,83.2,512.4,12.82,-2.44,-47.04,109.88,78.26,297.68,311.95,109.74,78.46,297.55,311.49,1.0
2018-08-18 11:30:00,89.55636,36.89486,944.988,272.54,83.2,512.3,11.96,-2.48,-48.0,109.88,78.12,298.12,311.67,109.55,78.38,297.56,311.52,1.0
2018-08-18 11:30:00,89.55636,36.89485,945.034,272.54,83.2,512.0,9.23,-2.8,-48.81,109.69,78.26,298.96,311.68,109.35,78.25,297.56,311.56,1.0
2018-08-18 11:30:00,89.55636,36.89485,945.021,272.54,83.2,512.1,8.15,-2.4,-48.39,110.14,78.19,297.59,311.86,109.17,78.09,297.6,311.61,1.0
2018-08-18 11:30:00,89.55636,36.89485,945.052,272.54,83.2,511.8,5.92,-2.57,-47.69,109.42,78.26,297.86,311.76,109.02,77.91,297.68,311.65,1.0
2018-08-18 11:30:00,89.55636,36.89485,945.073,272.54,83.2,511.6,4.38,-2.88,-47.58,110.14,78.05,298.15,311.76,108.92,77.74,297.79,311.82,1.0
2018-08-18 11:30:00,89.55636,36.89484,945.085,272.54,83.2,511.5,4.33,-3.04,-47.65,109.03,78.33,298.12,311.78,108.9,77.59,297.86,311.95,1.0
2018-08-18 11:30:00,89.55636,36.89484,945.119,272.54,83.2,511.2,5.35,-2.96,-47.65,110.28,78.05,297.73,311.82,108.96,77.49,297.86,311.96,1.0
2018-08-18 11:30:00,89.55636,36.89484,945.199,272.54,83.2,510.6,5.84,-2.91,-47.8,108.97,78.19,297.7,311.87,109.11,77.46,297.84,311.96,1.0
2018-08-18 11:30:00,89.55636,36.89484,945.14,272.54,83.2,511.1,6.13,-3.2,-47.65,109.69,78.26,297.68,311.87,109.33,77.51,297.94,311.96,1.0
2018-08-18 11:30:00,89.55636,36.89483,945.11,272.55,83.2,511.3,7.18,-3.09,-48.06,108.97,78.12,297.6,312.78,109.59,77.63,297.95,311.94,1.0
2018-08-18 11:30:00,89.55636,36.89483,945.103,272.55,83.2,511.4,6.98,-3.33,-49.07,109.69,77.92,297.03,312.54,109.84,77.81,297.85,311.89,1.0
2018-08-18 11:30:00,89.55636,36.89483,945.103,272.54,83.2,511.4,5.95,-3.78,-50.25,110.14,77.85,296.54,311.25,110.03,78.03,297.69,311.82,1.0
2018-08-18 11:30:00,89.55636,36.89482,945.102,272.54,83.2,511.4,5.74,-3.84,-50.88,108.9,77.92,297.5,311.04,110.13,78.26,297.53,311.74,1.0
2018-08-18 11:30:00,89.55636,36.89482,945.062,272.54,83.2,511.7,5.55,-3.71,-50.98,109.69,77.98,297.92,311.52,110.1,78.48,297.34,311.64,1.0
2018-08-18 11:30:00,89.55636,36.89482,945.118,272.54,83.2,511.3,5.66,-3.93,-51.48,110.14,78.26,297.58,311.44,109.93,78.65,297.19,311.58,1.0
2018-08-18 11:30:00,89.55636,36.89481,945.196,272.54,83.2,510.6,6.01,-4.02,-52.11,109.88,78.33,297.6,311.95,109.64,78.76,297.1,311.42,1.0
2018-08-18 11:30:00,89.55636,36.89481,945.225,272.54,83.2,510.4,4.71,-4.11,-52.57,109.56,77.92,297.65,311.99,109.26,78.79,297.11,311.35,1.0
2018-08-18 11:30:00,89.55636,36.8948,945.173,272.55,83.2,510.8,1.12,-4.26,-52.52,109.23,78.33,297.51,311.76,108.85,78.75,297.19,311.43,1.0
2018-08-18 11:30:00,89.55636,36.8948,945.166,272.54,83.2,510.9,-1.63,-3.84,-51.37,110.08,78.19,297.1,311.94,108.48,78.64,297.24,311.53,1.0
2018-08-18 11:30:00,89.55636,36.8948,945.199,272.54,83.2,510.6,-3.49,-4.08,-51.04,109.95,78.33,297.37,311.66,108.23,78.49,297.28,311.64,1.0
2018-08-18 11:30:00,89.55636,36.89477,945.242,272.54,83.2,510.2,-2.2,-4.01,-50.08,109.29,78.12,297.45,311.76,108.13,78.32,297.27,311.67,1.0
2018-08-18 11:30:00,89.55636,36.89474,945.263,272.54,83.2,510.0,0.14,-3.91,-49.11,109.56,78.26,297.7,311.86,108.24,78.15,297.3,311.61,1.0
2018-08-18 11:30:00,89.55636,36.89472,945.248,272.55,83.2,510.2,2.14,-3.95,-48.45,109.1,78.26,297.88,311.96,108.53,78.0,297.4,311.48,1.0
2018-08-18 11:30:00,89.55636,36.89469,945.221,272.55,83.2,510.4,3.83,-4.08,-47.96,109.49,78.19,297.6,311.65,109.0,77.89,297.46,311.35,1.0
2018-08-18 11:30:00,89.55636,36.89467,945.29,272.55,83.2,509.8,4.3,-4.02,-48.01,109.49,78.19,297.51,311.96,109.56,77.82,297.52,311.35,1.0
2018-08-18 11:30:00,89.55636,36.89464,945.294,272.55,83.2,509.8,4.82,-3.96,-48.55,108.77,77.98,296.26,310.52,110.16,77.81,297.51,311.3,1.0
2018-08-18 11:30:00,89.55636,36.89461,945.286,272.55,83.2,509.9,4.81,-4.01,-49.6,108.84,78.12,296.43,309.76,110.7,77.83,297.46,311.21,1.0
2018-08-18 11:30:00,89.55636,36.89458,945.3,272.55,83.2,509.7,3.87,-4.11,-50.57,109.42,77.98,297.6,309.56,111.09,77.89,297.38,311.09,1.0
2018-08-18 11:30:00,89.55636,36.89456,945.327,272.55,83.2,509.5,2.1,-4.15,-50.98,110.14,78.12,297.52,310.06,111.28,77.96,297.3,310.99,1.0
2018-08-18 11:30:00,89.55636,36.89453,945.321,272.55,83.2,509.6,0.51,-4.3,-51.39,110.28,78.12,297.61,311.62,111.23,78.04,297.23,310.91,1.0
2018-08-18 11:30:00,89.55636,36.89451,945.303,272.55,83.2,509.7,0.55,-4.58,-51.56,109.36,78.26,297.61,311.69,110.94,78.12,297.2,310.84,1.0
2018-08-18 11:30:00,89.55636,36.89448,945.323,272.55,83.2,509.5,1.97,-4.68,-52.19,109.75,78.26,297.51,311.26,110.45,78.19,297.34,310.88,1.0
2018-08-18 11:30:00,89.55636,36.89447,945.318,272.55,83.2,509.6,4.63,-4.68,-52.61,110.01,78.05,297.61,311.55,109.8,78.25,297.49,311.04,1.0
2018-08-18 11:30:00,89.55636,36.89447,945.256,272.55,83.2,510.1,7.43,-4.64,-52.42,109.95,78.19,297.61,311.88,109.09,78.3,297.59,311.28,1.0
2018-08-18 11:30:00,89.55636,36.89447,945.391,272.55,83.2,509.0,8.26,-4.58,-52.08,110.01,78.12,297.79,312.17,108.39,78.34,297.67,311.51,1.0
2018-08-18 11:30:00,89.55636,36.89447,945.393,272.55,83.2,509.0,6.91,-4.98,-51.15,109.56,78.12,297.51,311.75,107.8,78.37,297.77,311.61,1.0
2018-08-18 11:30:00,89.55636,36.89447,945.389,272.55,83.2,509.0,7.47,-4.91,-50.94,109.36,78.05,297.62,311.38,107.38,78.41,297.85,311.71,1.0
2018-08-18 11:30:00,89.55636,36.89448,945.387,272.55,83.2,509.0,7.95,-4.67,-51.3,109.49,78.12,297.86,311.44,107.16,78.45,297.93,311.82,1.0
2018-08-18 11:30:00,89.55636,36.89448,945.396,272.55,83.2,508.9,6.98,-4.57,-51.9,108.9,78.12,297.92,311.83,107.17,78.49,297.98,311.92,1.0
2018-08-18 11:30:00,89.55636,36.89448,945.418,272.56,83.2,508.8,4.81,-4.76,-52.25,109.1,78.26,297.6,311.69,107.38,78.52,298.01,311.98,1.0
2018-08-18 11:30:00,89.55636,36.89448,945.423,272.56,83.2,508.7,3.91,-4.62,-53.01,109.42,78.33,297.61,311.78,107.76,78.54,298.03,312.01,1.0
2018-08-18 11:30:00,89.55636,36.89448,945.405,272.56,83.2,508.9,4.28,-4.74,-53.11,109.75,78.19,297.62,311.78,108.26,78.56,298.02,312.02,1.0
2018-08-18 11:30:00,89.55636,36.89448,945.392,272.56,83.2,509.0,3.72,-4.79,-52.94,108.7,78.12,297.53,311.78,108.8,78.55,297.98,312.01,1.0
2018-08-18 11:30:00,89.55636,36.89448,945.388,272.56,83.2,509.0,3.48,-4.62,-52.69,109.36,78.05,297.72,311.68,109.33,78.54,297.91,311.98,1.0
2018-08-18 11:30:00,89.55636,36.89448,945.397,272.56,83.2,508.9,4.34,-4.37,-52.38,108.9,78.33,297.53,311.68,109.79,78.5,297.85,311.93,1.0
2018-08-18 11:30:00,89.55635,36.89447,945.493,272.56,83.2,508.1,4.75,-4.59,-51.83,109.69,78.26,297.63,311.76,110.13,78.46,297.82,311.89,1.0
2018-08-18 11:30:00,89.55635,36.89447,945.472,272.56,83.2,508.3,3.43,-4.61,-51.59,109.56,78.33,297.53,311.67,110.32,78.41,297.81,311.85,1.0
2018-08-18 11:30:00,89.55635,36.89446,945.531,272.56,83.2,507.8,1.9,-4.53,-51.47,109.29,78.33,297.73,311.69,110.37,78.36,297.8,311.82,1.0
2018-08-18 11:30:00,89.55635,36.89446,945.558,272.56,83.2,507.6,0.1,-4.79,-51.54,108.9,78.26,297.82,311.69,110.28,78.32,297.8,311.8,1.0
2018-08-18 11:30:00,89.55635,36.89445,945.514,272.56,83.2,508.0,-1.48,-5.23,-51.76,109.75,78.19,297.65,311.79,110.07,78.29,297.8,311.8,1.0
2018-08-18 11:30:00,89.55635,36.89445,945.538,272.56,83.2,507.8,-2.14,-5.29,-52.0,109.1,78.05,297.5,311.8,109.76,78.27,297.8,311.81,1.0
2018-08-18 11:30:00,89.55635,36.89444,945.541,272.56,83.2,507.7,-1.65,-4.98,-52.11,110.21,78.33,297.7,311.79,109.41,78.26,297.8,311.85,1.0
2018-08-18 11:30:00,89.55635,36.89444,945.49,272.56,83.2,508.2,-1.96,-5.11,-52.24,109.49,78.19,297.63,311.99,109.04,78.26,297.8,311.9,1.0
2018-08-18 11:30:00,89.55635,36.89443,945.531,272.56,83.2,507.8,-2.45,-5.24,-52.48,109.29,78.33,297.63,311.99,108.69,78.26,297.79,311.96,1.0
2018-08-18 11:30:00,89.55635,36.89443,945.604,272.56,83.2,507.2,-4.27,-5.25,-53.1,109.42,78.12,297.91,311.79,108.39,78.27,297.79,312.02,1.0
2018-08-18 11:30:00,89.55635,36.89442,945.512,272.56,83.2,508.0,-7.78,-5.15,-54.16,109.23,78.19,297.83,311.7,108.18,78.27,297.79,312.04,1.0
2018-08-18 11:30:00,89.55635,36.89442,945.536,272.56,83.2,507.8,-5.87,-5.09,-54.16,108.57,78.26,297.63,311.98,108.07,78.26,297.8,311.9,1.0
2018-08-18 11:30:00,89.55635,36.89441,945.579,272.56,83.2,507.4,-5.41,-5.17,-54.1,110.34,78.47,298.01,311.7,108.06,78.25,297.8,311.79,1.0
2018-08-18 11:30:00,89.55635,36.89441,945.628,272.56,83.2,507.0,-4.08,-5.07,-53.79,109.69,78.26,297.55,311.79,108.16,78.22,297.78,311.76,1.0
2018-08-18 11:30:00,89.55635,36.89438,945.642,272.56,83.2,506.9,-1.94,-5.02,-53.19,108.57,78.19,297.55,311.89,108.36,78.19,297.77,311.75,1.0
2018-08-18 11:30:00,89.55635,36.89435,945.614,272.56,83.2,507.1,0.07,-5.03,-52.42,108.64,78.33,297.64,311.49,108.63,78.16,297.74,311.71,1.0
2018-08-18 11:30:00,89.55635,36.89432,945.689,272.57,83.2,506.5,0.22,-4.62,-51.84,109.16,78.12,297.83,309.67,108.95,78.13,297.71,311.66,1.0
2018-08-18 11:30:00,89.55635,36.89428,945.712,272.56,83.2,506.3,-0.39,-3.78,-51.03,109.1,78.12,297.44,310.12,109.29,78.1,297.67,311.59,1.0
2018-08-18 11:30:00,89.55635,36.89425,945.719,272.56,83.2,506.2,-1.6,-3.43,-50.51,108.64,78.12,297.54,311.13,109.6,78.07,297.63,311.52,1.0
2018-08-18 11:30:00,89.55635,36.89422,945.674,272.56,83.2,506.6,-2.81,-3.44,-50.33,110.08,78.47,297.74,311.81,109.87,78.06,297.59,311.46,1.0
2018-08-18 11:30:00,89.55635,36.89419,945.623,272.56,83.2,507.0,-2.8,-3.38,-50.21,109.75,78.12,297.74,312.1,110.07,78.06,297.56,311.42,1.0
2018-08-18 11:30:00,89.55635,36.89416,945.685,272.57,83.2,506.5,-0.57,-2.93,-49.83,109.42,78.33,297.83,311.81,110.17,78.07,297.54,311.45,1.0
2018-08-18 11:30:00,89.55634,36.89413,945.672,272.56,83.2,506.6,2.86,-3.1,-49.53,108.12,78.19,297.73,312.1,110.18,78.1,297.54,311.65,1.0
2018-08-18 11:30:00,89.55634,36.89409,945.707,272.57,83.2,506.3,8.14,-2.71,-49.01,110.01,78.12,297.54,311.72,110.1,78.14,297.56,311.84,1.0
2018-08-18 11:30:00,89.55634,36.89404,945.757,272.57,83.2,505.9,10.5,-2.6,-49.09,108.97,78.26,297.55,311.91,109.95,78.19,297.6,311.95,1.0
2018-08-18 11:30:00,89.55634,36.89399,945.772,272.56,83.1,505.8,9.28,-2.64,-49.83,109.36,78.12,297.84,312.01,109.76,78.25,297.64,312.02,1.0
2018-08-18 11:30:00,89.55634,36.89394,945.732,272.56,83.2,506.1,5.74,-2.65,-50.85,109.56,78.33,297.84,312.01,109.57,78.32,297.7,312.1,1.0
2018-08-18 11:30:00,89.55634,36.89389,945.787,272.57,83.1,505.7,2.63,-2.78,-51.21,109.49,78.12,297.74,312.01,109.41,78.37,297.74,312.16,1.0
2018-08-18 11:30:00,89.55634,36.89384,945.775,272.56,83.1,505.8,1.31,-2.26,-50.44,109.36,78.19,297.64,311.81,109.31,78.42,297.78,312.19,1.0
2018-08-18 11:30:00,89.55634,36.89378,945.748,272.57,83.1,506.0,0.62,-2.08,-50.22,109.95,78.33,297.65,312.0,109.3,78.46,297.8,312.18,1.0
2018-08-18 11:30:00,89.55634,36.89373,945.747,272.57,83.1,506.0,-2.02,-2.08,-49.82,108.84,78.19,297.56,311.81,109.37,78.47,297.8,312.15,1.0
2018-08-18 11:30:00,89.55634,36.89368,945.769,272.57,83.1,505.8,-4.44,-2.2,-49.62,109.16,78.26,297.74,311.82,109.53,78.45,297.79,312.08,1.0
2018-08-18 11:30:00,89.55634,36.89363,945.736,272.56,83.1,506.1,-1.3,-2.55,-50.85,109.49,78.12,297.94,311.92,109.75,78.4,297.75,312.0,1.0
2018-08-18 11:30:00,89.55634,36.89358,945.727,272.56,83.1,506.2,1.02,-3.09,-50.76,109.03,78.26,297.74,311.72,110.01,78.32,297.71,311.91,1.0
2018-08-18 11:30:00,89.55634,36.89353,945.755,272.56,83.1,505.9,2.7,-3.31,-50.38,109.1,78.26,297.56,311.8,110.27,78.22,297.67,311.84,1.0
2018-08-18 11:30:00,89.55634,36.89349,945.792,272.56,83.1,505.6,3.68,-3.27,-49.56,109.56,78.4,297.75,312.09,110.5,78.11,297.63,311.78,1.0
2018-08-18 11:30:00,89.55634,36.89346,945.845,272.57,83.1,505.2,3.58,-3.05,-48.94,110.14,78.33,297.66,311.91,110.67,77.99,297.61,311.75,1.0
2018-08-18 11:30:00,89.55634,36.89342,945.938,272.57,83.1,504.4,2.55,-2.73,-48.93,108.7,78.26,297.57,312.01,110.75,77.88,297.61,311.75,1.0
2018-08-18 11:30:00,89.55634,36.89339,945.869,272.57,83.1,505.0,2.88,-2.67,-48.04,109.69,78.12,297.67,312.01,110.75,77.79,297.64,311.77,1.0
2018-08-18 11:30:00,89.55633,36.89336,945.897,272.57,83.1,504.8,0.55,-2.94,-47.31,109.69,78.26,297.75,311.83,110.66,77.73,297.72,311.9,1.0
2018-08-18 11:30:00,89.55633,36.89333,945.915,272.57,83.1,504.6,0.36,-3.05,-46.78,109.75,78.26,297.75,312.02,110.5,77.71,297.79,311.97,1.0
2018-08-18 11:30:00,89.55633,36.8933,945.901,272.57,83.1,504.7,0.02,-3.13,-46.54,109.75,78.12,297.85,311.92,110.29,77.72,297.84,312.0,1.0
2018-08-18 11:30:00,89.55633,36.89327,945.874,272.57,83.1,505.0,-0.31,-3.15,-46.54,109.75,78.12,297.75,311.92,110.08,77.78,297.89,312.01,1.0
2018-08-18 11:30:00,89.55633,36.89323,945.905,272.57,83.1,504.7,4.28,-2.77,-46.59,109.56,78.05,297.78,312.04,109.89,77.86,297.92,312.0,1.0
2018-08-18 11:30:00,89.55633,36.8932,945.897,272.57,83.1,504.8,9.74,-2.36,-46.22,108.77,78.05,298.06,312.74,109.75,77.97,297.94,311.96,1.0
2018-08-18 11:30:00,89.55633,36.89317,945.903,272.57,83.1,504.7,10.35,-2.49,-45.75,110.47,78.12,297.86,312.22,109.67,78.07,297.93,311.91,1.0
2018-08-18 11:30:00,89.55633,36.89314,945.917,272.57,83.1,504.6,8.24,-2.55,-45.75,110.14,78.26,297.77,312.02,109.68,78.17,297.91,311.83,1.0
2018-08-18 11:30:00,89.55633,36.89311,945.944,272.57,83.1,504.4,5.26,-2.41,-46.17,109.1,78.12,297.67,312.02,109.75,78.26,297.87,311.76,1.0
2018-08-18 11:30:00,89.55632,36.89308,946.019,272.57,83.1,503.7,2.76,-2.32,-46.55,109.16,78.26,297.66,311.84,109.89,78.32,297.82,311.73,1.0
2018-08-18 11:30:00,89.55632,36.89305,945.968,272.57,83.1,504.2,0.22,-2.07,-46.66,109.62,78.12,297.47,311.84,110.06,78.35,297.77,311.72,1.0
2018-08-18 11:30:00,89.55632,36.89303,945.993,272.57,83.1,504.0,0.29,-1.82,-46.75,109.82,78.19,297.86,311.84,110.24,78.36,297.69,311.65,1.0
2018-08-18 11:30:00,89.55632,36.89301,946.004,272.57,83.1,503.9,0.83,-1.81,-46.92,108.97,78.26,297.86,311.71,110.39,78.35,297.71,311.66,1.0
2018-08-18 11:30:00,89.55632,36.89298,946.018,272.57,83.1,503.7,2.58,-1.87,-46.88,109.95,78.12,297.77,311.6,110.49,78.33,297.79,311.71,1.0
2018-08-18 11:30:00,89.55632,36.89296,946.08,272.58,83.1,503.2,5.18,-1.81,-46.47,110.34,78.26,297.77,312.04,110.52,78.31,297.86,311.76,1.0
2018-08-18 11:30:00,89.55632,36.89294,946.052,272.57,83.1,503.5,3.97,-1.62,-45.99,109.75,78.05,297.77,311.74,110.46,78.28,297.9,311.8,1.0
2018-08-18 11:30:00,89.55632,36.89291,946.013,272.58,83.1,503.8,2.77,-1.5,-45.68,109.88,78.19,297.86,311.74,110.32,78.26,297.95,311.82,1.0
2018-08-18 11:30:00,89.55632,36.89289,946.025,272.58,83.1,503.7,3.03,-1.31,-45.99,109.49,78.19,298.61,312.09,110.1,78.24,297.99,311.82,1.0
2018-08-18 11:30:00,89.55632,36.89286,946.06,272.58,83.1,503.4,5.04,-1.09,-46.29,110.21,78.12,298.57,311.88,109.83,78.23,298.01,311.81,1.0
2018-08-18 11:30:00,89.55631,36.89284,946.072,272.58,83.1,503.3,7.62,-0.96,-46.11,109.23,78.26,298.51,311.83,109.52,78.21,298.01,311.84,1.0
2018-08-18 11:30:00,89.55631,36.89282,946.002,272.58,83.1,503.9,7.97,-1.12,-45.22,109.69,78.26,298.09,311.63,109.21,78.18,298.0,311.9,1.0
2018-08-18 11:30:00,89.55631,36.89279,946.039,272.58,83.1,503.6,6.22,-1.28,-44.99,109.75,78.26,297.92,312.13,108.93,78.14,297.98,311.87,1.0
2018-08-18 11:30:00,89.55631,36.89276,946.078,272.58,83.1,503.3,5.88,-1.38,-44.75,109.88,78.19,297.83,311.69,108.69,78.08,297.95,311.93,1.0
2018-08-18 11:30:00,89.55631,36.89272,946.114,272.58,83.1,503.0,6.08,-1.15,-44.5,109.69,78.12,297.48,311.93,108.53,78.01,297.84,312.0,1.0
2018-08-18 11:30:00,89.55631,36.89269,946.146,272.57,83.1,502.7,7.27,-1.0,-44.47,110.28,78.05,297.82,312.59,108.46,77.93,297.71,312.08,1.0
2018-08-18 11:30:00,89.55631,36.89266,946.18,272.58,83.1,502.4,9.55,-1.4,-44.7,109.56,78.19,297.6,312.87,108.48,77.86,297.61,312.23,1.0
2018-08-18 11:30:00,89.55631,36.89262,946.206,272.58,83.1,502.2,9.17,-1.74,-44.22,108.7,78.26,297.58,312.03,108.59,77.79,297.51,312.41,1.0
2018-08-18 11:30:00,89.55631,36.89259,946.184,272.58,83.1,502.4,11.19,-2.02,-44.6,109.75,78.26,297.82,312.63,108.79,77.75,297.45,312.53,1.0
2018-08-18 11:30:00,89.55631,36.89255,946.135,272.58,83.1,502.8,9.76,-1.88,-43.53,109.03,78.26,297.66,312.45,109.04,77.73,297.44,312.63,1.0
2018-08-18 11:30:00,89.55631,36.89252,946.081,272.58,83.1,503.2,8.14,-1.6,-42.9,110.01,78.05,297.7,311.92,109.34,77.75,297.46,312.71,1.0
2018-08-18 11:30:00,89.55631,36.89249,946.046,272.58,83.1,503.5,8.61,-1.52,-43.42,110.28,77.98,297.61,312.62,109.66,77.8,297.5,312.7,1.0
2018-08-18 11:30:00,89.55631,36.89245,946.107,272.58,83.1,503.0,9.43,-2.11,-42.46,108.97,77.92,297.32,312.52,109.98,77.88,297.55,312.59,1.0
2018-08-18 11:30:00,89.5563,36.89242,946.236,272.58,83.1,501.9,10.63,-2.18,-43.0,108.97,78.12,297.4,311.43,110.27,77.97,297.59,312.54,1.0
2018-08-18 11:30:00,89.5563,36.89238,946.275,272.58,83.1,501.6,10.29,-2.2,-43.82,109.42,78.12,297.64,311.71,110.51,78.08,297.64,312.39,1.0
2018-08-18 11:30:00,89.5563,36.89235,946.279,272.58,83.1,501.6,9.0,-2.41,-43.99,109.88,78.33,297.7,311.86,110.69,78.18,297.68,312.25,1.0
2018-08-18 11:30:00,89.5563,36.89232,946.29,272.58,83.1,501.5,7.34,-2.67,-44.02,109.29,78.05,297.79,311.94,110.8,78.27,297.7,312.13,1.0
2018-08-18 11:30:00,89.5563,36.89228,946.259,272.58,83.1,501.7,5.95,-2.64,-45.09,110.21,77.92,297.59,311.91,110.82,78.32,297.71,312.0,1.0
2018-08-18 11:30:00,89.5563,36.89224,946.261,272.58,83.1,501.7,8.11,-2.61,-44.78,110.08,78.12,297.8,312.05,110.75,78.34,297.75,311.88,1.0
2018-08-18 11:30:00,89.5563,36.89219,946.229,272.59,83.1,502.0,9.64,-2.63,-43.83,110.14,78.19,297.7,311.86,110.61,78.33,297.75,311.86,1.0
2018-08-18 11:30:00,89.5563,36.89215,946.231,272.59,83.1,502.0,11.18,-2.63,-43.48,109.16,78.33,297.7,312.05,110.41,78.27,297.73,311.86,1.0
2018-08-18 11:30:00,89.5563,36.89211,946.246,272.59,83.1,501.9,11.19,-2.56,-43.77,109.69,78.12,297.7,312.15,110.16,78.19,297.7,311.86,1.0
2018-08-18 11:30:00,89.5563,36.89207,946.219,272.58,83.1,502.1,9.14,-2.38,-44.26,109.82,78.12,297.69,312.25,109.89,78.09,297.67,311.85,1.0
2018-08-18 11:30:00,89.5563,36.89203,946.3,272.58,83.1,501.4,9.51,-2.06,-44.01,109.42,78.12,297.78,312.16,109.62,77.98,297.65,311.89,1.0
2018-08-18 11:30:00,89.5563,36.89198,946.346,272.59,83.1,501.0,10.91,-2.52,-45.91,110.21,78.05,297.78,312.06,109.38,77.88,297.63,311.92,1.0
2018-08-18 11:30:00,89.5563,36.89194,946.346,272.59,83.1,501.0,11.81,-3.01,-46.56,109.62,78.26,297.69,311.97,109.2,77.8,297.63,311.94,1.0
2018-08-18 11:30:00,89.5563,36.8919,946.303,272.58,83.1,501.4,12.19,-3.17,-46.45,110.34,77.98,297.69,311.58,109.08,77.74,297.62,311.93,1.0
2018-08-18 11:30:00,89.55629,36.89189,946.254,272.59,83.1,501.8,12.37,-3.0,-46.33,109.1,78.12,297.68,311.54,109.04,77.72,297.58,311.94,1.0
2018-08-18 11:30:00,89.55629,36.8919,946.307,272.59,83.1,501.3,12.89,-2.89,-46.63,109.69,78.12,297.8,311.87,109.08,77.73,297.53,311.97,1.0
2018-08-18 11:30:00,89.55629,36.8919,946.302,272.59,83.1,501.4,13.69,-2.81,-47.15,109.69,78.33,297.99,311.98,109.18,77.78,297.53,311.92,1.0
2018-08-18 11:30:00,89.55629,36.8919,946.306,272.58,83.1,501.4,14.56,-3.05,-46.79,110.28,77.92,297.62,311.98,109.32,77.85,297.52,311.86,1.0
2018-08-18 11:30:00,89.55629,36.89191,946.314,272.58,83.1,501.3,16.25,-3.33,-46.41,108.97,77.92,297.57,311.98,109.47,77.94,297.5,311.8,1.0
2018-08-18 11:30:00,89.55629,36.89191,946.332,272.59,83.1,501.1,17.93,-3.46,-46.01,109.29,77.92,297.2,312.21,109.61,78.04,297.44,311.8,1.0
2018-08-18 11:30:00,89.55629,36.89192,946.381,272.59,83.1,500.7,18.62,-3.39,-45.34,109.56,77.98,297.06,312.75,109.7,78.14,297.33,311.85,1.0
2018-08-18 11:30:00,89.55629,36.89192,946.39,272.59,83.1,500.7,19.81,-3.63,-45.68,110.54,78.26,297.67,311.93,109.73,78.22,297.3,311.83,1.0
2018-08-18 11:30:00,89.55629,36.89193,946.406,272.58,83.1,500.5,17.02,-3.58,-45.76,109.56,78.19,297.8,312.07,109.69,78.27,297.25,311.81,1.0
2018-08-18 11:30:00,89.55629,36.89193,946.433,272.58,83.1,500.3,15.65,-3.42,-46.06,109.23,78.12,297.9,312.07,109.58,78.29,297.22,311.8,1.0
2018-08-18 11:30:00,89.55629,36.89193,946.462,272.59,83.1,500.1,15.43,-3.33,-46.42,109.69,78.05,297.25,312.39,109.43,78.27,297.21,311.79,1.0
2018-08-18 11:30:00,89.55629,36.89194,946.476,272.58,83.1,499.9,15.92,-3.38,-46.81,109.75,78.05,296.89,311.86,109.26,78.23,297.23,311.76,1.0
2018-08-18 11:30:00,89.55628,36.89194,946.46,272.59,83.1,500.1,19.18,-3.31,-47.79,109.49,77.98,297.52,311.59,109.12,78.15,297.25,311.7,1.0
2018-08-18 11:30:00,89.55628,36.89196,946.447,272.59,83.1,500.2,22.25,-3.17,-47.77,110.08,78.05,297.66,311.7,109.04,78.06,297.19,311.65,1.0
2018-08-18 11:30:00,89.55628,36.89198,946.474,272.59,83.1,500.0,22.1,-3.37,-47.66,109.36,78.26,297.73,311.98,109.05,77.97,297.14,311.63,1.0
2018-08-18 11:30:00,89.55628,36.892,946.515,272.59,83.1,499.6,21.27,-3.56,-47.61,110.41,78.26,297.91,311.87,109.18,77.88,297.15,311.67,1.0
2018-08-18 11:30:00,89.55628,36.89202,946.541,272.59,83.1,499.4,20.35,-3.44,-47.55,109.23,78.12,297.57,312.1,109.43,77.82,297.25,311.72,1.0
2018-08-18 11:30:00,89.55628,36.89204,946.539,272.59,83.1,499.4,18.52,-2.82,-47.34,109.42,78.05,297.12,312.41,109.79,77.78,297.36,311.75,1.0
2018-08-18 11:30:00,89.55628,36.89206,946.476,272.59,83.1,499.9,17.87,-2.63,-47.29,109.03,77.98,296.58,311.1,110.21,77.78,297.32,311.76,1.0
2018-08-18 11:30:00,89.55628,36.89208,946.49,272.59,83.1,499.8,16.02,-2.82,-47.02,109.1,78.05,296.21,311.15,110.66,77.82,297.31,311.76,1.0
2018-08-18 11:30:00,89.55628,36.89209,946.535,272.59,83.1,499.4,12.89,-3.16,-46.92,109.82,77.85,296.88,311.44,111.07,77.88,297.31,311.78,1.0
2018-08-18 11:30:00,89.55628,36.89211,946.559,272.59,83.1,499.2,11.6,-3.32,-46.82,109.49,77.98,297.45,311.89,111.4,77.96,297.28,311.8,1.0
2018-08-18 11:30:00,89.55628,36.89213,946.521,272.59,83.1,499.6,14.56,-3.09,-46.54,109.88,77.98,297.61,311.96,111.59,78.05,297.26,311.76,1.0
2018-08-18 11:30:00,89.55628,36.89215,946.568,272.59,83.1,499.2,18.0,-2.93,-46.4,110.6,78.26,296.82,311.09,111.62,78.12,297.28,311.65,1.0
2018-08-18 11:30:00,89.55628,36.89216,946.601,272.59,83.1,498.9,20.8,-2.96,-46.43,109.75,78.12,297.62,311.18,111.48,78.18,297.36,311.6,1.0
2018-08-18 11:30:00,89.55627,36.89215,946.618,272.6,83.1,498.8,23.59,-3.0,-46.3,109.88,78.12,297.72,311.34,111.2,78.2,297.46,311.57,1.0
2018-08-18 11:30:00,89.55627,36.89214,946.646,272.6,83.1,498.5,26.6,-3.27,-46.22,109.69,77.98,297.66,311.89,110.81,78.19,297.52,311.54,1.0
2018-08-18 11:30:00,89.55627,36.89213,946.685,272.6,83.1,498.2,29.18,-3.55,-46.17,110.08,78.05,297.74,311.6,110.37,78.13,297.56,311.5,1.0
2018-08-18 11:30:00,89.55627,36.89212,946.657,272.6,83.1,498.4,29.93,-3.22,-45.94,110.41,78.12,297.74,311.47,109.93,78.05,297.64,311.5,1.0
2018-08-18 11:30:00,89.55627,36.89211,946.672,272.6,83.1,498.3,30.32,-2.68,-46.31,109.56,77.92,297.83,311.27,109.57,77.94,297.78,311.6,1.0
2018-08-18 11:30:00,89.55627,36.8921,946.667,272.6,83.0,498.3,29.29,-2.19,-46.63,110.14,78.05,297.74,311.92,109.32,77.83,297.88,311.73,1.0
2018-08-18 11:30:00,89.55627,36.89208,946.68,272.6,83.0,498.2,26.93,-1.93,-46.73,110.14,78.12,297.74,312.0,109.23,77.73,297.94,311.84,1.0
2018-08-18 11:30:00,89.55627,36.89207,946.69,272.59,83.0,498.2,24.03,-1.91,-47.1,109.88,78.19,297.64,311.91,109.29,77.64,297.99,311.93,1.0
2018-08-18 11:30:00,89.55627,36.89206,946.635,272.59,83.0,498.6,21.48,-2.0,-48.34,109.29,78.05,297.74,312.1,109.48,77.6,298.01,312.05,1.0
2018-08-18 11:30:00,89.55627,36.89205,946.727,272.6,83.0,497.8,17.89,-1.95,-50.45,109.62,78.12,297.64,312.0,109.77,77.59,298.01,312.2,1.0
2018-08-18 11:30:00,89.55627,36.89204,946.743,272.59,83.0,497.7,18.73,-1.76,-50.85,109.42,77.85,297.75,311.91,110.1,77.62,297.97,312.25,1.0
2018-08-18 11:30:00,89.55627,36.89203,946.773,272.59,83.0,497.5,18.58,-1.69,-50.83,110.08,78.05,297.82,311.76,110.42,77.69,297.91,312.25,1.0
2018-08-18 11:30:00,89.55627,36.89202,946.781,272.59,83.0,497.4,18.59,-1.67,-50.66,109.69,77.85,297.54,311.54,110.67,77.79,297.83,312.22,1.0
2018-08-18 11:30:00,89.55626,36.89201,946.711,272.59,83.0,498.0,20.17,-1.74,-50.39,110.47,77.78,297.57,311.58,110.81,77.9,297.76,312.18,1.0
2018-08-18 11:30:00,89.55626,36.892,946.748,272.6,83.0,497.7,22.84,-2.19,-50.07,109.56,78.05,297.55,312.07,110.81,78.02,297.7,312.15,1.0
2018-08-18 11:30:00,89.55626,36.89198,946.757,272.6,83.0,497.6,22.48,-1.97,-49.9,110.41,78.05,297.65,311.3,110.69,78.12,297.66,312.08,1.0
2018-08-18 11:30:00,89.55626,36.89197,946.778,272.6,83.0,497.4,23.57,-1.9,-49.48,110.21,78.05,297.65,311.79,110.45,78.21,297.65,312.03,1.0
2018-08-18 11:30:00,89.55626,36.89196,946.771,272.6,83.0,497.5,23.75,-1.95,-49.34,110.14,77.92,297.93,311.97,110.14,78.28,297.64,312.0,1.0
2018-08-18 11:30:00,89.55626,36.89195,946.767,272.6,83.0,497.5,22.63,-2.0,-49.53,109.75,78.05,297.94,312.06,109.8,78.31,297.66,312.01,1.0
2018-08-18 11:30:00,89.55626,36.89194,946.908,272.6,83.0,496.3,21.02,-1.88,-49.76,109.88,78.05,297.94,312.56,109.5,78.31,297.71,312.07,1.0
2018-08-18 11:30:00,89.55626,36.89192,946.829,272.59,83.0,497.0,16.92,-1.82,-50.81,109.69,78.05,297.85,311.94,109.26,78.29,297.77,312.15,1.0
2018-08-18 11:30:00,89.55626,36.89191,946.804,272.6,83.0,497.2,13.1,-2.02,-52.06,109.49,78.05,297.67,312.35,109.12,78.24,297.84,312.29,1.0
2018-08-18 11:30:00,89.55626,36.8919,946.834,272.6,83.0,497.0,11.34,-1.68,-53.39,111.13,78.05,297.26,311.85,109.11,78.18,297.9,312.4,1.0
2018-08-18 11:30:00,89.55626,36.89189,946.889,272.6,83.0,496.5,13.11,-1.15,-54.18,109.36,78.12,297.15,312.0,109.21,78.1,297.92,312.46,1.0
2018-08-18 11:30:00,89.55626,36.89188,946.919,272.6,83.0,496.2,17.22,-0.93,-54.14,109.62,77.98,297.57,312.44,109.41,78.03,297.92,312.47,1.0
2018-08-18 11:30:00,89.55626,36.89187,946.881,272.6,83.0,496.6,17.9,-1.1,-53.96,110.47,78.05,297.53,312.23,109.68,77.95,297.89,312.43,1.0
2018-08-18 11:30:00,89.55626,36.89186,946.841,272.6,83.0,496.9,21.96,-0.93,-53.81,109.56,77.98,297.77,311.91,109.97,77.88,297.76,312.35,1.0
2018-08-18 11:30:00,89.55626,36.89186,946.876,272.6,83.0,496.6,25.36,-1.14,-53.97,109.1,78.05,297.58,311.81,110.25,77.82,297.62,312.24,1.0
2018-08-18 11:30:00,89.55626,36.89188,946.94,272.6,83.0,496.1,24.98,-1.16,-54.46,110.08,77.92,297.69,312.2,110.49,77.77,297.52,312.14,1.0
2018-08-18 11:30:00,89.55625,36.89189,946.969,272.6,83.0,495.8,21.15,-0.9,-55.35,109.42,78.05,297.68,312.1,110.67,77.73,297.46,312.05,1.0
2018-08-18 11:30:00,89.55625,36.8919,946.959,272.6,83.0,495.9,17.67,-0.84,-56.77,110.34,78.05,297.78,312.07,110.78,77.71,297.43,311.92,1.0
2018-08-18 11:30:00,89.55625,36.89192,946.928,272.6,83.0,496.2,14.05,-0.38,-57.84,109.88,78.05,296.73,311.69,110.81,77.71,297.5,311.83,1.0
2018-08-18 11:30:00,89.55625,36.89193,946.966,272.6,83.0,495.9,15.45,-0.68,-57.54,110.86,78.05,296.88,311.66,110.8,77.72,297.52,311.78,1.0
2018-08-18 11:30:00,89.55625,36.89195,946.996,272.6,83.0,495.6,16.0,-1.12,-56.93,110.47,77.92,297.22,311.85,110.74,77.75,297.53,311.65,1.0
2018-08-18 11:30:00,89.55625,36.89196,946.977,272.6,83.0,495.8,15.97,-1.29,-56.27,109.56,78.05,297.29,311.92,110.67,77.79,297.57,311.56,1.0
2018-08-18 11:30:00,89.55625,36.89198,946.916,272.6,83.0,496.3,17.53,-0.97,-55.57,108.97,77.98,297.83,311.75,110.6,77.84,297.62,311.6,1.0
2018-08-18 11:30:00,89.55625,36.89198,946.986,272.6,83.0,495.7,18.12,-0.52,-55.37,110.14,77.85,298.92,311.91,110.55,77.91,297.66,311.65,1.0
2018-08-18 11:30:00,89.55625,36.89199,947.012,272.61,83.0,495.5,18.96,-0.35,-54.65,110.41,77.85,298.26,312.02,110.52,77.97,297.77,311.74,1.0
2018-08-18 11:30:00,89.55624,36.89199,947.029,272.61,83.0,495.3,17.45,-0.57,-54.74,110.34,78.05,297.96,310.64,110.52,78.05,297.86,311.82,1.0
2018-08-18 11:30:00,89.55624,36.89199,947.034,272.6,83.0,495.3,16.18,-0.83,-55.27,109.95,77.85,297.77,310.7,110.52,78.11,297.93,311.86,1.0
2018-08-18 11:30:00,89.55624,36.892,947.016,272.61,83.0,495.4,16.54,-0.92,-55.7,109.75,77.98,297.77,311.83,110.53,78.18,297.95,311.88,1.0
2018-08-18 11:30:00,89.55624,36.892,946.996,272.6,83.0,495.6,16.03,-1.06,-55.58,110.67,78.05,297.68,312.1,110.53,78.23,297.91,311.9,1.0
2018-08-18 11:30:00,89.55624,36.892,947.004,272.61,83.0,495.5,16.96,-0.57,-56.07,110.01,78.12,297.68,312.12,110.52,78.27,297.79,311.88,1.0
2018-08-18 11:30:00,89.55624,36.89201,947.03,272.6,83.0,495.3,16.63,-0.49,-56.95,109.69,78.12,297.86,312.03,110.48,78.31,297.72,311.85,1.0
2018-08-18 11:30:00,89.55624,36.89201,947.071,272.6,83.0,495.0,17.69,-0.4,-57.47,109.95,77.98,297.77,312.14,110.43,78.32,297.67,311.94,1.0
2018-08-18 11:30:00,89.55624,36.89201,947.099,272.61,83.0,494.7,19.42,-0.16,-57.35,110.54,77.92,297.77,312.14,110.36,78.33,297.63,312.02,1.0
2018-08-18 11:30:00,89.55624,36.89202,947.05,272.61,83.0,495.2,18.83,0.13,-56.75,110.47,77.92,297.86,312.12,110.28,78.32,297.6,311.99,1.0
2018-08-18 11:30:00,89.55624,36.89202,947.092,272.61,83.0,494.8,17.54,-0.18,-56.24,110.28,78.05,297.88,311.91,110.2,78.3,297.59,311.96,1.0
2018-08-18 11:30:00,89.55624,36.89201,947.088,272.61,83.0,494.8,15.56,-0.52,-55.74,109.88,78.05,297.68,312.09,110.14,78.27,297.59,311.95,1.0
2018-08-18 11:30:00,89.55624,36.89201,947.083,272.61,83.0,494.9,14.68,-0.37,-55.53,109.56,78.12,297.77,311.94,110.09,78.22,297.6,311.94,1.0
2018-08-18 11:30:00,89.55624,36.892,947.117,272.61,83.0,494.6,15.08,-0.11,-55.58,110.47,78.12,297.77,312.13,110.06,78.16,297.62,311.98,1.0
2018-08-18 11:30:00,89.55624,36.89199,947.187,272.61,83.0,494.0,15.96,-0.28,-55.66,110.34,77.98,297.86,312.13,110.05,78.1,297.65,312.06,1.0
2018-08-18 11:30:00,89.55624,36.89198,947.133,272.61,83.0,494.5,15.12,-1.01,-55.17,109.69,78.05,297.68,312.13,110.05,78.02,297.68,312.07,1.0
2018-08-18 11:30:00,89.55624,36.89198,947.133,272.61,83.0,494.5,16.77,-1.3,-53.99,110.28,78.05,297.79,312.21,110.06,77.94,297.72,312.13,1.0
2018-08-18 11:30:00,89.55624,36.89197,947.177,272.61,83.0,494.1,18.47,-1.33,-53.18,110.47,78.05,297.69,312.23,110.09,77.87,297.75,312.15,1.0
2018-08-18 11:30:00,89.55623,36.89196,947.209,272.61,83.0,493.8,19.6,-1.24,-53.08,110.34,78.05,297.76,312.5,110.12,77.81,297.7,312.16,1.0
2018-08-18 11:30:00,89.55623,36.89195,947.196,272.61,83.0,493.9,19.47,-1.17,-53.2,109.56,78.12,297.83,313.0,110.17,77.76,297.61,312.16,1.0
2018-08-18 11:30:00,89.55623,36.89195,947.211,272.61,83.0,493.8,17.55,-1.3,-52.26,110.34,77.98,297.79,312.05,110.25,77.74,297.63,312.16,1.0
2018-08-18 11:30:00,89.55623,36.89194,947.157,272.61,83.0,494.3,17.18,-1.76,-52.12,109.82,78.05,297.8,312.46,110.36,77.74,297.64,312.16,1.0
2018-08-18 11:30:00,89.55623,36.89193,947.218,272.61,83.0,493.8,17.52,-2.09,-51.79,110.08,78.12,297.72,312.29,110.51,77.78,297.61,312.13,1.0
2018-08-18 11:30:00,89.55623,36.89192,947.265,272.61,83.0,493.4,18.57,-2.08,-51.7,110.73,77.85,296.91,311.85,110.71,77.84,297.57,312.13,1.0
2018-08-18 11:30:00,89.55623,36.89192,947.232,272.6,83.0,493.6,19.97,-1.88,-52.0,109.29,77.85,296.56,312.14,110.94,77.91,297.51,312.1,1.0
2018-08-18 11:30:00,89.55623,36.89191,947.189,272.61,82.9,494.0,20.88,-1.75,-52.71,110.54,77.92,297.88,311.95,111.21,78.0,297.45,312.0,1.0
2018-08-18 11:30:00,89.55623,36.8919,947.193,272.61,83.0,494.0,18.26,-1.84,-52.56,110.73,78.05,297.51,312.05,111.47,78.09,297.4,311.97,1.0
2018-08-18 11:30:00,89.55623,36.8919,947.244,272.61,82.9,493.5,17.55,-1.55,-52.83,110.41,78.12,297.47,311.88,111.7,78.17,297.37,311.91,1.0
2018-08-18 11:30:00,89.55623,36.89189,947.268,272.61,82.9,493.3,16.83,-1.28,-53.2,110.01,78.05,297.36,311.88,111.86,78.23,297.36,311.89,1.0
2018-08-18 11:30:00,89.55623,36.89188,947.28,272.61,82.9,493.2,17.53,-1.26,-53.5,109.23,77.92,297.29,312.3,111.92,78.27,297.43,311.88,1.0
2018-08-18 11:30:00,89.55622,36.89188,947.333,272.6,82.9,492.8,20.25,-1.68,-53.45,110.34,77.98,297.4,311.73,111.85,78.26,297.53,311.85,1.0
2018-08-18 11:30:00,89.55622,36.89187,947.316,272.61,82.9,492.9,18.17,-2.17,-52.83,111.06,78.05,297.49,311.96,111.64,78.23,297.51,311.77,1.0
2018-08-18 11:30:00,89.55622,36.89186,947.323,272.61,82.9,492.9,18.32,-2.04,-52.52,111.13,78.12,297.74,311.73,111.28,78.17,297.52,311.78,1.0
2018-08-18 11:30:00,89.55622,36.89186,947.357,272.62,82.9,492.6,19.2,-1.86,-51.66,110.28,78.19,297.85,311.96,110.8,78.08,297.57,311.84,1.0
2018-08-18 11:30:00,89.55622,36.89185,947.329,272.62,82.9,492.8,21.08,-1.96,-50.62,110.47,78.05,297.81,311.84,110.24,77.98,297.63,311.87,1.0
2018-08-18 11:30:00,89.55622,36.89184,947.228,272.61,82.9,493.7,23.19,-2.22,-49.87,110.93,78.05,297.72,311.64,109.65,77.89,297.7,311.88,1.0
2018-08-18 11:30:00,89.55622,36.89183,947.263,272.62,82.9,493.4,24.1,-2.16,-49.71,110.21,77.85,297.43,311.05,109.11,77.8,297.77,311.92,1.0
2018-08-18 11:30:00,89.55622,36.89182,947.367,272.61,82.9,492.5,25.76,-2.69,-49.41,110.34,77.98,297.78,311.96,108.65,77.74,297.81,311.95,1.0
2018-08-18 11:30:00,89.55622,36.89181,947.36,272.62,82.9,492.6,26.4,-3.15,-48.75,110.28,78.05,297.71,312.06,108.34,77.69,297.82,311.98,1.0
2018-08-18 11:30:00,89.55622,36.8918,947.377,272.62,82.9,492.4,26.59,-3.48,-48.42,110.14,78.05,297.9,312.06,108.22,77.68,297.81,311.98,1.0
2018-08-18 11:30:00,89.55622,36.89178,947.417,272.61,82.9,492.1,26.0,-3.6,-48.5,110.21,77.98,297.7,312.15,108.28,77.68,297.79,311.98,1.0
2018-08-18 11:30:00,89.55622,36.89177,947.397,272.62,82.9,492.3,24.93,-3.51,-48.91,110.67,77.92,297.98,312.15,108.53,77.7,297.77,312.02,1.0
2018-08-18 11:30:00,89.55622,36.89176,947.416,272.62,82.9,492.1,26.92,-3.52,-49.58,109.95,78.12,297.8,312.16,108.93,77.72,297.76,312.11,1.0
2018-08-18 11:30:00,89.55622,36.89175,947.413,272.62,82.9,492.1,26.18,-3.3,-50.42,109.36,77.92,297.7,312.06,109.43,77.75,297.73,312.11,1.0
2018-08-18 11:30:00,89.55622,36.89173,947.43,272.61,82.9,492.0,22.2,-3.06,-51.1,109.29,78.05,297.71,311.97,109.97,77.77,297.61,312.11,1.0
2018-08-18 11:30:00,89.55621,36.89172,947.454,272.61,82.9,491.8,18.14,-2.72,-51.78,110.8,77.92,297.89,312.26,110.49,77.79,297.47,312.14,1.0
2018-08-18 11:30:00,89.55621,36.89171,947.457,272.61,82.9,491.8,15.89,-2.35,-52.24,109.95,77.85,297.79,311.97,110.95,77.78,297.4,312.2,1.0
2018-08-18 11:30:00,89.55621,36.8917,947.416,272.62,82.9,492.1,14.73,-2.15,-51.78,110.14,77.92,297.61,312.16,111.3,77.77,297.39,312.3,1.0
2018-08-18 11:30:00,89.55621,36.89169,947.439,272.62,82.9,491.9,17.85,-2.01,-51.64,110.47,77.98,297.8,312.23,111.52,77.75,297.38,312.36,1.0
2018-08-18 11:30:00,89.55621,36.89167,947.468,272.62,82.9,491.7,18.71,-2.02,-51.88,109.75,77.98,296.7,312.19,111.62,77.73,297.46,312.29,1.0
2018-08-18 11:30:00,89.55621,36.89166,947.495,272.62,82.9,491.5,17.62,-2.1,-52.27,111.19,77.92,296.69,312.14,111.6,77.71,297.43,312.25,1.0
2018-08-18 11:30:00,89.55621,36.89166,947.534,272.62,82.9,491.1,16.42,-2.15,-52.61,109.88,78.05,297.04,312.61,111.51,77.7,297.34,312.26,1.0
2018-08-18 11:30:00,89.55621,36.89167,947.617,272.62,82.9,490.4,17.27,-2.1,-52.77,110.34,77.98,297.9,312.89,111.37,77.7,297.32,312.24,1.0
2018-08-18 11:30:00,89.55621,36.89167,947.531,272.62,82.9,491.2,15.06,-2.13,-52.77,110.67,77.98,297.8,312.67,111.21,77.71,297.29,312.22,1.0
2018-08-18 11:30:00,89.55621,36.89167,947.497,272.61,82.9,491.4,14.97,-2.29,-52.92,110.6,77.71,298.7,311.45,111.07,77.73,297.27,312.19,1.0
2018-08-18 11:30:00,89.5562,36.89167,947.482,272.61,82.9,491.6,16.1,-2.03,-52.82,109.88,77.85,297.57,311.48,110.94,77.75,297.3,312.08,1.0
2018-08-18 11:30:00,89.5562,36.89168,947.491,272.62,82.9,491.5,16.76,-1.72,-52.47,110.01,78.05,296.63,311.92,110.83,77.79,297.34,311.97,1.0
2018-08-18 11:30:00,89.5562,36.89168,947.526,272.62,82.9,491.2,15.84,-1.77,-52.16,110.54,77.85,297.82,312.17,110.74,77.82,297.36,311.89,1.0
2018-08-18 11:30:00,89.5562,36.89168,947.472,272.62,82.9,491.6,14.43,-1.8,-52.65,110.34,77.85,297.81,312.36,110.65,77.86,297.38,311.82,1.0
2018-08-18 11:30:00,89.5562,36.89168,947.53,272.61,82.9,491.2,14.61,-1.75,-52.36,110.73,77.85,297.72,311.88,110.53,77.89,297.44,311.78,1.0
2018-08-18 11:30:00,89.5562,36.89169,947.558,272.62,82.9,490.9,15.22,-1.34,-52.51,110.47,78.05,297.47,311.3,110.38,77.93,297.4,311.96,1.0
2018-08-18 11:30:00,89.5562,36.89171,947.591,272.62,82.9,490.7,15.71,-1.16,-52.38,110.67,77.71,297.01,311.27,110.2,77.96,297.47,312.07,1.0
2018-08-18 11:30:00,89.5562,36.89173,947.655,272.61,82.9,490.1,15.71,-1.49,-51.87,109.88,78.12,297.38,311.93,109.99,77.98,297.59,312.07,1.0
2018-08-18 11:30:00,89.5562,36.89176,947.654,272.62,82.9,490.1,15.09,-2.01,-51.67,111.19,78.05,297.75,312.49,109.76,78.0,297.58,312.05,1.0
2018-08-18 11:30:00,89.5562,36.89178,947.661,272.62,82.9,490.1,13.03,-2.04,-51.4,109.95,77.78,297.82,312.04,109.56,78.02,297.55,311.91,1.0
2018-08-18 11:30:00,89.5562,36.89181,947.713,272.62,82.9,489.6,15.67,-1.68,-51.94,109.88,77.85,297.76,312.79,109.39,78.02,297.56,311.75,1.0
2018-08-18 11:30:00,89.5562,36.89183,947.712,272.62,82.9,489.6,18.24,-1.31,-52.46,111.06,77.85,297.9,312.4,109.31,78.01,297.6,311.67,1.0
2018-08-18 11:30:00,89.55619,36.89186,947.66,272.62,82.8,490.1,19.61,-1.16,-52.95,109.88,77.85,297.96,312.06,109.32,77.97,297.67,311.63,1.0
2018-08-18 11:30:00,89.55619,36.89188,947.651,272.62,82.8,490.2,20.14,-1.37,-53.61,110.47,78.12,297.72,312.1,109.44,77.92,297.72,311.57,1.0
2018-08-18 11:30:00,89.55619,36.89191,947.741,272.62,82.8,489.4,19.88,-1.55,-53.73,110.08,77.98,297.81,311.04,109.65,77.83,297.74,311.48,1.0
2018-08-18 11:30:00,89.55619,36.89193,947.679,272.63,82.8,489.9,18.02,-1.16,-54.28,110.21,77.98,298.47,310.94,109.95,77.72,297.69,311.41,1.0
2018-08-18 11:30:00,89.55619,36.89196,947.644,272.63,82.8,490.2,18.72,-1.01,-54.76,110.08,77.85,298.48,311.18,110.29,77.6,297.68,311.27,1.0
2018-08-18 11:30:00,89.55619,36.89197,947.69,272.62,82.8,489.8,20.09,-0.97,-54.92,110.28,77.78,298.71,311.71,110.63,77.48,297.7,311.19,1.0
2018-08-18 11:30:00,89.55619,36.89197,947.784,272.63,82.8,489.0,19.91,-1.0,-54.66,109.69,77.92,298.56,312.01,110.93,77.36,297.78,311.23,1.0
2018-08-18 11:30:00,89.55619,36.89198,947.774,272.63,82.8,489.1,17.04,-1.31,-54.09,110.34,77.92,298.47,311.98,111.14,77.26,297.92,311.32,1.0
2018-08-18 11:30:00,89.55619,36.89198,947.697,272.62,82.8,489.8,16.92,-1.46,-53.78,110.47,77.92,298.12,312.11,111.24,77.2,298.1,311.6,1.0
2018-08-18 11:30:00,89.55619,36.89198,947.703,272.62,82.8,489.7,17.22,-1.31,-53.06,109.95,77.85,297.83,311.95,111.2,77.18,298.19,311.93,1.0
2018-08-18 11:30:00,89.55619,36.89198,947.756,272.62,82.8,489.3,17.02,-1.29,-52.65,111.13,77.85,297.5,311.73,111.04,77.21,298.21,312.18,1.0
2018-08-18 11:30:00,89.55618,36.89198,947.824,272.62,82.8,488.7,15.71,-1.4,-52.56,110.73,78.05,297.55,311.92,110.77,77.29,298.17,312.28,1.0
2018-08-18 11:30:00,89.55618,36.89198,947.911,272.63,82.8,488.0,13.63,-1.38,-52.21,110.47,77.64,297.62,312.14,110.43,77.41,298.09,312.31,1.0
2018-08-18 11:30:00,89.55618,36.89198,947.775,272.63,82.8,489.1,15.85,-1.47,-51.15,110.6,77.5,297.93,312.8,110.05,77.56,297.97,312.29,1.0
2018-08-18 11:30:00,89.55618,36.89199,947.834,272.62,82.8,488.6,15.09,-1.54,-51.16,109.49,77.71,297.68,313.24,109.7,77.72,297.89,312.25,1.0
2018-08-18 11:30:00,89.55618,36.89199,947.882,272.62,82.8,488.2,15.33,-1.62,-51.3,110.73,77.64,297.6,312.64,109.41,77.87,297.81,312.23,1.0
2018-08-18 11:30:00,89.55618,36.89199,947.835,272.62,82.8,488.6,15.87,-1.5,-51.29,109.88,77.85,297.56,312.02,109.23,78.0,297.74,312.2,1.0
2018-08-18 11:30:00,89.55618,36.89199,947.817,272.63,82.8,488.8,14.68,-1.1,-51.26,109.88,77.85,297.65,311.97,109.17,78.1,297.67,312.14,1.0
2018-08-18 11:30:00,89.55618,36.89199,947.86,272.62,82.8,488.4,15.54,-0.9,-51.47,111.13,77.85,297.75,311.52,109.23,78.15,297.64,312.08,1.0
2018-08-18 11:30:00,89.55618,36.89198,947.858,272.63,82.8,488.4,15.95,-0.95,-50.9,110.08,77.92,297.75,311.98,109.42,78.17,297.62,311.99,1.0
2018-08-18 11:30:00,89.55618,36.89197,947.84,272.63,82.8,488.6,18.69,-0.98,-50.28,109.88,77.98,297.75,312.13,109.71,78.15,297.67,311.89,1.0
2018-08-18 11:30:00,89.55618,36.89196,947.876,272.63,82.8,488.3,21.69,-0.96,-49.82,110.54,77.85,297.74,312.12,110.05,78.12,297.71,311.87,1.0
2018-08-18 11:30:00,89.55618,36.89195,947.953,272.63,82.8,487.6,22.84,-0.95,-49.59,110.34,77.71,297.93,311.93,110.42,78.07,297.73,311.96,1.0
2018-08-18 11:30:00,89.55618,36.89194,947.86,272.62,82.8,488.4,21.13,-1.0,-49.48,109.69,77.92,297.74,312.32,110.77,78.03,297.76,312.07,1.0
2018-08-18 11:30:00,89.55617,36.89193,947.838,272.63,82.8,488.6,20.46,-0.89,-49.57,109.88,77.85,297.75,312.04,111.06,78.0,297.78,312.2,1.0
2018-08-18 11:30:00,89.55617,36.89192,947.904,272.63,82.8,488.0,17.2,-0.63,-50.08,110.41,77.85,297.85,312.23,111.28,77.98,297.79,312.24,1.0
2018-08-18 11:30:00,89.55617,36.89191,948.006,272.63,82.8,487.2,13.82,-0.6,-50.32,110.41,77.85,297.22,312.23,111.42,77.99,297.78,312.28,1.0
2018-08-18 11:30:00,89.55617,36.8919,948.053,272.64,82.8,486.8,11.39,-0.68,-50.26,109.29,77.71,296.73,312.13,111.47,78.0,297.72,312.32,1.0
2018-08-18 11:30:00,89.55617,36.89188,947.954,272.63,82.8,487.6,10.09,-0.6,-50.16,111.13,77.78,296.68,312.22,111.44,78.02,297.62,312.32,1.0
2018-08-18 11:30:00,89.55617,36.89188,947.946,272.63,82.8,487.7,10.56,-0.59,-49.94,110.86,77.98,297.11,311.96,111.35,78.03,297.5,312.28,1.0
2018-08-18 11:30:00,89.55617,36.89186,947.96,272.63,82.8,487.6,15.06,-0.59,-49.16,110.47,77.98,297.48,311.44,111.23,78.03,297.38,312.23,1.0
2018-08-18 11:30:00,89.55617,36.89185,948.004,272.63,82.8,487.2,16.97,-0.83,-47.78,110.41,77.85,297.69,311.44,111.1,77.99,297.28,312.17,1.0
2018-08-18 11:30:00,89.55617,36.89184,948.019,272.63,82.8,487.1,18.37,-1.18,-46.39,111.52,77.92,297.66,311.94,110.97,77.94,297.28,312.11,1.0
2018-08-18 11:30:00,89.55617,36.89183,947.975,272.64,82.8,487.5,20.58,-1.37,-45.67,109.56,77.78,298.04,312.13,110.86,77.86,297.36,312.06,1.0
2018-08-18 11:30:00,89.55617,36.89181,948.055,272.63,82.8,486.8,21.02,-1.21,-46.03,110.14,77.98,297.66,312.04,110.76,77.76,297.47,312.02,1.0
2018-08-18 11:30:00,89.55616,36.8918,948.0,272.64,82.8,487.2,23.45,-1.1,-46.55,110.67,77.92,297.94,312.34,110.67,77.66,297.65,311.98,1.0
2018-08-18 11:30:00,89.55616,36.89179,948.035,272.64,82.8,487.0,21.43,-0.5,-47.2,108.77,77.92,297.76,311.97,110.58,77.58,297.82,312.04,1.0
2018-08-18 11:30:00,89.55616,36.89178,948.046,272.64,82.8,486.9,18.49,-0.45,-47.44,110.86,77.85,297.85,312.27,110.47,77.51,297.93,312.1,1.0
2018-08-18 11:30:00,89.55616,36.89176,947.99,272.64,82.8,487.3,16.78,-0.94,-47.42,111.58,77.85,297.85,312.17,110.33,77.48,297.99,312.15,1.0
2018-08-18 11:30:00,89.55616,36.89175,948.033,272.63,82.8,487.0,16.24,-1.17,-47.86,110.73,77.92,297.75,312.32,110.16,77.49,298.04,312.19,1.0
2018-08-18 11:30:00,89.55616,36.89174,948.075,272.63,82.7,486.6,17.68,-1.27,-48.44,110.67,77.64,298.4,311.52,109.95,77.54,298.04,312.24,1.0
2018-08-18 11:30:00,89.55616,36.89172,948.071,272.64,82.8,486.7,18.8,-1.4,-48.63,110.8,77.71,298.42,311.82,109.71,77.62,298.0,312.28,1.0
2018-08-18 11:30:00,89.55616,36.89171,948.06,272.64,82.8,486.8,17.92,-1.29,-48.55,109.95,77.78,297.85,311.95,109.48,77.73,297.94,312.3,1.0
2018-08-18 11:30:00,89.55616,36.8917,948.086,272.64,82.8,486.5,16.81,-1.17,-48.34,109.75,77.92,297.88,312.24,109.26,77.85,297.88,312.31,1.0
2018-08-18 11:30:00,89.55616,36.89169,948.168,272.64,82.8,485.8,17.46,-1.25,-47.99,109.88,77.78,298.02,312.05,109.09,77.97,297.83,312.31,1.0
2018-08-18 11:30:00,89.55616,36.89166,948.118,272.64,82.8,486.3,18.84,-1.31,-47.11,111.13,77.78,297.66,312.24,109.0,78.07,297.78,312.31,1.0
2018-08-18 11:30:00,89.55616,36.89163,948.132,272.64,82.8,486.1,19.08,-1.6,-47.2,110.28,77.92,297.77,312.24,109.01,78.16,297.7,312.34,1.0
2018-08-18 11:30:00,89.55616,36.89161,948.176,272.65,82.8,485.8,18.5,-1.8,-47.38,110.67,77.92,297.86,312.15,109.13,78.23,297.65,312.33,1.0
2018-08-18 11:30:00,89.55616,36.89158,948.201,272.65,82.8,485.6,17.48,-1.71,-47.78,109.69,77.85,297.58,312.24,109.35,78.27,297.66,312.3,1.0
2018-08-18 11:30:00,89.55616,36.89155,948.184,272.64,82.8,485.7,16.61,-1.33,-48.29,109.75,77.85,297.87,312.15,109.66,78.28,297.72,312.26,1.0
2018-08-18 11:30:00,89.55616,36.89152,948.189,272.64,82.7,485.7,16.55,-0.92,-48.35,110.73,77.85,297.97,312.26,110.04,78.27,297.76,312.21,1.0
2018-08-18 11:30:00,89.55616,36.8915,948.255,272.64,82.7,485.1,15.2,-0.94,-47.06,109.36,77.92,297.86,312.35,110.45,78.24,297.82,312.14,1.0
2018-08-18 11:30:00,89.55616,36.89147,948.234,272.64,82.7,485.3,14.44,-1.12,-46.76,110.28,77.85,297.77,312.15,110.85,78.2,297.86,312.07,1.0
2018-08-18 11:30:00,89.55615,36.89144,948.258,272.64,82.7,485.1,12.34,-1.13,-46.53,110.73,77.92,297.6,312.26,111.21,78.14,297.87,312.0,1.0
2018-08-18 11:30:00,89.55615,36.89142,948.33,272.64,82.7,484.5,10.42,-1.04,-46.46,110.34,77.85,297.79,312.06,111.5,78.08,297.81,311.93,1.0
2018-08-18 11:30:00,89.55615,36.89135,948.273,272.64,82.7,485.0,11.44,-1.1,-46.91,109.88,78.05,297.6,312.06,111.69,78.01,297.66,311.87,1.0
2018-08-18 11:30:00,89.55615,36.89129,948.263,272.65,82.7,485.1,13.95,-0.9,-46.62,110.54,77.92,297.79,312.06,111.77,77.94,297.52,311.83,1.0
2018-08-18 11:30:00,89.55615,36.89122,948.287,272.65,82.7,484.9,14.85,-0.72,-47.32,110.14,77.98,297.88,312.36,111.74,77.87,297.45,311.82,1.0
2018-08-18 11:30:00,89.55615,36.89116,948.272,272.65,82.7,485.0,15.96,-0.66,-47.86,111.0,77.85,297.79,312.26,111.61,77.8,297.37,311.84,1.0
2018-08-18 11:30:00,89.55615,36.89109,948.248,272.65,82.7,485.2,16.5,-0.72,-47.9,110.28,77.92,297.07,312.26,111.4,77.74,297.3,311.88,1.0
2018-08-18 11:30:00,89.55615,36.89103,948.26,272.65,82.7,485.1,16.29,-0.83,-47.54,110.47,77.85,296.62,312.36,111.12,77.7,297.26,311.93,1.0
2018-08-18 11:30:00,89.55615,36.89096,948.226,272.64,82.7,485.4,17.27,-0.8,-47.52,109.75,77.92,296.82,312.26,110.82,77.67,297.2,311.91,1.0
2018-08-18 11:30:00,89.55615,36.8909,948.342,272.65,82.7,484.4,16.23,-0.65,-47.99,110.93,77.92,297.65,312.08,110.5,77.66,297.27,311.98,1.0
2018-08-18 11:30:00,89.55615,36.89084,948.333,272.64,82.7,484.5,17.43,-0.76,-47.96,111.26,77.85,297.4,311.79,110.21,77.68,297.3,312.04,1.0
2018-08-18 11:30:00,89.55614,36.89077,948.291,272.64,82.7,484.8,17.93,-0.8,-48.37,110.6,77.92,297.56,312.07,109.95,77.72,297.31,312.02,1.0
2018-08-18 11:30:00,89.55614,36.89071,948.298,272.64,82.7,484.8,17.65,-0.83,-48.93,109.82,77.92,297.59,311.8,109.76,77.77,297.36,311.94,1.0
2018-08-18 11:30:00,89.55614,36.89064,948.301,272.65,82.7,484.7,19.42,-1.34,-48.2,110.41,77.85,296.92,311.2,109.64,77.83,297.49,311.85,1.0
2018-08-18 11:30:00,89.55614,36.8906,948.297,272.65,82.7,484.8,18.75,-1.1,-48.13,110.86,77.64,298.36,311.68,109.61,77.9,297.63,311.75,1.0
2018-08-18 11:30:00,89.55614,36.89055,948.336,272.65,82.7,484.5,20.2,-0.76,-48.34,110.08,77.92,297.86,311.89,109.68,77.95,297.71,311.65,1.0
2018-08-18 11:30:00,89.55614,36.89051,948.367,272.65,82.7,484.2,20.97,-0.64,-48.59,110.01,77.85,297.6,311.3,109.83,78.0,297.81,311.58,1.0
2018-08-18 11:30:00,89.55614,36.89047,948.359,272.65,82.7,484.3,21.52,-0.79,-48.61,110.08,77.98,297.69,311.1,110.07,78.02,297.87,311.55,1.0
2018-08-18 11:30:00,89.55614,36.89042,948.318,272.65,82.7,484.6,22.86,-1.1,-48.34,110.28,77.92,298.0,311.35,110.39,78.03,297.92,311.58,1.0
2018-08-18 11:30:00,89.55614,36.89038,948.339,272.65,82.7,484.4,24.15,-1.35,-48.26,110.86,77.92,298.6,311.38,110.75,78.01,298.02,311.69,1.0
2018-08-18 11:30:00,89.55614,36.89034,948.442,272.65,82.7,483.6,23.94,-1.21,-48.42,110.21,77.92,298.51,311.67,111.13,77.99,297.99,311.75,1.0
2018-08-18 11:30:00,89.55614,36.89029,948.458,272.66,82.7,483.4,22.96,-0.97,-48.22,110.54,77.85,298.4,312.06,111.49,77.95,298.02,311.83,1.0
2018-08-18 11:30:00,89.55614,36.89025,948.43,272.66,82.7,483.7,22.84,-0.99,-47.47,110.14,77.92,298.06,312.48,111.81,77.92,298.06,311.97,1.0
2018-08-18 11:30:00,89.55613,36.89021,948.433,272.66,82.7,483.6,23.74,-1.32,-46.53,110.01,77.92,297.7,312.08,112.03,77.89,298.09,312.14,1.0
2018-08-18 11:30:00,89.55613,36.89016,948.447,272.65,82.7,483.5,23.59,-1.54,-46.41,110.93,77.98,297.61,312.08,112.15,77.88,298.08,312.26,1.0
2018-08-18 11:30:00,89.55613,36.89012,948.461,272.65,82.7,483.4,21.88,-1.71,-46.4,110.86,77.71,297.6,312.27,112.15,77.88,297.99,312.35,1.0
2018-08-18 11:30:00,89.55613,36.89009,948.499,272.65,82.7,483.1,20.83,-1.6,-45.56,110.47,77.92,297.61,312.08,112.01,77.88,297.87,312.39,1.0
2018-08-18 11:30:00,89.55613,36.89008,948.51,272.65,82.7,483.0,21.48,-1.59,-44.35,110.8,77.85,297.71,312.37,111.77,77.89,297.76,312.35,1.0
2018-08-18 11:30:00,89.55613,36.89006,948.506,272.66,82.7,483.0,23.49,-1.75,-43.21,110.67,77.92,297.71,312.28,111.45,77.91,297.67,312.27,1.0
2018-08-18 11:30:00,89.55613,36.89005,948.571,272.65,82.7,482.5,25.46,-2.01,-42.53,110.28,77.92,297.62,312.19,111.09,77.92,297.61,312.17,1.0
2018-08-18 11:30:00,89.55613,36.89003,948.573,272.66,82.7,482.5,23.5,-2.01,-42.58,110.54,77.92,297.9,312.1,110.74,77.92,297.57,312.07,1.0
2018-08-18 11:30:00,89.55613,36.89002,948.547,272.66,82.7,482.7,22.39,-1.92,-42.2,110.73,77.92,298.08,312.29,110.45,77.91,297.56,311.98,1.0
2018-08-18 11:30:00,89.55613,36.89,948.54,272.66,82.7,482.8,22.62,-1.73,-42.01,111.52,77.92,297.9,312.1,110.27,77.89,297.57,311.91,1.0
2018-08-18 11:30:00,89.55613,36.88998,948.55,272.66,82.7,482.7,22.16,-1.49,-42.3,111.06,77.85,297.62,312.19,110.2,77.88,297.61,311.87,1.0
2018-08-18 11:30:00,89.55613,36.88997,948.561,272.65,82.7,482.6,20.04,-1.23,-43.13,110.08,77.92,297.91,312.38,110.27,77.86,297.66,311.82,1.0
2018-08-18 11:30:00,89.55613,36.88995,948.602,272.66,82.7,482.2,18.38,-0.75,-44.3,110.47,77.92,297.71,312.1,110.45,77.85,297.71,311.73,1.0
2018-08-18 11:30:00,89.55613,36.88994,948.664,272.66,82.7,481.7,17.74,-1.03,-45.7,110.67,77.85,297.8,312.28,110.71,77.85,297.86,311.73,1.0
2018-08-18 11:30:00,89.55613,36.88992,948.622,272.66,82.7,482.1,16.94,-0.88,-45.77,110.6,77.92,297.81,311.9,111.01,77.87,297.94,311.75,1.0
2018-08-18 11:30:00,89.55613,36.88991,948.567,272.66,82.7,482.5,16.78,-0.59,-45.5,109.95,77.92,297.63,312.29,111.27,77.91,297.96,311.76,1.0
2018-08-18 11:30:00,89.55613,36.88989,948.577,272.66,82.7,482.5,17.21,-0.29,-45.74,110.41,77.92,297.74,311.56,111.46,77.95,297.95,311.76,1.0
2018-08-18 11:30:00,89.55612,36.88987,948.582,272.66,82.7,482.4,17.37,0.11,-46.7,110.47,77.85,297.4,310.94,111.51,77.99,297.91,311.74,1.0
2018-08-18 11:30:00,89.55612,36.88985,948.562,272.66,82.7,482.6,15.28,-0.39,-47.54,110.86,77.64,298.65,311.96,111.4,78.04,297.87,311.72,1.0
2018-08-18 11:30:00,89.55612,36.88983,948.588,272.66,82.7,482.4,13.64,-0.67,-50.67,111.19,78.05,298.04,312.0,111.12,78.07,297.82,311.69,1.0
2018-08-18 11:30:00,89.55612,36.88981,948.604,272.66,82.7,482.2,11.64,-1.04,-52.69,111.26,77.92,297.92,312.1,110.68,78.08,297.77,311.6,1.0
2018-08-18 11:30:00,89.55612,36.88979,948.631,272.66,82.6,482.0,11.14,-1.28,-53.5,111.52,77.98,297.64,312.0,110.14,78.08,297.78,311.47,1.0
2018-08-18 11:30:00,89.55612,36.88977,948.722,272.66,82.6,481.2,13.29,-1.11,-53.6,110.34,77.92,297.63,312.11,109.56,78.06,297.87,311.42,1.0
2018-08-18 11:30:00,89.55612,36.88975,948.709,272.66,82.6,481.4,13.46,-0.8,-52.04,110.47,77.98,297.74,312.02,109.0,78.03,297.98,311.49,1.0
2018-08-18 11:30:00,89.55612,36.88973,948.701,272.66,82.6,481.4,17.27,-1.35,-50.35,110.47,77.85,297.65,312.21,108.55,78.0,297.98,311.49,1.0
2018-08-18 11:30:00,89.55612,36.88971,948.74,272.66,82.6,481.1,19.06,-1.43,-49.72,110.34,77.98,297.92,311.06,108.27,77.98,298.05,311.5,1.0
2018-08-18 11:30:00,89.55612,36.88969,948.751,272.66,82.6,481.0,18.0,-1.15,-49.66,111.13,77.92,298.09,310.87,108.2,77.97,298.14,311.53,1.0
2018-08-18 11:30:00,89.55612,36.88967,948.688,272.66,82.6,481.5,14.5,-0.75,-49.73,110.14,77.71,298.86,310.83,108.37,77.98,298.19,311.57,1.0
2018-08-18 11:30:00,89.55612,36.88965,948.754,272.67,82.6,481.0,10.89,-0.42,-49.89,110.01,78.12,298.55,311.06,108.76,78.01,298.19,311.59,1.0
2018-08-18 11:30:00,89.55612,36.88964,948.744,272.67,82.6,481.1,9.37,-0.3,-50.08,109.88,77.92,298.58,311.18,109.33,78.04,298.16,311.56,1.0
2018-08-18 11:30:00,89.55612,36.88962,948.73,272.67,82.6,481.2,8.7,-0.23,-50.5,110.28,77.98,298.49,311.21,110.01,78.08,298.1,311.5,1.0
2018-08-18 11:30:00,89.55612,36.88962,948.742,272.67,82.6,481.1,9.14,-0.09,-50.89,110.21,77.85,298.19,311.62,110.72,78.1,298.02,311.51,1.0
2018-08-18 11:30:00,89.55611,36.88962,948.758,272.67,82.6,480.9,10.07,0.01,-51.25,110.08,77.85,298.01,312.14,111.38,78.1,297.9,311.55,1.0
2018-08-18 11:30:00,89.55611,36.88962,948.701,272.67,82.6,481.4,10.5,-0.15,-51.68,110.21,77.98,297.92,312.32,111.9,78.06,297.73,311.59,1.0
2018-08-18 11:30:00,89.55611,36.88961,948.75,272.67,82.6,481.0,11.26,-0.6,-51.95,111.19,77.98,297.73,312.02,112.22,77.99,297.59,311.64,1.0
2018-08-18 11:30:00,89.55611,36.88961,948.807,272.67,82.6,480.5,11.15,-0.77,-52.79,110.28,77.92,297.92,312.11,112.31,77.87,297.51,311.74,1.0
2018-08-18 11:30:00,89.55611,36.88961,948.848,272.67,82.6,480.2,9.7,-0.75,-53.02,111.06,77.98,297.92,312.12,112.16,77.73,297.47,311.88,1.0
2018-08-18 11:30:00,89.55611,36.88961,948.86,272.67,82.6,480.1,7.93,-0.88,-53.35,110.67,77.98,297.65,312.13,111.81,77.58,297.47,312.01,1.0
2018-08-18 11:30:00,89.55611,36.88961,948.843,272.67,82.6,480.2,6.75,-1.3,-54.34,110.47,77.98,297.65,312.13,111.31,77.43,297.52,312.14,1.0
2018-08-18 11:30:00,89.55611,36.88961,948.88,272.67,82.6,479.9,5.75,-1.69,-55.28,110.86,77.98,297.65,312.23,110.74,77.32,297.6,312.23,1.0
2018-08-18 11:30:00,89.5561,36.88961,948.798,272.67,82.6,480.6,4.76,-1.7,-54.97,109.75,77.92,297.75,312.67,110.18,77.25,297.69,312.32,1.0
2018-08-18 11:30:00,89.5561,36.8896,948.787,272.67,82.6,480.7,6.52,-1.71,-54.47,110.73,77.85,297.84,312.18,109.71,77.25,297.89,312.4,1.0
2018-08-18 11:30:00,89.5561,36.8896,948.83,272.67,82.6,480.3,9.35,-1.57,-54.14,111.0,77.92,297.65,312.21,109.39,77.31,298.02,312.44,1.0
2018-08-18 11:30:00,89.5561,36.8896,948.88,272.68,82.6,479.9,11.92,-1.33,-53.95,111.52,77.85,297.83,312.42,109.25,77.43,298.02,312.42,1.0
2018-08-18 11:30:00,89.5561,36.88959,948.964,272.67,82.6,479.2,12.63,-1.58,-53.25,109.56,77.64,297.52,311.08,109.3,77.6,297.97,312.35,1.0
2018-08-18 11:30:00,89.5561,36.88959,948.954,272.67,82.6,479.3,13.21,-1.58,-52.77,110.47,77.64,297.29,311.28,109.51,77.8,297.89,312.24,1.0
2018-08-18 11:30:00,89.5561,36.88958,948.935,272.67,82.6,479.5,12.86,-1.79,-52.31,110.54,77.64,298.83,311.68,109.84,78.0,297.79,312.08,1.0
2018-08-18 11:30:00,89.5561,36.88958,948.928,272.67,82.6,479.5,9.99,-1.68,-52.21,109.88,77.85,298.48,312.01,110.22,78.16,297.7,311.93,1.0
2018-08-18 11:30:00,89.5561,36.88958,948.933,272.67,82.6,479.5,6.31,-1.35,-52.84,110.6,77.98,297.65,312.3,110.57,78.29,297.62,311.81,1.0
2018-08-18 11:30:00,89.5561,36.88957,948.943,272.67,82.6,479.4,4.42,-1.19,-54.27,110.54,77.98,297.82,312.1,110.83,78.34,297.57,311.73,1.0
2018-08-18 11:30:00,89.5561,36.88957,949.066,272.68,82.6,478.4,0.81,-1.34,-55.61,109.95,78.05,297.6,312.21,110.96,78.33,297.58,311.75,1.0
2018-08-18 11:30:00,89.5561,36.88957,949.067,272.67,82.6,478.4,0.59,-1.46,-55.31,110.21,77.92,297.83,312.22,110.93,78.25,297.62,311.83,1.0
2018-08-18 11:30:00,89.5561,36.88956,949.049,272.67,82.6,478.5,1.69,-1.59,-55.44,110.08,77.85,297.84,312.12,110.75,78.12,297.58,311.92,1.0
2018-08-18 11:30:00,89.5561,36.88955,949.034,272.67,82.6,478.6,4.43,-1.66,-55.64,111.39,77.78,297.65,312.31,110.46,77.97,297.66,312.08,1.0
2018-08-18 11:30:00,89.5561,36.88954,949.02,272.67,82.6,478.8,8.91,-1.72,-55.52,110.93,78.12,297.84,312.22,110.11,77.8,297.88,312.31,1.0
2018-08-18 11:30:00,89.55609,36.88954,949.032,272.68,82.6,478.7,14.24,-1.94,-55.14,110.93,77.85,297.75,312.31,109.78,77.65,298.0,312.49,1.0
2018-08-18 11:30:00,89.55609,36.88953,949.029,272.68,82.6,478.7,18.94,-2.12,-55.42,110.54,78.05,297.84,312.22,109.54,77.54,298.1,312.55,1.0
2018-08-18 11:30:00,89.55609,36.88952,949.091,272.67,82.6,478.2,18.57,-2.24,-55.74,110.08,77.71,297.84,312.12,109.43,77.47,298.15,312.56,1.0
2018-08-18 11:30:00,89.55609,36.88951,949.122,272.67,82.6,477.9,16.0,-2.37,-55.96,110.28,77.92,298.39,312.66,109.5,77.46,298.14,312.51,1.0
2018-08-18 11:30:00,89.55609,36.8895,949.1,272.68,82.6,478.1,13.29,-2.57,-55.78,109.69,77.85,298.56,313.44,109.75,77.48,298.09,312.42,1.0
2018-08-18 11:30:00,89.55609,36.88949,949.117,272.68,82.6,478.0,12.16,-2.82,-54.73,110.93,77.64,297.74,313.13,110.16,77.55,298.0,312.31,1.0
2018-08-18 11:30:00,89.55609,36.88949,949.158,272.67,82.6,477.6,11.81,-2.85,-54.51,110.14,77.78,297.47,312.16,110.68,77.63,297.89,312.19,1.0
2018-08-18 11:30:00,89.55609,36.88948,949.128,272.68,82.6,477.9,11.17,-3.14,-53.49,110.14,77.85,297.65,312.04,111.23,77.73,297.77,312.09,1.0
2018-08-18 11:30:00,89.55609,36.88947,949.165,272.68,82.6,477.6,11.54,-3.16,-52.44,109.82,77.92,297.74,312.22,111.75,77.81,297.65,312.01,1.0
2018-08-18 11:30:00,89.55609,36.88946,949.231,272.68,82.6,477.0,12.77,-3.05,-51.69,110.34,77.92,297.56,312.12,112.15,77.88,297.56,311.92,1.0
2018-08-18 11:30:00,89.55609,36.88946,949.179,272.68,82.6,477.4,14.02,-3.07,-51.27,109.88,77.92,297.67,311.94,112.38,77.92,297.55,311.79,1.0
2018-08-18 11:30:00,89.55609,36.88946,949.186,272.68,82.6,477.4,15.04,-2.93,-51.47,110.86,77.71,297.67,312.04,112.39,77.95,297.66,311.71,1.0
2018-08-18 11:30:00,89.55608,36.88945,949.18,272.68,82.6,477.4,14.33,-2.74,-51.37,111.78,77.85,297.83,311.75,112.2,77.96,297.72,311.76,1.0
2018-08-18 11:30:00,89.55608,36.88945,949.217,272.68,82.6,477.1,10.9,-2.74,-51.6,110.67,77.98,297.63,312.33,111.81,77.97,297.8,311.84,1.0
2018-08-18 11:30:00,89.55608,36.88944,949.218,272.68,82.6,477.1,7.35,-2.71,-51.99,111.26,77.85,298.37,312.04,111.29,77.98,297.89,311.92,1.0
2018-08-18 11:30:00,89.55608,36.88944,949.146,272.68,82.6,477.7,5.3,-2.61,-52.41,110.54,77.71,298.94,311.79,110.7,78.0,297.98,311.99,1.0
2018-08-18 11:30:00,89.55608,36.88944,949.219,272.68,82.6,477.1,7.17,-2.58,-52.81,111.0,77.64,298.87,311.5,110.12,78.03,298.07,312.05,1.0
2018-08-18 11:30:00,89.55608,36.88943,949.195,272.68,82.6,477.3,9.52,-2.53,-52.65,110.47,78.05,297.8,311.75,109.64,78.07,298.14,312.15,1.0
2018-08-18 11:30:00,89.55608,36.88943,949.219,272.68,82.6,477.1,9.78,-2.46,-52.41,110.14,77.92,297.57,311.85,109.32,78.12,298.19,312.16,1.0
2018-08-18 11:30:00,89.55608,36.88943,949.252,272.68,82.6,476.8,8.86,-2.31,-52.49,110.47,78.05,297.76,312.16,109.2,78.18,298.17,312.16,1.0
2018-08-18 11:30:00,89.55608,36.88942,949.239,272.69,82.6,476.9,7.83,-2.1,-53.06,109.56,77.78,297.67,311.86,109.3,78.24,298.09,312.16,1.0
2018-08-18 11:30:00,89.55608,36.88942,949.228,272.69,82.6,477.0,7.19,-1.95,-53.79,110.8,77.85,297.59,312.2,109.59,78.28,297.94,312.17,1.0
2018-08-18 11:30:00,89.55608,36.88941,949.161,272.69,82.6,477.6,4.87,-1.99,-53.82,110.6,77.78,297.74,313.0,110.04,78.32,297.79,312.21,1.0
2018-08-18 11:30:00,89.55608,36.8894,949.185,272.69,82.6,477.4,6.12,-2.08,-53.83,110.67,77.92,297.69,312.36,110.57,78.33,297.73,312.25,1.0
2018-08-18 11:30:00,89.55608,36.88939,949.225,272.69,82.6,477.1,8.43,-2.09,-53.3,110.47,77.92,297.34,312.34,111.12,78.33,297.7,312.29,1.0
2018-08-18 11:30:00,89.55607,36.88938,949.264,272.69,82.5,476.7,10.16,-2.09,-52.69,110.8,77.92,297.44,312.53,111.59,78.3,297.68,312.33,1.0
2018-08-18 11:30:00,89.55607,36.88938,949.314,272.69,82.5,476.3,10.88,-2.09,-52.26,110.14,78.12,297.64,312.04,111.93,78.26,297.66,312.33,1.0
2018-08-18 11:30:00,89.55607,36.88937,949.333,272.69,82.5,476.2,11.33,-2.1,-51.79,110.21,78.05,297.74,312.23,112.07,78.2,297.62,312.21,1.0
2018-08-18 11:30:00,89.55607,36.88936,949.377,272.69,82.5,475.8,11.8,-2.21,-50.66,111.39,78.05,297.85,312.05,111.99,78.13,297.63,312.09,1.0
2018-08-18 11:30:00,89.55607,36.88935,949.354,272.69,82.5,476.0,12.5,-1.95,-51.26,110.47,77.85,297.68,312.34,111.7,78.04,297.64,312.04,1.0
2018-08-18 11:30:00,89.55607,36.88934,949.354,272.69,82.5,476.0,12.46,-1.72,-51.89,110.67,77.85,297.87,311.86,111.23,77.95,297.67,311.99,1.0
2018-08-18 11:30:00,89.55607,36.88933,949.412,272.69,82.5,475.5,11.5,-1.54,-52.15,110.01,77.98,297.6,311.8,110.63,77.85,297.74,311.93,1.0
2018-08-18 11:30:00,89.55607,36.88932,949.452,272.69,82.5,475.2,10.15,-1.14,-52.65,111.65,77.98,297.37,310.56,109.98,77.75,297.82,311.91,1.0
2018-08-18 11:30:00,89.55607,36.88932,949.359,272.69,82.5,476.0,7.15,-0.93,-52.94,110.14,77.92,297.88,311.91,109.36,77.66,297.85,311.88,1.0
2018-08-18 11:30:00,89.55607,36.88931,949.42,272.7,82.5,475.4,9.61,-1.0,-52.65,111.13,77.92,297.93,311.77,108.84,77.58,297.87,311.87,1.0
2018-08-18 11:30:00,89.55607,36.8893,949.455,272.7,82.5,475.1,11.96,-0.94,-52.48,110.73,78.05,297.87,312.45,108.49,77.52,297.9,311.88,1.0
2018-08-18 11:30:00,89.55607,36.88929,949.468,272.7,82.5,475.0,13.91,-0.75,-52.42,110.54,77.78,298.2,312.36,108.35,77.49,297.93,311.91,1.0
2018-08-18 11:30:00,89.55607,36.88928,949.531,272.7,82.5,474.5,16.17,-0.57,-52.28,110.86,78.12,298.38,312.07,108.42,77.5,297.97,311.99,1.0
2018-08-18 11:30:00,89.55606,36.88926,949.417,272.7,82.5,475.5,18.71,-0.64,-51.89,110.54,77.85,297.59,311.97,108.7,77.54,298.03,312.15,1.0
2018-08-18 11:30:00,89.55606,36.88923,949.45,272.7,82.5,475.2,22.38,-0.86,-51.71,109.62,77.92,297.87,312.17,109.13,77.62,298.04,312.23,1.0
2018-08-18 11:30:00,89.55606,36.88921,949.469,272.7,82.5,475.0,24.96,-0.65,-52.59,110.01,77.85,297.68,312.26,109.65,77.73,298.04,312.25,1.0
2018-08-18 11:30:00,89.55606,36.88918,949.469,272.7,82.5,475.0,26.28,-0.43,-53.18,109.62,77.71,297.68,312.16,110.19,77.85,298.07,312.26,1.0
2018-08-18 11:30:00,89.55606,36.88916,949.471,272.7,82.5,475.0,25.4,-0.41,-52.86,108.9,77.78,297.5,311.87,110.67,77.98,298.08,312.25,1.0
2018-08-18 11:30:00,89.55606,36.88914,949.48,272.7,82.5,474.9,20.28,-0.51,-51.94,111.72,77.85,297.68,311.97,111.03,78.1,297.99,312.16,1.0
2018-08-18 11:30:00,89.55606,36.88911,949.478,272.7,82.5,475.0,17.85,-0.37,-51.9,110.47,77.92,297.68,312.06,111.23,78.2,297.97,312.07,1.0
2018-08-18 11:30:00,89.55606,36.88909,949.51,272.7,82.5,474.7,18.04,-0.27,-51.17,110.34,77.92,297.87,312.07,111.25,78.26,297.94,311.98,1.0
2018-08-18 11:30:00,89.55606,36.88907,949.51,272.7,82.5,474.7,19.22,-0.25,-50.56,111.39,78.05,298.06,312.41,111.1,78.29,297.92,311.9,1.0
2018-08-18 11:30:00,89.55606,36.88904,949.481,272.7,82.5,474.9,20.19,-0.25,-50.21,110.41,77.92,298.15,312.57,110.82,78.29,297.9,311.85,1.0
2018-08-18 11:30:00,89.55606,36.889,949.516,272.7,82.5,474.6,19.89,-0.13,-50.08,110.6,77.92,297.86,312.07,110.46,78.26,297.9,311.82,1.0
2018-08-18 11:30:00,89.55605,36.88897,949.563,272.7,82.5,474.3,19.26,0.15,-50.35,110.47,77.98,297.87,312.36,110.09,78.22,297.89,311.82,1.0
2018-08-18 11:30:00,89.55605,36.88894,949.539,272.7,82.5,474.5,20.19,0.25,-50.52,110.01,77.98,297.87,312.17,109.78,78.19,297.88,311.84,1.0
2018-08-18 11:30:00,89.55605,36.8889,949.539,272.7,82.5,474.5,20.35,0.36,-50.66,110.08,77.85,297.78,312.46,109.58,78.16,297.86,311.92,1.0
2018-08-18 11:30:00,89.55605,36.88887,949.564,272.7,82.5,474.2,19.42,0.55,-50.8,110.41,77.98,297.88,312.17,109.53,78.16,297.8,311.95,1.0
2018-08-18 11:30:00,89.55605,36.88884,949.584,272.7,82.5,474.1,18.33,0.7,-50.85,110.8,78.12,297.89,312.07,109.64,78.17,297.71,311.91,1.0
2018-08-18 11:30:00,89.55605,36.8888,949.566,272.7,82.5,474.2,19.59,0.45,-50.61,109.95,77.85,297.89,312.08,109.91,78.2,297.62,311.89,1.0
2018-08-18 11:30:00,89.55605,36.88877,949.615,272.7,82.5,473.8,19.06,0.61,-50.36,110.08,78.05,298.07,311.97,110.29,78.22,297.52,311.83,1.0
2018-08-18 11:30:00,89.55605,36.88874,949.612,272.71,82.5,473.8,17.47,0.71,-50.27,109.95,77.92,297.86,312.78,110.75,78.22,297.41,311.75,1.0
2018-08-18 11:30:00,89.55605,36.88871,949.613,272.71,82.5,473.8,16.64,0.77,-50.16,111.06,77.85,298.08,312.58,111.22,78.18,297.31,311.66,1.0
2018-08-18 11:30:00,89.55605,36.88867,949.639,272.71,82.5,473.6,16.95,0.79,-49.86,110.28,77.92,297.74,311.96,111.65,78.09,297.22,311.57,1.0
2018-08-18 11:30:00,89.55605,36.88866,949.625,272.71,82.5,473.7,17.7,0.71,-49.29,109.56,77.98,297.55,312.19,112.01,77.94,297.15,311.52,1.0
2018-08-18 11:30:00,89.55604,36.88867,949.653,272.7,82.5,473.5,19.37,0.4,-49.04,110.14,78.12,297.61,311.5,112.27,77.75,297.12,311.5,1.0
2018-08-18 11:30:00,89.55604,36.88869,949.635,272.7,82.5,473.7,17.42,0.37,-49.43,111.32,78.05,297.72,311.9,112.43,77.51,297.02,311.56,1.0
2018-08-18 11:30:00,89.55604,36.88871,949.676,272.7,82.5,473.3,14.07,0.65,-49.79,111.26,78.12,298.0,312.09,112.49,77.27,296.97,311.55,1.0
2018-08-18 11:30:00,89.55604,36.88873,949.728,272.71,82.5,472.9,10.01,0.95,-50.42,110.54,77.98,297.81,312.18,112.48,77.05,296.94,311.53,1.0
2018-08-18 11:30:00,89.55604,36.88875,949.692,272.71,82.5,473.2,6.22,0.99,-51.85,110.67,78.05,297.9,311.89,112.43,76.88,296.89,311.57,1.0
2018-08-18 11:30:00,89.55604,36.88876,949.73,272.71,82.5,472.9,5.58,0.85,-54.35,110.6,77.85,297.62,312.15,112.38,76.78,296.82,311.68,1.0
2018-08-18 11:30:00,89.55604,36.88878,949.769,272.71,82.5,472.5,3.66,0.79,-54.48,110.01,77.92,296.54,312.23,112.34,76.79,296.93,311.82,1.0
2018-08-18 11:30:00,89.55604,36.8888,949.785,272.71,82.4,472.4,4.07,0.97,-54.51,111.32,77.78,296.35,311.46,112.33,76.9,296.98,311.93,1.0
2018-08-18 11:30:00,89.55604,36.88882,949.737,272.71,82.4,472.8,5.14,1.21,-54.41,110.47,77.5,296.43,310.55,112.33,77.1,296.97,312.0,1.0
2018-08-18 11:30:00,89.55604,36.88884,949.644,272.71,82.5,473.6,5.65,1.36,-54.25,110.93,77.71,296.06,310.17,112.33,77.39,296.95,312.02,1.0
2018-08-18 11:30:00,89.55604,36.88886,949.774,272.71,82.4,472.5,5.85,1.24,-54.54,110.93,77.57,295.72,311.55,112.3,77.71,296.91,312.01,1.0
2018-08-18 11:30:00,89.55604,36.88888,949.759,272.71,82.4,472.6,7.77,1.25,-54.94,110.93,77.71,298.08,311.78,112.21,78.05,296.88,311.99,1.0
2018-08-18 11:30:00,89.55603,36.88887,949.754,272.71,82.4,472.7,7.18,1.17,-55.22,111.06,77.71,298.0,311.94,112.03,78.37,296.98,311.93,1.0
2018-08-18 11:30:00,89.55603,36.88886,949.777,272.71,82.4,472.5,5.89,1.08,-55.52,111.39,77.92,297.62,312.2,111.76,78.63,297.09,311.95,1.0
2018-08-18 11:30:00,89.55603,36.88886,949.807,272.71,82.4,472.2,5.15,0.96,-55.54,110.86,77.98,297.62,312.2,111.39,78.81,297.22,312.06,1.0
2018-08-18 11:30:00,89.55603,36.88885,949.81,272.72,82.4,472.2,5.7,0.89,-55.01,111.13,78.05,297.62,312.1,110.94,78.9,297.45,312.21,1.0
2018-08-18 11:30:00,89.55603,36.88884,949.901,272.72,82.4,471.4,7.7,1.39,-54.67,111.13,77.98,297.72,312.2,110.46,78.9,297.8,312.32,1.0
2018-08-18 11:30:00,89.55603,36.88883,949.896,272.72,82.4,471.5,9.87,1.33,-54.55,110.67,77.92,297.72,312.11,110.0,78.83,297.93,312.41,1.0
2018-08-18 11:30:00,89.55603,36.88882,949.855,272.72,82.4,471.8,10.66,0.99,-54.38,111.26,77.92,297.54,312.12,109.6,78.71,298.06,312.49,1.0
2018-08-18 11:30:00,89.55603,36.88882,949.829,272.71,82.4,472.0,10.49,0.91,-53.95,111.58,77.92,297.92,312.21,109.32,78.56,298.18,312.56,1.0
2018-08-18 11:30:00,89.55603,36.88881,949.843,272.71,82.4,471.9,9.77,1.19,-53.59,109.88,78.12,297.9,312.12,109.18,78.4,298.26,312.6,1.0
2018-08-18 11:30:00,89.55603,36.8888,949.831,272.72,82.4,472.0,8.11,1.03,-54.67,110.73,77.92,298.45,312.12,109.21,78.25,298.3,312.59,1.0
2018-08-18 11:30:00,89.55603,36.88879,949.863,272.71,82.4,471.8,7.74,1.57,-54.69,110.73,78.05,298.11,312.26,109.4,78.13,298.29,312.53,1.0
2018-08-18 11:30:00,89.55603,36.88879,949.899,272.71,82.4,471.5,6.26,1.8,-55.32,111.26,77.92,297.77,312.12,109.71,78.04,298.24,312.42,1.0
2018-08-18 11:30:00,89.55603,36.88878,949.886,272.72,82.4,471.6,5.54,1.99,-55.84,110.14,77.92,297.73,312.2,110.11,77.97,298.16,312.28,1.0
2018-08-18 11:30:00,89.55602,36.88878,949.834,272.71,82.4,472.0,5.97,2.04,-55.93,110.47,78.05,297.73,312.21,110.54,77.93,298.07,312.13,1.0
2018-08-18 11:30:00,89.55602,36.88878,949.875,272.72,82.4,471.7,6.58,1.65,-55.69,111.0,78.05,297.74,312.12,110.94,77.9,297.97,311.99,1.0
2018-08-18 11:30:00,89.55602,36.88878,949.887,272.72,82.4,471.6,8.59,1.65,-54.62,110.14,77.98,297.73,312.31,111.25,77.87,297.83,311.87,1.0
2018-08-18 11:30:00,89.55602,36.88877,949.922,272.72,82.4,471.3,11.73,2.06,-54.63,110.93,77.92,297.64,311.92,111.45,77.84,297.76,311.79,1.0
2018-08-18 11:30:00,89.55602,36.88877,949.947,272.72,82.4,471.1,12.02,2.18,-54.5,111.13,78.12,297.73,312.2,111.49,77.82,297.74,311.75,1.0
2018-08-18 11:30:00,89.55602,36.88877,949.934,272.72,82.4,471.2,10.32,2.08,-53.96,110.86,77.92,297.92,311.92,111.4,77.79,297.75,311.77,1.0
2018-08-18 11:30:00,89.55602,36.88877,949.886,272.72,82.4,471.6,8.38,2.02,-53.14,110.86,77.92,297.73,312.12,111.19,77.77,297.81,311.81,1.0
2018-08-18 11:30:00,89.55602,36.88876,949.956,272.72,82.4,471.0,5.44,2.09,-52.58,110.73,77.98,297.75,312.12,110.89,77.76,297.86,311.88,1.0
2018-08-18 11:30:00,89.55602,36.88876,950.008,272.72,82.4,470.6,2.94,2.2,-51.79,110.93,78.12,297.84,312.24,110.56,77.77,297.91,311.96,1.0
2018-08-18 11:30:00,89.55602,36.88876,950.054,272.72,82.4,470.2,4.68,2.42,-51.35,110.54,77.85,297.46,312.21,110.23,77.8,297.93,312.02,1.0
2018-08-18 11:30:00,89.55602,36.88876,950.067,272.72,82.4,470.1,8.31,2.62,-51.1,110.93,77.71,297.28,311.73,109.96,77.85,297.92,312.07,1.0
2018-08-18 11:30:00,89.55602,36.88876,950.042,272.73,82.4,470.3,10.15,2.67,-50.93,110.47,77.98,297.56,312.13,109.76,77.92,297.89,312.09,1.0
2018-08-18 11:30:00,89.55602,36.88875,950.096,272.73,82.4,469.8,8.6,2.66,-51.05,111.32,77.98,297.93,312.03,109.66,78.0,297.82,312.08,1.0
2018-08-18 11:30:00,89.55602,36.88875,950.126,272.72,82.4,469.6,8.96,2.67,-51.38,111.13,78.05,297.65,311.64,109.66,78.08,297.75,312.06,1.0
2018-08-18 11:30:00,89.55602,36.88873,950.106,272.73,82.4,469.7,9.84,2.82,-51.7,110.14,77.85,297.74,311.94,109.73,78.14,297.77,311.96,1.0
2018-08-18 11:30:00,89.55602,36.88872,950.079,272.73,82.4,470.0,11.41,3.08,-52.12,110.34,77.98,298.03,312.13,109.86,78.18,297.77,311.89,1.0
2018-08-18 11:30:00,89.55602,36.8887,950.057,272.73,82.4,470.2,12.66,3.2,-52.64,110.6,78.05,297.74,311.94,110.02,78.19,297.74,311.87,1.0
2018-08-18 11:30:00,89.55602,36.88868,950.014,272.73,82.4,470.5,12.64,2.97,-53.26,110.54,77.92,297.74,312.03,110.19,78.17,297.72,311.87,1.0
2018-08-18 11:30:00,89.55601,36.88867,950.119,272.73,82.4,469.6,13.33,2.73,-53.93,110.08,77.92,297.47,312.23,110.35,78.13,297.73,311.88,1.0
2018-08-18 11:30:00,89.55601,36.88865,950.183,272.73,82.4,469.1,13.18,2.49,-53.3,110.93,78.05,299.16,311.44,110.49,78.07,297.75,311.92,1.0
2018-08-18 11:30:00,89.55601,36.88863,950.197,272.73,82.4,469.0,13.75,2.52,-53.04,110.54,78.05,298.39,311.84,110.61,77.99,297.81,311.97,1.0
2018-08-18 11:30:00,89.55601,36.88862,950.203,272.73,82.4,468.9,14.59,2.61,-52.84,110.73,77.92,297.94,312.04,110.73,77.91,297.85,312.06,1.0
2018-08-18 11:31:00,89.55601,36.8886,950.237,272.73,82.4,468.7,15.02,2.47,-52.27,110.28,78.05,297.76,312.24,110.85,77.83,297.84,312.18,1.0
2018-08-18 11:31:00,89.55601,36.88858,950.168,272.73,82.4,469.2,14.87,1.95,-51.7,111.26,77.85,297.94,312.04,111.0,77.76,297.79,312.24,1.0
2018-08-18 11:31:00,89.55601,36.88854,950.126,272.73,82.4,469.6,13.0,2.13,-52.01,111.19,78.12,297.76,311.85,111.17,77.7,297.75,312.33,1.0
2018-08-18 11:31:00,89.55601,36.8885,950.202,272.73,82.4,468.9,11.74,2.34,-51.65,110.14,78.05,297.83,312.35,111.38,77.66,297.6,312.42,1.0
2018-08-18 11:31:00,89.55601,36.88845,950.271,272.73,82.4,468.4,9.74,2.7,-51.06,111.91,78.05,298.02,312.72,111.6,77.63,297.47,312.44,1.0
2018-08-18 11:31:00,89.55601,36.88841,950.238,272.73,82.4,468.6,8.31,2.92,-50.46,108.77,77.71,297.02,313.01,111.83,77.61,297.38,312.41,1.0
2018-08-18 11:31:00,89.55601,36.88837,950.145,272.73,82.4,469.4,10.3,2.55,-49.87,109.88,77.64,296.56,312.39,112.02,77.6,297.28,312.37,1.0
2018-08-18 11:31:00,89.55601,36.88833,950.255,272.73,82.4,468.5,11.76,2.45,-49.65,111.0,77.85,297.45,312.78,112.15,77.6,297.15,312.36,1.0
2018-08-18 11:31:00,89.55601,36.88829,950.265,272.73,82.4,468.4,12.87,2.67,-49.23,111.13,78.12,297.74,312.25,112.2,77.62,296.99,312.35,1.0
2018-08-18 11:31:00,89.556,36.88824,950.263,272.73,82.4,468.4,10.96,2.69,-48.96,111.45,78.12,297.87,312.15,112.14,77.63,296.88,312.32,1.0
2018-08-18 11:31:00,89.556,36.8882,950.285,272.73,82.4,468.3,8.95,2.44,-49.06,110.86,77.92,297.78,312.25,111.97,77.66,296.86,312.25,1.0
2018-08-18 11:31:00,89.556,36.88816,950.27,272.74,82.4,468.4,9.82,2.19,-49.61,111.72,77.92,297.71,312.24,111.7,77.7,296.9,312.19,1.0
2018-08-18 11:31:00,89.556,36.88812,950.274,272.73,82.4,468.3,12.9,2.64,-50.75,110.28,77.98,297.39,312.6,111.34,77.75,296.97,312.12,1.0
2018-08-18 11:31:00,89.556,36.88808,950.224,272.74,82.4,468.8,13.77,2.97,-51.55,111.13,77.85,296.7,312.5,110.94,77.8,297.06,312.05,1.0
2018-08-18 11:31:00,89.556,36.88806,950.224,272.74,82.4,468.8,12.5,2.86,-52.13,111.13,77.5,297.06,312.08,110.54,77.87,297.16,312.03,1.0
2018-08-18 11:31:00,89.556,36.88804,950.29,272.73,82.4,468.2,10.64,2.63,-52.64,111.26,77.85,297.59,312.39,110.18,77.93,297.27,312.04,1.0
2018-08-18 11:31:00,89.556,36.88802,950.369,272.74,82.4,467.6,10.0,2.52,-53.22,109.75,77.92,297.37,312.7,109.9,78.0,297.36,312.03,1.0
2018-08-18 11:31:00,89.556,36.888,950.342,272.73,82.4,467.8,10.98,2.36,-53.97,111.26,77.92,296.95,312.05,109.72,78.05,297.39,311.99,1.0
2018-08-18 11:31:00,89.556,36.88798,950.341,272.74,82.4,467.8,13.98,2.49,-54.05,110.47,77.98,297.53,312.22,109.65,78.11,297.44,311.92,1.0
2018-08-18 11:31:00,89.556,36.88796,950.336,272.74,82.4,467.8,14.78,2.23,-54.36,110.93,78.05,297.41,312.29,109.68,78.15,297.51,311.86,1.0
2018-08-18 11:31:00,89.556,36.88795,950.355,272.74,82.4,467.7,14.06,1.84,-54.7,111.19,77.98,297.65,312.29,109.81,78.18,297.53,311.76,1.0
2018-08-18 11:31:00,89.556,36.88793,950.372,272.74,82.4,467.5,12.67,1.56,-54.23,110.93,77.85,297.47,312.09,109.99,78.2,297.49,311.65,1.0
2018-08-18 11:31:00,89.556,36.88791,950.326,272.74,82.4,467.9,11.3,1.55,-52.46,109.82,77.85,296.65,311.74,110.19,78.21,297.42,311.59,1.0
2018-08-18 11:31:00,89.556,36.88789,950.37,272.74,82.4,467.6,9.42,1.53,-52.81,110.86,77.98,296.67,311.01,110.38,78.22,297.39,311.57,1.0
2018-08-18 11:31:00,89.556,36.88788,950.343,272.74,82.3,467.8,6.7,1.68,-52.9,110.47,77.92,296.88,311.27,110.53,78.22,297.32,311.5,1.0
2018-08-18 11:31:00,89.556,36.88786,950.326,272.74,82.3,467.9,4.31,2.09,-52.52,110.54,77.98,297.17,310.93,110.63,78.22,297.25,311.43,1.0
2018-08-18 11:31:00,89.556,36.88781,950.337,272.74,82.3,467.8,3.85,2.3,-51.74,110.73,77.71,297.38,310.71,110.68,78.21,297.19,311.39,1.0
2018-08-18 11:31:00,89.556,36.88777,950.361,272.74,82.3,467.6,6.02,2.18,-50.87,111.52,78.05,297.32,311.5,110.69,78.19,297.2,311.38,1.0
2018-08-18 11:31:00,89.556,36.88772,950.378,272.74,82.3,467.5,9.22,2.4,-50.43,110.93,78.05,297.68,311.7,110.67,78.16,297.3,311.42,1.0
2018-08-18 11:31:00,89.556,36.88767,950.391,272.74,82.3,467.4,11.24,2.59,-50.36,110.28,77.98,297.95,311.44,110.65,78.12,297.43,311.48,1.0
2018-08-18 11:31:00,89.556,36.88762,950.422,272.74,82.3,467.1,11.74,2.96,-50.24,110.8,78.19,297.9,311.69,110.64,78.07,297.59,311.54,1.0
2018-08-18 11:31:00,89.556,36.88758,950.474,272.74,82.3,466.7,12.72,3.41,-50.14,109.75,77.85,298.0,311.98,110.67,78.01,297.74,311.69,1.0
2018-08-18 11:31:00,89.556,36.88753,950.51,272.75,82.3,466.4,13.3,3.8,-50.03,111.72,77.98,297.81,311.98,110.74,77.95,297.89,311.84,1.0
2018-08-18 11:31:00,89.556,36.88748,950.423,272.74,82.3,467.1,10.98,3.91,-50.05,110.28,77.92,297.81,312.18,110.85,77.89,298.04,311.92,1.0
2018-08-18 11:31:00,89.556,36.88743,950.432,272.74,82.3,467.0,8.81,3.86,-53.15,110.8,77.98,297.81,311.98,110.99,77.84,298.14,312.02,1.0
2018-08-18 11:31:00,89.55599,36.88739,950.438,272.75,82.3,467.0,8.54,3.85,-55.04,110.01,77.85,297.64,311.99,111.13,77.81,298.18,312.12,1.0
2018-08-18 11:31:00,89.55599,36.88734,950.471,272.75,82.3,466.7,7.79,4.02,-56.42,110.47,78.12,297.72,311.9,111.26,77.8,298.17,312.2,1.0
2018-08-18 11:31:00,89.55599,36.88729,950.504,272.75,82.3,466.4,5.26,4.19,-56.51,111.39,78.05,297.54,312.17,111.37,77.82,298.1,312.25,1.0
2018-08-18 11:31:00,89.55599,36.88725,950.488,272.75,82.3,466.6,0.78,4.16,-55.14,111.72,77.85,297.66,311.74,111.44,77.88,298.0,312.27,1.0
2018-08-18 11:31:00,89.55599,36.88721,950.54,272.75,82.3,466.1,-4.31,4.07,-55.55,110.47,78.05,297.72,312.18,111.47,77.95,297.86,312.27,1.0
2018-08-18 11:31:00,89.55599,36.88718,950.548,272.75,82.3,466.1,-6.89,3.84,-54.96,110.14,77.78,297.73,311.9,111.47,78.05,297.73,312.26,1.0
2018-08-18 11:31:00,89.55599,36.88714,950.5,272.75,82.3,466.5,-3.92,3.94,-54.33,110.93,77.85,297.63,312.0,111.45,78.15,297.61,312.24,1.0
2018-08-18 11:31:00,89.55599,36.88711,950.504,272.75,82.3,466.4,0.66,4.23,-53.91,110.93,77.98,297.53,312.0,111.43,78.25,297.52,312.22,1.0
2018-08-18 11:31:00,89.55599,36.88707,950.598,272.75,82.3,465.7,3.51,4.32,-53.74,110.67,77.92,297.72,312.1,111.41,78.33,297.49,312.22,1.0
2018-08-18 11:31:00,89.55599,36.88703,950.573,272.75,82.3,465.9,3.23,3.73,-53.76,110.73,78.05,297.91,312.19,111.41,78.38,297.51,312.24,1.0
2018-08-18 11:31:00,89.55599,36.887,950.632,272.76,82.3,465.4,3.35,3.56,-53.91,111.06,78.12,297.81,312.19,111.43,78.41,297.58,312.25,1.0
2018-08-18 11:31:00,89.55599,36.88696,950.591,272.75,82.3,465.7,3.74,3.5,-53.46,111.19,78.05,297.72,312.0,111.46,78.4,297.69,312.32,1.0
2018-08-18 11:31:00,89.55599,36.88692,950.545,272.75,82.3,466.1,5.15,3.48,-53.1,110.73,77.92,297.81,312.19,111.48,78.37,297.81,312.37,1.0
2018-08-18 11:31:00,89.55599,36.88689,950.546,272.75,82.3,466.1,6.85,3.46,-52.9,110.67,77.98,297.73,311.99,111.48,78.31,297.93,312.39,1.0
2018-08-18 11:31:00,89.55599,36.88685,950.575,272.75,82.3,465.9,7.73,3.39,-52.6,111.13,78.05,298.01,312.17,111.45,78.24,298.03,312.39,1.0
2018-08-18 11:31:00,89.55599,36.88682,950.571,272.76,82.3,465.9,9.75,3.34,-52.14,111.32,78.19,297.72,312.17,111.35,78.16,298.08,312.39,1.0
2018-08-18 11:31:00,89.55599,36.88678,950.606,272.75,82.3,465.6,8.04,3.21,-51.12,110.01,78.05,298.01,312.83,111.2,78.09,298.08,312.37,1.0
2018-08-18 11:31:00,89.55599,36.88674,950.625,272.75,82.3,465.4,7.82,3.2,-51.11,110.86,78.05,297.83,312.39,111.0,78.03,298.04,312.34,1.0
2018-08-18 11:31:00,89.55599,36.8867,950.635,272.75,82.3,465.4,7.19,3.22,-51.44,111.52,77.92,297.55,312.29,110.75,77.99,297.96,312.3,1.0
2018-08-18 11:31:00,89.55598,36.88664,950.656,272.76,82.3,465.2,5.72,3.22,-51.51,111.91,77.92,297.83,312.0,110.5,77.97,297.83,312.26,1.0
2018-08-18 11:31:00,89.55598,36.88658,950.638,272.75,82.3,465.3,7.79,3.32,-51.61,110.93,78.12,297.74,312.3,110.26,77.96,297.64,312.23,1.0
2018-08-18 11:31:00,89.55598,36.88653,950.675,272.75,82.3,465.0,6.76,3.43,-51.98,110.14,78.05,297.46,312.01,110.07,77.96,297.54,312.2,1.0
2018-08-18 11:31:00,89.55598,36.88647,950.711,272.76,82.3,464.7,6.01,3.63,-52.17,110.93,78.12,297.93,312.11,109.94,77.97,297.47,312.16,1.0
2018-08-18 11:31:00,89.55598,36.88641,950.724,272.76,82.3,464.6,6.98,3.69,-52.61,110.28,77.92,297.75,312.3,109.9,77.98,297.44,312.15,1.0
2018-08-18 11:31:00,89.55598,36.88635,950.718,272.75,82.3,464.7,8.66,3.55,-53.29,110.86,78.05,297.77,312.11,109.95,77.99,297.45,312.15,1.0
2018-08-18 11:31:00,89.55598,36.88629,950.722,272.76,82.3,464.6,8.4,3.31,-53.8,111.13,77.98,297.2,312.3,110.06,78.0,297.49,312.14,1.0
2018-08-18 11:31:00,89.55598,36.88624,950.832,272.76,82.3,463.7,8.69,3.55,-53.81,111.0,77.92,297.69,312.21,110.23,78.0,297.55,312.15,1.0
2018-08-18 11:31:00,89.55598,36.88618,950.849,272.76,82.3,463.6,8.08,3.41,-53.73,111.13,78.12,297.85,312.66,110.43,78.01,297.61,312.12,1.0
2018-08-18 11:31:00,89.55598,36.88614,950.828,272.76,82.3,463.8,8.9,3.09,-53.8,110.28,78.05,297.66,312.08,110.62,78.03,297.67,312.09,1.0
2018-08-18 11:31:00,89.55598,36.8861,950.789,272.76,82.3,464.1,10.64,2.82,-53.76,110.47,78.12,297.84,311.92,110.78,78.06,297.71,312.06,1.0
2018-08-18 11:31:00,89.55598,36.88606,950.742,272.76,82.3,464.5,11.72,2.72,-53.48,111.19,78.12,297.83,312.01,110.91,78.1,297.75,312.01,1.0
2018-08-18 11:31:00,89.55598,36.88602,950.767,272.76,82.3,464.3,10.1,2.71,-53.53,110.86,77.85,297.56,312.19,111.0,78.16,297.82,311.96,1.0
2018-08-18 11:31:00,89.55598,36.88598,950.8,272.76,82.3,464.0,8.85,2.7,-53.6,109.56,77.85,297.68,311.72,111.05,78.23,297.79,311.92,1.0
2018-08-18 11:31:00,89.55598,36.88594,950.792,272.76,82.3,464.1,7.69,2.46,-53.86,111.52,78.12,297.44,311.58,111.09,78.3,297.75,311.86,1.0
2018-08-18 11:31:00,89.55597,36.8859,950.754,272.76,82.3,464.4,7.86,2.31,-53.41,110.86,78.05,297.85,312.22,111.14,78.37,297.7,311.84,1.0
2018-08-18 11:31:00,89.55597,36.88586,950.72,272.76,82.3,464.7,9.73,2.31,-52.31,110.8,77.98,297.76,312.03,111.21,78.43,297.66,311.86,1.0
2018-08-18 11:31:00,89.55597,36.88582,950.714,272.77,82.3,464.7,11.86,2.15,-52.01,111.58,78.12,297.85,312.51,111.32,78.46,297.64,311.92,1.0
2018-08-18 11:31:00,89.55597,36.88579,950.852,272.76,82.3,463.6,10.33,1.85,-51.64,110.86,78.12,297.75,312.24,111.46,78.47,297.64,312.0,1.0
2018-08-18 11:31:00,89.55597,36.88575,950.85,272.77,82.3,463.6,12.49,1.77,-51.28,110.54,78.12,297.94,312.32,111.62,78.45,297.67,312.11,1.0
2018-08-18 11:31:00,89.55597,36.8857,950.842,272.77,82.3,463.6,15.49,1.54,-51.01,110.47,78.05,297.75,312.22,111.79,78.4,297.72,312.22,1.0
2018-08-18 11:31:00,89.55597,36.88564,950.88,272.76,82.3,463.3,17.69,1.22,-50.87,110.54,78.12,297.65,311.74,111.92,78.33,297.76,312.31,1.0
2018-08-18 11:31:00,89.55597,36.88557,950.898,272.76,82.3,463.2,18.53,1.03,-50.84,111.39,78.12,297.85,312.22,111.99,78.26,297.81,312.38,1.0
2018-08-18 11:31:00,89.55597,36.88551,950.856,272.77,82.3,463.5,17.66,1.07,-50.64,110.54,78.26,297.75,312.03,111.98,78.17,297.85,312.42,1.0
2018-08-18 11:31:00,89.55597,36.88544,950.896,272.76,82.3,463.2,18.05,0.8,-50.84,110.93,77.98,297.86,312.03,111.87,78.1,297.87,312.43,1.0
2018-08-18 11:31:00,89.55597,36.88538,950.91,272.76,82.3,463.1,18.68,0.74,-51.49,111.13,78.19,297.77,312.03,111.67,78.04,297.88,312.42,1.0
2018-08-18 11:31:00,89.55597,36.88531,950.938,272.77,82.3,462.8,19.58,0.86,-52.17,111.52,77.92,297.76,312.32,111.39,78.0,297.88,312.39,1.0
2018-08-18 11:31:00,89.55596,36.88524,951.028,272.76,82.3,462.1,20.52,1.03,-52.66,111.26,78.26,297.85,311.94,111.07,77.97,297.86,312.32,1.0
2018-08-18 11:31:00,89.55596,36.88518,951.001,272.76,82.3,462.3,20.51,1.26,-53.53,110.93,78.05,297.77,312.33,110.75,77.97,297.84,312.26,1.0
2018-08-18 11:31:00,89.55596,36.88511,950.945,272.76,82.3,462.8,21.39,0.91,-53.7,111.78,78.12,297.75,312.03,110.47,77.97,297.82,312.2,1.0
2018-08-18 11:31:00,89.55596,36.88505,950.972,272.77,82.3,462.6,21.29,0.54,-54.67,110.41,78.05,297.77,312.52,110.29,77.98,297.81,312.16,1.0
2018-08-18 11:31:00,89.55596,36.88498,950.98,272.77,82.3,462.5,21.29,0.21,-54.88,110.54,77.92,297.77,312.4,110.21,77.98,297.82,312.15,1.0
2018-08-18 11:31:00,89.55596,36.88492,950.924,272.77,82.3,463.0,22.4,-0.04,-54.0,111.19,78.26,297.86,312.04,110.26,77.98,297.83,312.16,1.0
2018-08-18 11:31:00,89.55596,36.88486,950.934,272.77,82.3,462.9,25.27,-0.29,-53.07,110.93,77.98,297.86,312.14,110.41,77.96,297.85,312.2,1.0
2018-08-18 11:31:00,89.55596,36.88481,951.061,272.77,82.3,461.8,29.73,-0.58,-53.0,110.8,78.26,297.86,312.24,110.64,77.94,297.82,312.26,1.0
2018-08-18 11:31:00,89.55596,36.88476,951.057,272.77,82.3,461.9,30.05,-1.17,-52.63,110.34,77.92,297.87,312.44,110.91,77.92,297.84,312.32,1.0
2018-08-18 11:31:00,89.55596,36.88471,951.047,272.77,82.3,461.9,29.3,-1.8,-51.44,111.0,78.19,297.69,312.34,111.17,77.9,297.86,312.37,1.0
2018-08-18 11:31:00,89.55596,36.88466,951.068,272.77,82.3,461.8,28.92,-2.22,-50.28,111.06,78.05,297.79,312.53,111.38,77.9,297.87,312.4,1.0
2018-08-18 11:31:00,89.55596,36.8846,951.086,272.77,82.3,461.6,29.74,-2.26,-50.0,111.39,78.05,297.77,312.13,111.5,77.92,297.87,312.43,1.0
2018-08-18 11:31:00,89.55596,36.88455,951.055,272.77,82.3,461.9,33.23,-2.03,-50.41,110.47,78.05,297.06,312.08,111.53,77.95,297.87,312.44,1.0
2018-08-18 11:31:00,89.55596,36.8845,951.112,272.77,82.3,461.4,33.13,-2.04,-50.57,110.93,77.92,297.66,311.95,111.47,78.01,297.86,312.41,1.0
2018-08-18 11:31:00,89.55595,36.88445,951.144,272.77,82.3,461.1,33.09,-2.15,-50.77,111.39,78.12,297.6,312.15,111.35,78.09,297.85,312.37,1.0
2018-08-18 11:31:00,89.55595,36.8844,951.132,272.77,82.3,461.2,32.45,-1.96,-51.36,111.19,78.12,297.97,312.15,111.21,78.18,297.85,312.31,1.0
2018-08-18 11:31:00,89.55595,36.88434,951.107,272.77,82.3,461.5,31.34,-1.45,-52.18,111.06,77.92,298.06,312.06,111.09,78.27,297.85,312.25,1.0
2018-08-18 11:31:00,89.55595,36.88429,951.137,272.78,82.3,461.2,31.61,-1.17,-52.42,110.73,78.19,297.78,312.54,111.03,78.34,297.88,312.2,1.0
2018-08-18 11:31:00,89.55595,36.88424,951.1,272.77,82.3,461.5,31.28,-1.01,-52.45,111.45,77.92,297.88,312.25,111.06,78.39,297.96,312.15,1.0
2018-08-18 11:31:00,89.55595,36.88418,951.129,272.77,82.3,461.3,31.64,-0.82,-52.79,110.86,78.12,297.88,312.16,111.19,78.41,297.99,312.12,1.0
2018-08-18 11:31:00,89.55595,36.88413,951.12,272.77,82.3,461.3,32.84,-0.8,-53.12,110.86,78.12,297.88,312.06,111.41,78.4,298.01,312.11,1.0
2018-08-18 11:31:00,89.55595,36.88407,951.072,272.78,82.3,461.7,34.24,-0.85,-53.3,110.73,78.12,297.79,312.26,111.69,78.35,298.01,312.12,1.0
2018-08-18 11:31:00,89.55595,36.88402,951.106,272.77,82.3,461.5,34.67,-0.82,-53.29,110.67,78.12,298.06,312.35,111.97,78.27,298.0,312.14,1.0
2018-08-18 11:31:00,89.55595,36.88396,951.149,272.78,82.3,461.1,31.84,-1.14,-52.6,110.47,78.26,297.69,312.06,112.22,78.17,297.97,312.17,1.0
2018-08-18 11:31:00,89.55595,36.8839,951.106,272.77,82.3,461.5,30.48,-1.5,-52.12,111.65,78.05,297.78,312.16,112.37,78.07,297.93,312.2,1.0
2018-08-18 11:31:00,89.55595,36.88385,951.163,272.77,82.3,461.0,27.19,-1.8,-52.18,111.26,78.12,298.06,312.26,112.39,77.97,297.87,312.23,1.0
2018-08-18 11:31:00,89.55595,36.88379,951.226,272.77,82.3,460.5,25.56,-2.12,-52.3,111.45,78.12,297.7,312.46,112.26,77.89,297.78,312.26,1.0
2018-08-18 11:31:00,89.55595,36.88374,951.142,272.78,82.3,461.2,28.37,-2.54,-51.97,112.11,78.12,297.89,312.16,111.98,77.83,297.65,312.29,1.0
2018-08-18 11:31:00,89.55595,36.88368,951.194,272.78,82.3,460.7,32.89,-3.01,-50.92,110.73,78.05,298.06,312.56,111.57,77.8,297.5,312.36,1.0
2018-08-18 11:31:00,89.55595,36.88363,951.224,272.78,82.3,460.5,34.98,-3.62,-49.33,110.6,78.12,297.97,312.08,111.07,77.8,297.46,312.35,1.0
2018-08-18 11:31:00,89.55595,36.88357,951.3,272.78,82.3,459.9,36.76,-3.81,-48.7,111.58,78.05,297.89,312.27,110.55,77.82,297.45,312.3,1.0
2018-08-18 11:31:00,89.55595,36.88352,951.333,272.78,82.3,459.6,37.25,-3.78,-48.6,111.72,78.05,297.59,312.06,110.05,77.86,297.45,312.25,1.0
2018-08-18 11:31:00,89.55594,36.88346,951.296,272.78,82.3,459.9,36.52,-3.67,-48.64,110.73,77.92,297.05,312.51,109.64,77.91,297.43,312.2,1.0
2018-08-18 11:31:00,89.55594,36.88338,951.329,272.78,82.3,459.6,35.45,-3.5,-48.66,111.26,77.85,296.58,313.17,109.34,77.97,297.32,312.17,1.0
2018-08-18 11:31:00,89.55594,36.88329,951.315,272.78,82.3,459.7,33.03,-2.83,-49.2,111.19,78.12,297.76,312.26,109.19,78.02,297.23,312.15,1.0
2018-08-18 11:31:00,89.55594,36.8832,951.299,272.78,82.3,459.9,31.36,-2.4,-49.9,111.13,78.19,297.89,312.35,109.17,78.05,297.2,312.09,1.0
2018-08-18 11:31:00,89.55594,36.88311,951.247,272.78,82.3,460.3,29.41,-2.0,-50.56,110.54,78.26,297.8,312.26,109.28,78.07,297.19,312.03,1.0
2018-08-18 11:31:00,89.55594,36.88302,951.196,272.78,82.3,460.7,27.97,-1.67,-50.81,110.54,78.12,297.41,312.45,109.49,78.08,297.19,311.99,1.0
2018-08-18 11:31:00,89.55594,36.88293,951.232,272.78,82.3,460.4,27.87,-1.55,-50.5,110.41,78.05,296.42,312.64,109.76,78.06,297.22,311.95,1.0
2018-08-18 11:31:00,89.55594,36.88284,951.248,272.78,82.3,460.3,26.78,-1.75,-50.92,111.06,77.92,296.47,312.82,110.05,78.04,297.28,311.88,1.0
2018-08-18 11:31:00,89.55594,36.88274,951.252,272.78,82.3,460.3,25.65,-1.93,-50.4,111.19,77.98,297.43,312.42,110.33,78.01,297.25,311.91,1.0
2018-08-18 11:31:00,89.55594,36.88265,951.22,272.78,82.2,460.5,25.48,-2.14,-50.09,110.86,78.05,297.8,312.08,110.6,77.98,297.24,311.97,1.0
2018-08-18 11:31:00,89.55594,36.88257,951.209,272.78,82.2,460.6,25.89,-2.28,-49.56,110.93,78.05,297.8,312.27,110.83,77.95,297.25,312.12,1.0
2018-08-18 11:31:00,89.55594,36.88252,951.259,272.79,82.2,460.2,25.95,-2.4,-48.79,110.54,77.92,297.72,311.98,111.03,77.94,297.31,312.28,1.0
2018-08-18 11:31:00,89.55594,36.88247,951.294,272.79,82.2,459.9,24.51,-2.81,-48.63,111.26,78.12,297.91,312.37,111.23,77.95,297.48,312.31,1.0
2018-08-18 11:31:00,89.55594,36.88241,951.303,272.78,82.2,459.8,23.88,-2.96,-48.2,110.93,78.33,297.9,312.1,111.41,77.98,297.66,312.31,1.0
2018-08-18 11:31:00,89.55594,36.88236,951.313,272.78,82.2,459.7,22.63,-3.06,-48.45,110.14,78.05,298.21,312.12,111.6,78.03,297.75,312.33,1.0
2018-08-18 11:31:00,89.55594,36.88231,951.356,272.78,82.2,459.4,21.57,-3.18,-48.85,110.67,77.92,297.93,312.96,111.8,78.1,297.81,312.33,1.0
2018-08-18 11:31:00,89.55594,36.88225,951.415,272.78,82.2,458.9,20.92,-3.16,-48.87,111.52,77.92,297.71,312.65,111.99,78.18,297.9,312.27,1.0
2018-08-18 11:31:00,89.55594,36.8822,951.418,272.79,82.2,458.9,20.81,-2.84,-48.16,111.13,77.92,297.54,311.82,112.17,78.26,298.0,312.14,1.0
2018-08-18 11:31:00,89.55594,36.88215,951.364,272.78,82.2,459.3,23.86,-3.22,-48.08,110.6,78.26,297.8,312.1,112.3,78.32,298.05,312.04,1.0
2018-08-18 11:31:00,89.55594,36.88209,951.34,272.78,82.2,459.5,24.19,-3.38,-48.28,110.47,78.12,298.09,312.4,112.37,78.37,298.02,311.95,1.0
2018-08-18 11:31:00,89.55594,36.88204,951.387,272.78,82.2,459.1,23.56,-3.4,-48.35,111.58,77.92,297.81,312.02,112.34,78.38,297.94,311.87,1.0
2018-08-18 11:31:00,89.55594,36.88199,951.433,272.79,82.2,458.8,23.81,-3.32,-48.34,111.39,78.19,298.19,312.08,112.22,78.35,297.84,311.76,1.0
2018-08-18 11:31:00,89.55594,36.88193,951.392,272.79,82.2,459.1,25.73,-3.19,-48.38,110.73,77.98,298.64,311.3,111.99,78.28,297.76,311.66,1.0
2018-08-18 11:31:00,89.55594,36.88187,951.397,272.79,82.2,459.1,27.74,-3.22,-48.45,111.39,78.19,298.5,311.86,111.67,78.17,297.71,311.71,1.0
2018-08-18 11:31:00,89.55593,36.88177,951.431,272.79,82.2,458.8,27.91,-2.99,-48.49,111.58,78.12,297.74,312.08,111.29,78.02,297.69,311.79,1.0
2018-08-18 11:31:00,89.55593,36.88168,951.476,272.79,82.2,458.4,27.28,-2.99,-48.78,111.13,78.12,297.82,312.23,110.88,77.86,297.71,311.92,1.0
2018-08-18 11:31:00,89.55593,36.88158,951.514,272.79,82.2,458.1,27.75,-3.02,-48.98,111.45,78.12,297.73,312.51,110.49,77.71,297.76,312.03,1.0
2018-08-18 11:31:00,89.55593,36.88149,951.546,272.79,82.2,457.8,29.17,-3.0,-48.78,110.67,77.98,297.92,312.12,110.16,77.57,297.83,312.18,1.0
2018-08-18 11:31:00,89.55593,36.88139,951.599,272.79,82.2,457.4,29.78,-2.92,-48.1,110.67,78.19,297.92,312.31,109.91,77.46,297.89,312.45,1.0
2018-08-18 11:31:00,89.55593,36.8813,951.506,272.79,82.2,458.2,29.75,-2.68,-48.01,111.45,78.05,297.92,312.11,109.77,77.41,297.83,312.63,1.0
2018-08-18 11:31:00,89.55593,36.8812,951.532,272.79,82.2,457.9,29.54,-2.95,-47.98,110.34,78.12,297.92,312.22,109.75,77.41,297.89,312.78,1.0
2018-08-18 11:31:00,89.55593,36.8811,951.561,272.79,82.2,457.7,28.63,-3.09,-47.87,111.52,78.05,297.81,312.0,109.84,77.46,297.94,312.8,1.0
2018-08-18 11:31:00,89.55593,36.88101,951.551,272.79,82.2,457.8,27.59,-3.12,-47.75,111.72,77.78,297.86,311.81,110.02,77.56,297.95,312.73,1.0
2018-08-18 11:31:00,89.55593,36.88091,951.533,272.79,82.2,457.9,27.33,-3.22,-47.8,109.75,77.85,298.15,312.97,110.26,77.69,297.93,312.63,1.0
2018-08-18 11:31:00,89.55593,36.88082,951.535,272.79,82.2,457.9,28.4,-3.04,-48.59,111.19,77.78,296.64,312.7,110.52,77.84,297.88,312.52,1.0
2018-08-18 11:31:00,89.55593,36.88073,951.531,272.79,82.2,457.9,27.97,-2.9,-49.33,110.8,77.92,297.42,313.46,110.77,77.99,297.8,312.42,1.0
2018-08-18 11:31:00,89.55593,36.88066,951.576,272.79,82.2,457.6,25.98,-2.88,-49.66,110.8,78.05,297.54,312.58,110.99,78.11,297.72,312.35,1.0
2018-08-18 11:31:00,89.55593,36.88058,951.606,272.79,82.2,457.3,23.71,-2.76,-49.56,110.86,78.12,297.64,312.12,111.16,78.2,297.65,312.36,1.0
2018-08-18 11:31:00,89.55593,36.88051,951.574,272.8,82.2,457.6,23.06,-2.61,-49.24,110.86,78.05,297.93,312.42,111.27,78.25,297.56,312.4,1.0
2018-08-18 11:31:00,89.55593,36.88044,951.579,272.8,82.2,457.5,26.34,-2.8,-49.07,110.8,78.05,297.83,312.12,111.32,78.26,297.41,312.39,1.0
2018-08-18 11:31:00,89.55593,36.88037,951.581,272.8,82.2,457.5,30.98,-2.79,-48.76,111.26,77.92,297.84,312.22,111.32,78.24,297.44,312.41,1.0
2018-08-18 11:31:00,89.55593,36.8803,951.577,272.79,82.2,457.6,32.44,-2.76,-48.58,111.06,78.19,298.03,312.13,111.29,78.2,297.44,312.41,1.0
2018-08-18 11:31:00,89.55592,36.88023,951.634,272.79,82.2,457.1,32.09,-2.66,-48.51,111.58,77.92,297.75,312.43,111.26,78.15,297.49,312.47,1.0
2018-08-18 11:31:00,89.55592,36.88015,951.696,272.8,82.2,456.6,30.78,-2.71,-48.61,110.08,78.12,297.75,312.14,111.22,78.1,297.56,312.55,1.0
2018-08-18 11:31:00,89.55592,36.88008,951.584,272.79,82.2,457.5,28.97,-3.12,-48.96,111.26,77.92,296.91,312.43,111.2,78.07,297.63,312.6,1.0
2018-08-18 11:31:00,89.55592,36.88001,951.703,272.8,82.2,456.5,26.76,-2.94,-49.53,111.06,77.98,296.84,312.14,111.21,78.07,297.67,312.6,1.0
2018-08-18 11:31:00,89.55592,36.87994,951.68,272.8,82.2,456.7,24.46,-2.64,-50.61,111.06,78.05,297.12,312.24,111.25,78.08,297.68,312.56,1.0
2018-08-18 11:31:00,89.55592,36.87986,951.684,272.8,82.2,456.7,22.38,-2.37,-51.71,110.73,77.92,297.58,312.05,111.32,78.1,297.66,312.5,1.0
2018-08-18 11:31:00,89.55592,36.87978,951.73,272.8,82.2,456.3,21.97,-2.11,-52.01,110.86,77.98,297.67,312.05,111.41,78.14,297.61,312.43,1.0
2018-08-18 11:31:00,89.55592,36.8797,951.743,272.8,82.2,456.2,24.4,-1.86,-51.35,110.6,78.05,297.86,312.43,111.52,78.17,297.56,312.35,1.0
2018-08-18 11:31:00,89.55592,36.87962,951.662,272.8,82.2,456.9,29.42,-1.71,-51.3,111.58,78.12,297.84,312.24,111.63,78.19,297.56,312.3,1.0
2018-08-18 11:31:00,89.55592,36.87954,951.666,272.8,82.2,456.8,33.73,-2.11,-50.54,110.93,78.05,297.84,312.34,111.73,78.19,297.58,312.23,1.0
2018-08-18 11:31:00,89.55592,36.87946,951.701,272.8,82.2,456.5,35.36,-2.1,-49.9,111.32,78.05,297.94,312.36,111.82,78.18,297.62,312.21,1.0
2018-08-18 11:31:00,89.55592,36.87938,951.731,272.8,82.2,456.3,36.34,-1.96,-49.26,111.26,78.05,297.66,312.47,111.88,78.14,297.65,312.21,1.0
2018-08-18 11:31:00,89.55592,36.8793,951.742,272.81,82.2,456.2,35.73,-1.88,-49.11,111.13,78.05,297.84,312.17,111.91,78.1,297.69,312.24,1.0
2018-08-18 11:31:00,89.55592,36.87922,951.775,272.8,82.2,455.9,30.03,-1.85,-50.32,110.47,78.05,297.85,312.39,111.9,78.05,297.74,312.31,1.0
2018-08-18 11:31:00,89.55592,36.87914,951.75,272.8,82.2,456.1,26.02,-1.93,-49.51,111.26,77.92,297.87,311.69,111.84,78.01,297.73,312.47,1.0
2018-08-18 11:31:00,89.55592,36.87906,951.736,272.8,82.2,456.2,22.81,-2.03,-47.92,111.39,78.26,297.95,311.7,111.73,77.98,297.86,312.51,1.0
2018-08-18 11:31:00,89.55592,36.87898,951.738,272.8,82.2,456.2,22.86,-2.01,-46.98,111.39,78.12,298.34,311.88,111.58,77.97,297.97,312.49,1.0
2018-08-18 11:31:00,89.55592,36.8789,951.757,272.8,82.2,456.1,25.42,-1.96,-46.58,110.73,77.85,298.09,311.98,111.38,77.98,298.05,312.44,1.0
2018-08-18 11:31:00,89.55592,36.87882,951.794,272.8,82.1,455.8,28.12,-1.98,-46.11,111.06,78.05,298.08,312.32,111.15,78.02,298.11,312.36,1.0
2018-08-18 11:31:00,89.55592,36.87874,951.869,272.81,82.2,455.1,27.97,-1.82,-45.47,111.91,77.92,296.99,313.34,110.9,78.06,298.15,312.28,1.0
2018-08-18 11:31:00,89.55592,36.87866,951.881,272.81,82.2,455.0,29.56,-1.78,-45.55,111.39,77.98,298.33,312.42,110.65,78.11,298.18,312.25,1.0
2018-08-18 11:31:00,89.55591,36.87857,951.861,272.81,82.2,455.2,28.84,-1.52,-46.13,111.06,78.12,298.1,312.16,110.42,78.16,298.17,312.24,1.0
2018-08-18 11:31:00,89.55591,36.87848,951.835,272.81,82.2,455.4,27.76,-1.18,-46.91,110.73,78.12,297.67,312.26,110.23,78.2,298.14,312.27,1.0
2018-08-18 11:31:00,89.55591,36.87839,951.824,272.81,82.2,455.5,26.94,-0.94,-47.69,111.52,78.05,297.77,312.45,110.08,78.23,298.13,312.34,1.0
2018-08-18 11:31:00,89.55591,36.8783,951.817,272.81,82.2,455.6,23.42,-0.8,-48.54,110.28,78.05,297.95,312.44,110.01,78.24,298.18,312.43,1.0
2018-08-18 11:31:00,89.55591,36.87821,951.825,272.81,82.2,455.5,19.25,-0.64,-47.89,111.39,78.05,297.95,312.56,109.99,78.24,298.26,312.32,1.0
2018-08-18 11:31:00,89.55591,36.87812,951.835,272.81,82.2,455.4,15.55,-0.59,-48.48,110.73,78.05,297.96,312.36,110.04,78.23,298.2,312.36,1.0
2018-08-18 11:31:00,89.55591,36.87803,951.875,272.81,82.2,455.1,13.48,-0.63,-48.55,111.39,78.12,297.69,312.56,110.14,78.2,298.17,312.43,1.0
2018-08-18 11:31:00,89.55591,36.87794,951.941,272.81,82.2,454.6,12.87,-0.64,-48.0,111.52,78.05,298.12,312.4,110.28,78.18,298.19,312.49,1.0
2018-08-18 11:31:00,89.55591,36.87785,951.968,272.81,82.2,454.3,12.69,-0.5,-47.98,110.08,78.05,298.88,312.83,110.44,78.14,298.21,312.51,1.0
2018-08-18 11:31:00,89.55591,36.87776,951.945,272.81,82.2,454.5,10.6,-0.27,-48.84,111.39,78.12,298.07,311.17,110.6,78.11,298.23,312.49,1.0
2018-08-18 11:31:00,89.55591,36.87766,951.924,272.81,82.2,454.7,13.54,-0.3,-48.48,110.6,78.05,297.97,311.99,110.75,78.07,298.25,312.43,1.0
2018-08-18 11:31:00,89.55591,36.87756,951.941,272.81,82.2,454.6,16.2,-0.46,-47.96,110.67,78.05,298.06,312.17,110.89,78.03,298.28,312.35,1.0
2018-08-18 11:31:00,89.55591,36.87746,951.95,272.81,82.2,454.5,17.22,-0.58,-47.54,111.39,78.05,297.97,312.37,111.0,77.99,298.31,312.25,1.0
2018-08-18 11:31:00,89.55591,36.87736,951.9,272.81,82.2,454.9,17.43,-0.51,-47.2,111.0,78.05,298.06,312.37,111.09,77.93,298.3,312.14,1.0
2018-08-18 11:31:00,89.55591,36.87726,951.984,272.81,82.2,454.2,19.41,-0.17,-46.9,110.08,78.19,297.89,312.37,111.16,77.87,298.22,312.02,1.0
2018-08-18 11:31:00,89.55591,36.87716,951.998,272.82,82.2,454.1,20.76,-0.3,-46.8,111.0,77.92,297.98,312.37,111.21,77.81,298.21,312.05,1.0
2018-08-18 11:31:00,89.5559,36.87706,952.01,272.82,82.2,454.0,21.83,-0.43,-46.71,112.04,78.12,297.89,312.37,111.24,77.76,298.12,311.99,1.0
2018-08-18 11:31:00,89.5559,36.87697,952.017,272.82,82.2,453.9,21.06,-0.32,-46.97,111.06,78.05,297.99,312.46,111.26,77.71,298.07,311.9,1.0
2018-08-18 11:31:00,89.5559,36.87687,952.012,272.81,82.2,454.0,18.32,-0.08,-47.63,110.67,78.12,298.09,312.18,111.25,77.67,298.08,311.87,1.0
2018-08-18 11:31:00,89.5559,36.87677,952.015,272.81,82.2,453.9,15.01,-0.1,-48.39,110.93,78.12,297.89,312.38,111.21,77.66,298.03,311.93,1.0
2018-08-18 11:31:00,89.5559,36.87667,952.046,272.82,82.2,453.7,13.05,0.22,-48.97,111.26,77.98,297.8,312.38,111.13,77.67,297.96,312.0,1.0
2018-08-18 11:31:00,89.5559,36.87659,952.029,272.82,82.2,453.8,12.1,0.03,-50.02,110.73,77.92,296.99,311.64,111.01,77.7,297.89,312.06,1.0
2018-08-18 11:31:00,89.5559,36.87653,952.01,272.82,82.2,454.0,9.57,-0.14,-50.76,110.54,77.85,297.73,311.0,110.86,77.74,297.84,312.11,1.0
2018-08-18 11:31:00,89.5559,36.87648,952.034,272.82,82.2,453.8,6.82,-0.16,-50.96,110.67,77.98,298.48,311.43,110.68,77.81,297.81,312.14,1.0
2018-08-18 11:31:00,89.5559,36.87642,952.119,272.82,82.2,453.1,7.27,-0.2,-50.85,111.06,77.98,297.89,312.4,110.51,77.88,297.78,312.16,1.0
2018-08-18 11:31:00,89.5559,36.87636,952.097,272.82,82.2,453.3,9.7,-0.56,-50.64,111.98,77.92,298.17,312.1,110.36,77.96,297.78,312.17,1.0
2018-08-18 11:31:00,89.5559,36.8763,952.087,272.82,82.2,453.3,11.27,-0.67,-50.19,110.8,78.05,297.89,312.49,110.27,78.03,297.8,312.16,1.0
2018-08-18 11:31:00,89.5559,36.87624,952.104,272.82,82.2,453.2,11.75,-0.81,-50.25,111.32,78.05,298.18,312.3,110.27,78.09,297.93,312.22,1.0
2018-08-18 11:31:00,89.5559,36.87618,952.097,272.82,82.2,453.3,9.5,-0.98,-50.62,110.08,78.05,298.18,312.3,110.37,78.14,298.01,312.31,1.0
2018-08-18 11:31:00,89.5559,36.87612,952.049,272.82,82.2,453.7,5.26,-1.12,-50.61,111.58,77.98,297.89,312.2,110.57,78.18,298.01,312.35,1.0
2018-08-18 11:31:00,89.5559,36.87606,952.131,272.82,82.2,453.0,3.53,-1.23,-49.03,110.86,78.05,297.9,312.29,110.87,78.21,298.06,312.31,1.0
2018-08-18 11:31:00,89.5559,36.876,952.176,272.82,82.2,452.6,1.69,-0.96,-48.45,110.67,77.92,297.98,312.3,111.22,78.23,298.08,312.26,1.0
2018-08-18 11:31:00,89.5559,36.87595,952.236,272.82,82.1,452.1,1.92,-0.73,-48.15,110.54,78.05,298.18,312.4,111.57,78.24,298.08,312.21,1.0
2018-08-18 11:31:00,89.5559,36.87589,952.294,272.82,82.1,451.6,2.22,-0.59,-47.96,109.49,78.05,297.99,312.21,111.87,78.26,298.02,312.14,1.0
2018-08-18 11:31:00,89.5559,36.87584,952.294,272.82,82.1,451.6,2.5,-0.61,-47.75,111.39,77.85,297.89,312.31,112.07,78.27,297.93,312.07,1.0
2018-08-18 11:31:00,89.5559,36.8758,952.145,272.83,82.1,452.9,3.97,-0.77,-47.5,112.11,78.05,297.89,312.4,112.12,78.27,297.83,312.01,1.0
2018-08-18 11:31:00,89.5559,36.87576,952.194,272.82,82.1,452.5,6.89,-0.27,-48.21,111.06,78.12,297.72,312.2,111.99,78.27,297.73,311.97,1.0
2018-08-18 11:31:00,89.5559,36.87572,952.139,272.83,82.1,452.9,7.7,-0.3,-48.5,110.73,78.12,297.9,312.59,111.69,78.26,297.64,311.95,1.0
2018-08-18 11:31:00,89.5559,36.87568,952.12,272.83,82.1,453.1,7.96,-0.16,-48.51,111.65,77.98,298.0,312.49,111.24,78.25,297.57,311.96,1.0
2018-08-18 11:31:00,89.5559,36.87564,952.174,272.82,82.1,452.6,9.13,-0.0,-48.48,110.93,78.05,297.81,312.4,110.7,78.22,297.54,311.99,1.0
2018-08-18 11:31:00,89.5559,36.8756,952.255,272.82,82.1,452.0,11.49,0.0,-48.46,111.32,78.12,298.17,312.39,110.13,78.18,297.52,312.05,1.0
2018-08-18 11:31:00,89.5559,36.87556,952.22,272.82,82.1,452.2,12.23,0.1,-47.77,110.73,78.05,298.0,312.11,109.61,78.13,297.47,312.12,1.0
2018-08-18 11:31:00,89.5559,36.87552,952.19,272.82,82.1,452.5,11.65,0.23,-47.91,111.32,78.05,298.1,312.39,109.22,78.08,297.54,312.19,1.0
2018-08-18 11:31:00,89.5559,36.87548,952.218,272.83,82.1,452.3,13.06,0.06,-47.62,111.06,78.05,297.91,312.5,109.01,78.03,297.62,312.25,1.0
2018-08-18 11:31:00,89.5559,36.87544,952.232,272.83,82.1,452.1,15.44,-0.07,-47.26,110.54,78.12,297.91,312.31,109.02,77.99,297.74,312.28,1.0
2018-08-18 11:31:00,89.5559,36.8754,952.201,272.83,82.1,452.4,17.32,-0.09,-47.0,110.67,78.05,297.72,312.21,109.24,77.96,297.87,312.27,1.0
2018-08-18 11:31:00,89.5559,36.87536,952.271,272.82,82.1,451.8,17.26,-0.28,-46.64,110.73,78.12,296.94,312.24,109.64,77.95,297.92,312.23,1.0
2018-08-18 11:31:00,89.5559,36.8753,952.254,272.82,82.1,452.0,16.85,-0.46,-46.07,110.34,78.05,297.61,312.22,110.18,77.95,297.93,312.16,1.0
2018-08-18 11:31:00,89.55589,36.87525,952.394,272.83,82.1,450.8,16.86,-0.93,-45.85,110.28,77.98,297.62,312.13,110.77,77.96,297.91,312.08,1.0
2018-08-18 11:31:00,89.55589,36.8752,952.445,272.83,82.1,450.4,18.03,-0.95,-45.51,110.8,77.85,298.09,311.84,111.35,77.99,297.87,311.91,1.0
2018-08-18 11:31:00,89.55589,36.87515,952.346,272.83,82.1,451.2,19.44,-0.68,-45.19,110.73,78.05,298.5,311.93,111.84,78.03,297.81,311.72,1.0
2018-08-18 11:31:00,89.55589,36.8751,952.29,272.83,82.1,451.7,19.61,-0.73,-45.23,111.39,78.12,297.73,312.32,112.19,78.07,297.8,311.58,1.0
2018-08-18 11:31:00,89.55589,36.87505,952.348,272.83,82.1,451.2,19.15,-0.81,-45.7,111.26,77.98,297.83,312.22,112.38,78.11,297.88,311.51,1.0
2018-08-18 11:31:00,89.55589,36.875,952.324,272.83,82.1,451.4,18.7,-0.75,-46.01,110.01,78.19,297.83,312.32,112.4,78.14,297.91,311.58,1.0
2018-08-18 11:31:00,89.55589,36.87495,952.371,272.83,82.1,451.0,19.22,-0.7,-45.97,110.8,78.12,297.93,311.37,112.29,78.16,297.95,311.68,1.0
2018-08-18 11:31:00,89.55589,36.8749,952.416,272.83,82.1,450.6,21.01,-0.66,-45.76,111.39,78.12,298.1,310.73,112.09,78.18,297.99,311.8,1.0
2018-08-18 11:31:00,89.55589,36.87485,952.36,272.83,82.1,451.1,22.74,-0.63,-45.69,111.58,77.92,298.28,311.04,111.84,78.2,298.01,311.95,1.0
2018-08-18 11:31:00,89.55589,36.8748,952.411,272.83,82.1,450.7,19.8,-0.61,-46.31,111.39,78.12,298.42,311.33,111.61,78.2,298.05,312.08,1.0
2018-08-18 11:31:00,89.55589,36.87475,952.371,272.83,82.1,451.0,16.69,-0.7,-46.13,111.26,77.92,298.45,312.26,111.43,78.21,298.08,312.16,1.0
2018-08-18 11:31:00,89.55589,36.8747,952.384,272.83,82.1,450.9,12.92,-0.56,-46.29,110.21,78.05,298.42,311.76,111.32,78.2,298.09,312.19,1.0
2018-08-18 11:31:00,89.55589,36.87464,952.426,272.83,82.1,450.5,10.63,-0.47,-46.61,110.28,78.12,298.53,312.0,111.3,78.19,298.09,312.25,1.0
2018-08-18 11:31:00,89.55589,36.87458,952.448,272.83,82.1,450.4,9.87,-0.48,-47.07,111.65,78.05,298.65,312.13,111.34,78.17,298.07,312.29,1.0
2018-08-18 11:31:00,89.55589,36.87452,952.416,272.83,82.1,450.6,8.73,-0.44,-47.61,111.13,78.05,297.84,312.42,111.44,78.14,298.02,312.29,1.0
2018-08-18 11:31:00,89.55589,36.87445,952.532,272.84,82.1,449.7,8.08,-0.72,-46.49,110.86,78.19,297.92,312.14,111.55,78.09,297.94,312.25,1.0
2018-08-18 11:31:00,89.55589,36.87439,952.496,272.84,82.1,450.0,12.31,-0.84,-45.83,111.13,78.12,297.73,312.52,111.64,78.02,297.87,312.16,1.0
2018-08-18 11:31:00,89.55589,36.87432,952.459,272.84,82.1,450.3,16.27,-0.82,-45.82,111.0,78.05,297.93,312.14,111.7,77.94,297.82,312.11,1.0
2018-08-18 11:31:00,89.55589,36.87426,952.488,272.83,82.1,450.0,18.11,-0.74,-46.26,111.26,78.26,297.94,312.43,111.7,77.85,297.79,312.09,1.0
2018-08-18 11:31:00,89.55589,36.8742,952.563,272.84,82.1,449.4,17.57,-0.68,-46.74,111.19,77.98,298.03,312.52,111.65,77.76,297.79,312.12,1.0
2018-08-18 11:31:00,89.55589,36.87413,952.522,272.84,82.1,449.7,15.04,-0.69,-46.86,111.19,78.05,298.03,312.24,111.56,77.67,297.85,312.19,1.0
2018-08-18 11:31:00,89.55589,36.87407,952.564,272.84,82.1,449.4,11.18,-0.19,-47.3,111.39,77.85,297.66,312.8,111.44,77.6,297.88,312.25,1.0
2018-08-18 11:31:00,89.55589,36.874,952.534,272.84,82.1,449.6,10.53,-0.16,-47.89,110.73,78.05,298.04,312.52,111.32,77.56,297.94,312.32,1.0
2018-08-18 11:31:00,89.55589,36.87394,952.519,272.84,82.1,449.8,11.22,-0.32,-48.56,111.39,77.92,297.67,312.44,111.21,77.55,298.04,312.41,1.0
2018-08-18 11:31:00,89.55589,36.87388,952.579,272.84,82.1,449.3,11.67,-0.44,-48.95,111.52,78.12,297.75,312.24,111.12,77.59,298.11,312.49,1.0
2018-08-18 11:31:00,89.55589,36.87382,952.525,272.84,82.1,449.7,11.61,-0.5,-48.59,111.78,78.33,297.9,312.49,111.06,77.66,298.11,312.49,1.0
2018-08-18 11:31:00,89.55589,36.87375,952.571,272.84,82.0,449.3,12.05,-0.27,-48.84,109.95,77.92,297.16,311.64,111.01,77.77,298.04,312.42,1.0
2018-08-18 11:31:00,89.55589,36.87369,952.594,272.84,82.1,449.2,15.02,-0.29,-49.0,110.67,77.85,297.33,311.32,110.96,77.91,297.97,312.28,1.0
2018-08-18 11:31:00,89.55589,36.87363,952.606,272.84,82.1,449.1,16.7,-0.49,-49.18,110.93,77.78,298.0,311.65,110.9,78.05,297.88,312.11,1.0
2018-08-18 11:31:00,89.55589,36.87357,952.635,272.84,82.0,448.8,15.65,-0.59,-49.49,111.32,77.78,298.2,312.25,110.8,78.19,297.79,311.92,1.0
2018-08-18 11:31:00,89.55589,36.8735,952.684,272.84,82.0,448.4,13.32,-0.42,-49.92,111.98,78.12,297.9,312.52,110.66,78.31,297.71,311.75,1.0
2018-08-18 11:31:00,89.55589,36.87344,952.688,272.85,82.0,448.4,9.98,-0.45,-50.08,111.0,78.12,297.7,312.52,110.47,78.39,297.67,311.62,1.0
2018-08-18 11:31:00,89.55589,36.87338,952.679,272.85,82.0,448.4,7.9,0.17,-50.52,111.72,78.05,298.15,312.43,110.25,78.42,297.72,311.59,1.0
2018-08-18 11:31:00,89.55588,36.87332,952.675,272.85,82.0,448.5,7.43,0.18,-50.49,111.06,78.05,297.94,312.34,110.01,78.41,297.78,311.63,1.0
2018-08-18 11:31:00,89.55588,36.87326,952.69,272.84,82.0,448.4,9.23,-0.1,-50.34,110.41,77.98,298.13,312.24,109.77,78.36,297.89,311.71,1.0
2018-08-18 11:31:00,89.55588,36.87321,952.716,272.85,82.0,448.1,12.29,-0.25,-50.42,110.86,78.05,298.03,312.24,109.56,78.27,298.05,311.82,1.0
2018-08-18 11:31:00,89.55588,36.87316,952.703,272.85,82.0,448.3,13.25,-0.35,-50.71,111.19,78.19,298.14,312.44,109.41,78.15,298.16,311.97,1.0
2018-08-18 11:31:00,89.55588,36.87311,952.725,272.85,82.0,448.1,14.16,-0.27,-50.86,110.54,78.12,298.04,312.15,109.33,78.03,298.32,312.12,1.0
2018-08-18 11:31:00,89.55588,36.87306,952.68,272.85,82.0,448.4,14.19,-0.04,-50.74,111.06,78.12,297.95,312.54,109.34,77.92,298.44,312.36,1.0
2018-08-18 11:31:00,89.55588,36.873,952.666,272.85,82.0,448.6,12.09,-0.05,-50.39,111.26,77.78,298.51,312.35,109.44,77.82,298.5,312.58,1.0
2018-08-18 11:31:00,89.55588,36.87295,952.724,272.85,82.0,448.1,8.9,-0.27,-49.97,110.28,78.05,299.1,312.31,109.62,77.75,298.48,312.71,1.0
2018-08-18 11:31:00,89.55588,36.8729,952.736,272.85,82.0,448.0,7.09,-0.27,-49.75,110.47,78.12,298.11,312.16,109.88,77.72,298.39,312.69,1.0
2018-08-18 11:31:00,89.55588,36.87285,952.739,272.85,82.0,447.9,3.74,-0.2,-49.88,110.67,78.12,298.67,312.15,110.19,77.71,298.27,312.63,1.0
2018-08-18 11:31:00,89.55588,36.8728,952.743,272.85,82.0,447.9,4.87,-0.29,-49.78,111.32,77.98,298.41,313.49,110.55,77.72,298.14,312.54,1.0
2018-08-18 11:31:00,89.55588,36.87275,952.74,272.85,82.0,447.9,6.79,-0.38,-49.1,110.67,77.98,298.33,313.52,110.92,77.76,298.0,312.44,1.0
2018-08-18 11:31:00,89.55588,36.8727,952.756,272.85,82.0,447.8,7.89,-0.53,-48.49,110.54,77.85,297.89,312.84,111.29,77.8,297.82,312.34,1.0
2018-08-18 11:31:00,89.55588,36.87265,952.823,272.85,82.0,447.3,8.12,-0.77,-48.57,110.93,77.85,297.75,311.97,111.64,77.85,297.64,312.27,1.0
2018-08-18 11:31:00,89.55588,36.8726,952.815,272.85,82.0,447.3,11.06,-0.79,-48.1,110.67,78.05,297.77,312.16,111.96,77.9,297.61,312.27,1.0
2018-08-18 11:31:00,89.55588,36.87254,952.73,272.85,82.0,448.0,14.82,-0.59,-48.06,110.93,78.05,297.94,312.16,112.24,77.94,297.51,312.4,1.0
2018-08-18 11:31:00,89.55588,36.87249,952.736,272.86,82.0,448.0,18.76,-0.5,-48.46,109.95,78.05,297.85,312.45,112.45,77.98,297.58,312.41,1.0
2018-08-18 11:31:00,89.55588,36.87243,952.773,272.86,82.0,447.7,19.97,-0.52,-49.0,111.19,77.98,298.03,312.16,112.6,78.03,297.72,312.39,1.0
2018-08-18 11:31:00,89.55588,36.87238,952.792,272.86,82.0,447.5,18.23,-0.59,-49.4,111.13,78.12,297.96,312.32,112.68,78.08,297.81,312.43,1.0
2018-08-18 11:31:00,89.55588,36.87232,952.959,272.85,82.0,446.1,17.03,-0.69,-49.53,111.78,78.05,298.01,312.57,112.67,78.13,297.93,312.56,1.0
2018-08-18 11:31:00,89.55588,36.87226,952.89,272.85,82.0,446.7,15.8,-0.63,-49.97,111.32,77.85,297.1,313.31,112.58,78.2,298.04,312.68,1.0
2018-08-18 11:31:00,89.55588,36.87221,952.86,272.85,82.0,447.0,16.28,-0.37,-50.42,110.67,77.85,298.41,312.51,112.4,78.27,298.17,312.79,1.0
2018-08-18 11:31:00,89.55588,36.87215,952.881,272.85,82.0,446.8,19.21,-0.37,-50.3,110.41,77.92,298.66,312.17,112.14,78.35,298.25,312.86,1.0
2018-08-18 11:31:00,89.55588,36.8721,952.908,272.86,82.0,446.6,24.6,-0.56,-49.65,111.58,78.12,297.86,312.47,111.81,78.42,298.27,312.88,1.0
2018-08-18 11:31:00,89.55588,36.87204,952.845,272.86,82.0,447.1,30.71,-0.53,-49.03,111.65,78.12,298.05,312.37,111.44,78.48,298.25,312.86,1.0
2018-08-18 11:31:00,89.55588,36.87199,952.898,272.86,82.0,446.6,31.86,-0.88,-48.41,110.8,78.12,297.77,312.16,111.05,78.52,298.21,312.78,1.0
2018-08-18 11:31:00,89.55588,36.87193,952.974,272.86,82.0,446.0,32.84,-1.32,-48.29,111.32,77.98,298.19,312.46,110.66,78.53,298.23,312.61,1.0
2018-08-18 11:31:00,89.55588,36.87187,952.994,272.86,82.0,445.8,33.47,-1.68,-48.16,111.26,77.98,298.0,312.37,110.31,78.52,298.13,312.5,1.0
2018-08-18 11:31:00,89.55587,36.8718,952.94,272.86,82.0,446.3,35.09,-1.91,-47.9,111.58,78.05,297.77,312.37,110.03,78.47,298.04,312.43,1.0
2018-08-18 11:31:00,89.55587,36.87174,952.904,272.86,82.0,446.6,38.15,-2.07,-47.66,110.8,78.12,297.49,312.27,109.82,78.4,298.03,312.36,1.0
2018-08-18 11:31:00,89.55587,36.87168,952.973,272.87,82.0,446.0,40.2,-2.22,-47.67,110.6,78.26,297.43,312.37,109.72,78.32,298.02,312.3,1.0
2018-08-18 11:31:00,89.55587,36.87161,953.022,272.86,82.0,445.6,41.54,-2.56,-46.89,111.06,78.12,297.67,312.47,109.73,78.22,298.02,312.26,1.0
2018-08-18 11:31:00,89.55587,36.87155,953.004,272.86,82.0,445.8,41.31,-2.96,-46.83,111.39,78.19,297.78,312.47,109.83,78.12,297.99,312.21,1.0
2018-08-18 11:31:00,89.55587,36.87148,952.991,272.86,82.0,445.9,40.39,-2.92,-47.13,110.47,78.12,298.07,312.27,110.03,78.04,297.97,312.19,1.0
2018-08-18 11:31:00,89.55587,36.87142,952.999,272.86,82.0,445.8,39.7,-2.46,-47.39,110.73,78.12,298.06,312.28,110.3,77.97,297.99,312.2,1.0
2018-08-18 11:31:00,89.55587,36.87135,952.895,272.87,82.0,446.7,39.95,-2.16,-47.33,110.86,77.92,298.07,312.19,110.61,77.92,298.03,312.22,1.0
2018-08-18 11:31:00,89.55587,36.87129,953.023,272.86,82.0,445.6,40.85,-2.25,-47.84,110.54,78.05,297.8,312.57,110.93,77.9,298.06,312.25,1.0
2018-08-18 11:31:00,89.55587,36.87122,953.037,272.86,82.0,445.5,41.84,-2.14,-48.11,111.39,78.05,298.26,312.48,111.24,77.89,298.08,312.28,1.0
2018-08-18 11:31:00,89.55587,36.87116,953.031,272.86,82.0,445.5,43.79,-2.2,-48.26,110.8,78.12,297.98,312.29,111.5,77.91,298.09,312.31,1.0
2018-08-18 11:31:00,89.55587,36.8711,953.065,272.87,82.0,445.3,45.86,-2.35,-48.23,111.39,78.05,297.98,312.29,111.7,77.93,298.1,312.33,1.0
2018-08-18 11:31:00,89.55587,36.87103,953.139,272.86,82.0,444.6,46.7,-2.42,-47.92,110.67,78.05,298.07,312.19,111.83,77.97,298.12,312.37,1.0
2018-08-18 11:31:00,89.55587,36.87097,953.152,272.86,82.0,444.5,45.43,-2.67,-47.42,111.06,78.05,297.88,312.29,111.88,78.01,298.15,312.48,1.0
2018-08-18 11:31:00,89.55587,36.87085,953.097,272.87,81.9,445.0,43.9,-2.85,-47.8,110.73,78.12,298.07,311.91,111.85,78.06,298.15,312.48,1.0
2018-08-18 11:31:00,89.55587,36.87073,953.019,272.87,81.9,445.6,40.87,-2.86,-48.36,111.52,78.19,297.98,312.29,111.76,78.12,298.15,312.45,1.0
2018-08-18 11:31:00,89.55587,36.87061,952.977,272.86,81.9,446.0,37.6,-2.75,-49.01,110.8,78.05,298.07,312.29,111.62,78.19,298.16,312.41,1.0
2018-08-18 11:31:00,89.55587,36.87048,953.021,272.86,81.9,445.6,34.85,-2.57,-49.56,110.67,78.12,297.84,312.56,111.46,78.27,298.18,312.37,1.0
2018-08-18 11:31:00,89.55587,36.87036,953.14,272.87,81.9,444.6,31.61,-2.37,-49.61,111.52,77.92,298.29,313.67,111.28,78.35,298.16,312.33,1.0
2018-08-18 11:31:00,89.55587,36.87024,953.169,272.87,81.9,444.4,31.17,-2.43,-49.13,110.54,77.92,297.92,312.43,111.11,78.44,298.11,312.29,1.0
2018-08-18 11:31:00,89.55586,36.87012,953.176,272.87,81.9,444.3,29.23,-2.73,-49.14,111.78,78.26,297.89,312.03,110.96,78.52,298.05,312.28,1.0
2018-08-18 11:31:00,89.55586,36.86999,953.179,272.87,81.9,444.3,29.01,-3.19,-49.26,111.13,77.98,298.12,312.22,110.83,78.59,298.0,312.28,1.0
2018-08-18 11:31:00,89.55586,36.86987,953.194,272.87,81.9,444.2,31.0,-3.58,-49.26,111.32,78.12,298.43,312.51,110.71,78.64,297.97,312.3,1.0
2018-08-18 11:31:00,89.55586,36.86979,953.248,272.87,81.9,443.7,33.17,-3.71,-49.11,111.0,78.19,298.38,312.48,110.61,78.67,297.95,312.32,1.0
2018-08-18 11:31:00,89.55586,36.86972,953.228,272.87,81.9,443.9,34.33,-3.66,-48.9,110.93,78.19,297.76,312.65,110.51,78.66,297.93,312.28,1.0
2018-08-18 11:31:00,89.55586,36.86964,953.286,272.87,81.9,443.4,34.24,-3.35,-49.34,110.93,78.26,298.03,312.64,110.4,78.63,297.91,312.39,1.0
2018-08-18 11:31:00,89.55586,36.86957,953.26,272.87,81.9,443.6,32.49,-3.04,-49.85,110.8,78.26,297.98,312.56,110.28,78.56,297.89,312.53,1.0
2018-08-18 11:31:00,89.55586,36.86949,953.211,272.87,81.9,444.0,30.59,-2.75,-50.12,110.8,78.05,297.99,312.3,110.16,78.47,297.87,312.62,1.0
2018-08-18 11:31:00,89.55586,36.86942,953.264,272.87,81.9,443.6,29.25,-2.5,-50.11,110.6,78.26,298.08,312.2,110.03,78.37,297.82,312.65,1.0
2018-08-18 11:31:00,89.55586,36.86934,953.261,272.87,81.9,443.6,26.6,-2.41,-50.33,110.67,78.19,298.08,312.32,109.91,78.25,297.75,312.6,1.0
2018-08-18 11:31:00,89.55586,36.86927,953.258,272.87,81.9,443.7,25.93,-2.4,-50.03,111.39,78.26,297.55,312.89,109.81,78.15,297.61,312.39,1.0
2018-08-18 11:31:00,89.55586,36.86919,953.265,272.87,81.9,443.6,27.75,-2.23,-49.71,111.72,78.12,297.47,313.01,109.75,78.05,297.52,312.25,1.0
2018-08-18 11:31:00,89.55586,36.86912,953.275,272.87,81.9,443.5,28.33,-2.18,-49.39,111.65,78.19,297.52,312.84,109.74,77.98,297.45,312.15,1.0
2018-08-18 11:31:00,89.55586,36.86904,953.274,272.87,81.9,443.5,27.36,-2.31,-49.11,110.28,78.26,297.49,312.51,109.8,77.93,297.39,312.05,1.0
2018-08-18 11:31:00,89.55586,36.86897,953.239,272.88,81.9,443.8,27.35,-2.5,-48.9,109.69,78.12,297.38,312.03,109.92,77.9,297.32,311.96,1.0
2018-08-18 11:31:00,89.55586,36.86889,953.29,272.88,81.9,443.4,28.25,-3.08,-47.91,111.0,78.12,296.16,310.72,110.11,77.9,297.26,311.89,1.0
2018-08-18 11:31:00,89.55586,36.86881,953.33,272.88,81.9,443.1,30.08,-3.26,-47.18,110.47,78.05,297.2,311.62,110.35,77.91,297.25,311.8,1.0
2018-08-18 11:31:00,89.55586,36.86872,953.355,272.88,81.9,442.9,31.68,-3.31,-46.59,111.0,78.26,297.71,312.23,110.62,77.94,297.27,311.75,1.0
2018-08-18 11:31:00,89.55586,36.86864,953.36,272.88,81.9,442.8,30.44,-3.3,-46.88,111.26,78.12,298.01,312.23,110.92,77.98,297.32,311.76,1.0
2018-08-18 11:31:00,89.55586,36.86856,953.337,272.88,81.9,443.0,25.41,-3.15,-48.4,110.14,78.19,298.02,312.32,111.2,78.02,297.4,311.81,1.0
2018-08-18 11:31:00,89.55586,36.86848,953.357,272.88,81.9,442.8,21.16,-2.69,-49.45,110.14,78.05,297.9,312.32,111.47,78.07,297.54,311.92,1.0
2018-08-18 11:31:00,89.55586,36.86839,953.418,272.88,81.9,442.3,17.78,-2.5,-49.98,110.93,78.05,298.02,312.23,111.7,78.12,297.77,312.17,1.0
2018-08-18 11:31:00,89.55586,36.86831,953.443,272.88,81.9,442.1,16.92,-2.2,-50.39,111.0,78.26,298.01,312.51,111.87,78.16,297.91,312.3,1.0
2018-08-18 11:31:00,89.55586,36.86823,953.444,272.88,81.9,442.1,17.88,-1.84,-50.36,111.58,78.19,298.02,312.13,112.0,78.21,297.99,312.35,1.0
2018-08-18 11:31:00,89.55586,36.86815,953.451,272.89,81.9,442.1,19.36,-1.47,-50.01,110.8,78.19,298.02,312.22,112.07,78.24,298.04,312.38,1.0
2018-08-18 11:31:00,89.55585,36.86806,953.486,272.88,81.9,441.8,19.83,-1.14,-50.12,111.45,77.85,297.82,312.11,112.08,78.27,298.07,312.38,1.0
2018-08-18 11:31:00,89.55585,36.86798,953.398,272.89,81.9,442.5,20.79,-0.97,-50.69,110.28,78.33,297.83,311.75,112.04,78.29,298.07,312.35,1.0
2018-08-18 11:31:00,89.55585,36.8679,953.408,272.88,81.9,442.4,22.71,-0.84,-51.03,111.13,78.12,297.91,312.24,111.95,78.29,298.05,312.31,1.0
2018-08-18 11:31:00,89.55585,36.86782,953.491,272.88,81.9,441.7,24.33,-0.68,-50.92,111.06,78.19,297.56,312.24,111.81,78.27,298.02,312.27,1.0
2018-08-18 11:31:00,89.55585,36.86774,953.566,272.89,81.9,441.1,22.92,-0.5,-50.82,111.06,78.05,297.74,312.34,111.63,78.24,297.99,312.23,1.0
2018-08-18 11:31:00,89.55585,36.86766,953.495,272.89,81.9,441.7,16.83,-0.37,-51.48,110.54,78.26,297.83,312.24,111.41,78.2,297.97,312.21,1.0
2018-08-18 11:31:00,89.55585,36.86758,953.481,272.89,81.9,441.8,13.1,-0.48,-51.19,110.86,78.26,298.02,312.34,111.15,78.15,297.97,312.22,1.0
2018-08-18 11:31:00,89.55585,36.8675,953.468,272.89,81.9,441.9,11.95,-0.16,-51.14,111.13,78.12,298.1,312.35,110.87,78.1,298.04,312.23,1.0
2018-08-18 11:31:00,89.55585,36.86742,953.485,272.89,81.9,441.8,12.34,-0.08,-51.09,111.0,78.12,298.01,312.34,110.59,78.07,298.11,312.27,1.0
2018-08-18 11:31:00,89.55585,36.86734,953.508,272.89,81.9,441.6,12.83,-0.24,-50.65,111.58,78.12,298.3,312.34,110.32,78.05,298.19,312.29,1.0
2018-08-18 11:31:00,89.55585,36.86726,953.494,272.89,81.9,441.7,12.9,-0.47,-49.65,111.72,78.26,297.92,312.34,110.09,78.07,298.26,312.28,1.0
2018-08-18 11:31:00,89.55585,36.86718,953.456,272.89,81.8,442.0,14.39,-0.55,-48.68,110.73,78.12,298.12,312.35,109.92,78.12,298.33,312.29,1.0
2018-08-18 11:31:00,89.55584,36.8671,953.508,272.88,81.8,441.6,14.26,-0.45,-48.48,110.86,78.05,298.48,312.05,109.83,78.19,298.38,312.29,1.0
2018-08-18 11:31:00,89.55584,36.86702,953.592,272.89,81.8,440.9,12.76,-0.12,-48.37,111.0,78.26,298.25,312.63,109.83,78.29,298.41,312.27,1.0
2018-08-18 11:31:00,89.55584,36.86694,953.612,272.89,81.8,440.7,10.72,-0.01,-48.11,110.54,78.05,298.15,312.39,109.91,78.39,298.41,312.25,1.0
2018-08-18 11:31:00,89.55584,36.86688,953.548,272.89,81.8,441.3,8.89,-0.12,-47.79,110.14,78.05,297.94,311.88,110.08,78.49,298.38,312.22,1.0
2018-08-18 11:31:00,89.55584,36.86682,953.616,272.89,81.8,440.7,8.99,0.1,-48.2,111.13,78.19,297.95,311.96,110.3,78.57,298.33,312.2,1.0
2018-08-18 11:31:00,89.55584,36.86677,953.685,272.89,81.8,440.1,9.3,0.35,-49.23,110.6,78.19,298.12,312.25,110.56,78.62,298.26,312.19,1.0
2018-08-18 11:31:00,89.55584,36.86672,953.648,272.89,81.8,440.4,10.17,0.31,-49.76,111.13,78.19,298.13,312.23,110.81,78.62,298.15,312.19,1.0
2018-08-18 11:31:00,89.55584,36.86666,953.65,272.89,81.8,440.4,11.19,0.11,-50.0,110.14,78.33,298.03,312.43,111.02,78.58,298.06,312.2,1.0
2018-08-18 11:31:00,89.55584,36.86661,953.682,272.89,81.8,440.2,12.86,-0.05,-50.05,111.13,78.19,298.03,312.34,111.17,78.5,298.04,312.28,1.0
2018-08-18 11:31:00,89.55584,36.86656,953.644,272.89,81.8,440.5,15.78,0.01,-49.97,110.8,78.12,298.13,312.06,111.22,78.4,298.06,312.43,1.0
2018-08-18 11:31:00,89.55584,36.8665,953.657,272.9,81.8,440.4,19.29,0.17,-49.8,111.39,78.33,298.13,312.54,111.18,78.28,298.01,312.47,1.0
2018-08-18 11:31:00,89.55584,36.86645,953.696,272.9,81.8,440.0,19.35,0.27,-49.76,110.93,78.4,298.14,312.27,111.05,78.17,298.02,312.47,1.0
2018-08-18 11:31:00,89.55584,36.8664,953.678,272.89,81.8,440.2,17.02,0.16,-50.04,111.26,78.26,297.94,312.27,110.85,78.09,298.06,312.44,1.0
2018-08-18 11:31:00,89.55584,36.86635,953.643,272.89,81.8,440.5,14.82,0.05,-49.87,111.39,78.33,298.36,312.61,110.6,78.04,298.09,312.39,1.0
2018-08-18 11:31:00,89.55584,36.86629,953.642,272.89,81.8,440.5,13.88,0.02,-49.06,110.21,78.12,298.63,312.78,110.34,78.03,298.13,312.31,1.0
2018-08-18 11:31:00,89.55584,36.86624,953.632,272.9,81.8,440.6,13.05,-0.15,-48.5,109.95,77.98,297.36,312.48,110.09,78.08,298.14,312.23,1.0
2018-08-18 11:31:00,89.55584,36.86619,953.564,272.9,81.8,441.1,12.16,-0.14,-48.08,111.32,78.19,297.89,312.31,109.88,78.17,298.15,312.14,1.0
2018-08-18 11:31:00,89.55584,36.86613,953.615,272.9,81.8,440.7,13.13,-0.13,-47.22,110.73,78.12,298.05,312.46,109.74,78.28,298.13,312.07,1.0
2018-08-18 11:31:00,89.55584,36.86606,953.706,272.9,81.8,440.0,15.96,-0.29,-46.52,110.54,78.12,297.96,312.27,109.68,78.41,298.11,312.02,1.0
2018-08-18 11:31:00,89.55584,36.86599,953.784,272.9,81.8,439.3,19.55,-0.56,-46.28,111.0,78.26,298.05,312.27,109.69,78.53,298.05,311.97,1.0
2018-08-18 11:31:00,89.55584,36.86591,953.87,272.9,81.8,438.6,21.73,-0.74,-46.58,110.28,78.19,298.14,312.46,109.77,78.64,297.96,311.91,1.0
2018-08-18 11:31:00,89.55584,36.86583,953.848,272.9,81.8,438.8,18.57,-0.89,-47.5,111.13,78.4,298.14,312.56,109.92,78.71,297.96,311.93,1.0
2018-08-18 11:31:00,89.55584,36.86576,953.842,272.9,81.8,438.8,15.38,-0.77,-47.97,111.13,78.26,298.05,312.27,110.1,78.73,297.94,312.01,1.0
2018-08-18 11:31:00,89.55584,36.86568,953.844,272.9,81.8,438.8,12.15,-0.57,-48.55,111.06,78.4,298.05,312.28,110.32,78.72,297.93,312.11,1.0
2018-08-18 11:31:00,89.55584,36.8656,953.824,272.9,81.8,439.0,9.82,-0.45,-49.41,110.28,78.12,298.14,312.38,110.55,78.66,297.93,312.2,1.0
2018-08-18 11:31:00,89.55584,36.86553,953.756,272.9,81.8,439.5,8.83,-0.47,-50.49,109.75,78.33,298.05,312.28,110.78,78.58,297.94,312.28,1.0
2018-08-18 11:31:00,89.55584,36.86545,953.795,272.9,81.8,439.2,6.68,-0.61,-51.43,110.93,78.26,298.05,312.29,111.02,78.48,297.97,312.34,1.0
2018-08-18 11:31:00,89.55584,36.86537,953.798,272.9,81.8,439.2,6.53,-0.86,-51.94,109.56,78.33,298.06,312.1,111.24,78.38,297.97,312.37,1.0
2018-08-18 11:31:00,89.55584,36.86527,953.813,272.91,81.8,439.1,8.29,-1.05,-51.6,111.26,78.26,298.06,312.09,111.45,78.29,297.98,312.37,1.0
2018-08-18 11:31:00,89.55583,36.86518,953.837,272.91,81.8,438.9,11.53,-1.3,-50.53,111.26,78.4,298.16,312.19,111.65,78.23,297.99,312.34,1.0
2018-08-18 11:31:00,89.55583,36.86508,953.855,272.9,81.8,438.7,14.91,-1.64,-49.11,111.26,78.47,298.36,312.28,111.83,78.2,297.98,312.28,1.0
2018-08-18 11:31:00,89.55583,36.86498,953.863,272.9,81.8,438.7,16.79,-2.0,-47.68,110.28,78.05,298.15,312.11,111.99,78.19,297.95,312.21,1.0
2018-08-18 11:31:00,89.55583,36.86488,953.937,272.91,81.8,438.0,15.59,-2.35,-46.77,110.86,78.19,297.59,311.95,112.12,78.22,297.9,312.13,1.0
2018-08-18 11:31:00,89.55583,36.86478,953.926,272.9,81.8,438.1,15.1,-2.67,-46.28,110.8,78.33,297.91,312.03,112.21,78.27,297.84,312.05,1.0
2018-08-18 11:31:00,89.55583,36.86468,953.893,272.9,81.8,438.4,14.12,-2.93,-45.77,110.73,78.19,297.88,312.01,112.25,78.32,297.76,311.97,1.0
2018-08-18 11:31:00,89.55583,36.86458,953.881,272.9,81.8,438.5,11.65,-3.17,-45.43,110.73,78.26,298.08,312.49,112.24,78.37,297.63,311.92,1.0
2018-08-18 11:31:00,89.55583,36.86448,953.899,272.91,81.8,438.4,7.69,-3.37,-45.58,111.06,78.33,298.38,312.58,112.17,78.4,297.45,311.89,1.0
2018-08-18 11:31:00,89.55583,36.86439,953.936,272.9,81.8,438.1,6.1,-3.09,-46.0,111.13,78.47,298.09,312.19,112.03,78.4,297.4,311.86,1.0
2018-08-18 11:31:00,89.55583,36.86429,953.971,272.91,81.8,437.8,2.73,-3.29,-46.97,111.26,78.26,298.18,312.38,111.83,78.37,297.39,311.85,1.0
2018-08-18 11:31:00,89.55583,36.86419,953.955,272.91,81.8,437.9,1.47,-3.39,-47.19,111.52,78.33,298.0,312.1,111.58,78.3,297.4,311.86,1.0
2018-08-18 11:31:00,89.55583,36.86408,953.947,272.91,81.8,438.0,0.98,-3.53,-47.52,110.34,78.26,297.31,312.25,111.29,78.19,297.44,311.89,1.0
2018-08-18 11:31:00,89.55583,36.86397,954.006,272.91,81.8,437.5,0.48,-3.81,-48.4,110.54,78.19,296.77,312.38,110.97,78.05,297.5,311.94,1.0
2018-08-18 11:31:00,89.55583,36.86386,954.04,272.9,81.8,437.2,1.43,-3.95,-49.11,111.78,78.33,297.9,312.1,110.64,77.9,297.56,312.01,1.0
2018-08-18 11:31:00,89.55583,36.86375,953.988,272.91,81.8,437.6,2.38,-3.83,-49.33,111.0,78.33,297.82,312.38,110.33,77.75,297.54,312.09,1.0
2018-08-18 11:31:00,89.55583,36.86364,953.978,272.91,81.8,437.7,6.38,-4.06,-49.76,110.86,78.26,298.1,312.38,110.04,77.63,297.58,312.19,1.0
2018-08-18 11:31:00,89.55583,36.86353,953.994,272.91,81.8,437.6,9.47,-4.3,-50.18,111.06,78.12,298.19,312.49,109.82,77.55,297.68,312.28,1.0
2018-08-18 11:31:00,89.55582,36.86342,953.997,272.91,81.8,437.6,9.77,-4.53,-50.42,110.54,78.4,297.91,312.11,109.66,77.53,297.8,312.35,1.0
2018-08-18 11:31:00,89.55582,36.86331,953.936,272.91,81.8,438.1,7.39,-4.95,-50.38,111.39,78.26,298.04,312.41,109.59,77.56,297.88,312.35,1.0
2018-08-18 11:31:00,89.55582,36.8632,954.003,272.91,81.8,437.5,3.42,-5.02,-49.67,111.98,78.26,296.72,312.43,109.62,77.66,297.9,312.35,1.0
2018-08-18 11:31:00,89.55582,36.86309,954.05,272.91,81.8,437.1,3.64,-4.91,-49.36,110.08,78.05,297.04,312.2,109.74,77.82,297.89,312.31,1.0
2018-08-18 11:31:00,89.55582,36.86298,954.093,272.91,81.8,436.8,4.35,-5.23,-50.45,109.69,77.98,297.99,312.04,109.95,78.02,297.87,312.23,1.0
2018-08-18 11:31:00,89.55582,36.86287,954.101,272.91,81.8,436.7,5.73,-5.64,-51.54,110.47,78.12,297.65,312.19,110.23,78.24,297.85,312.14,1.0
2018-08-18 11:31:00,89.55582,36.86278,954.017,272.92,81.8,437.4,8.41,-5.72,-51.38,111.58,77.85,297.19,311.54,110.57,78.46,297.84,312.05,1.0
2018-08-18 11:31:00,89.55582,36.86271,954.059,272.91,81.8,437.0,9.01,-5.65,-51.67,110.14,78.26,297.73,312.01,110.92,78.66,297.85,311.97,1.0
2018-08-18 11:31:00,89.55582,36.86264,954.092,272.92,81.8,436.8,8.49,-5.7,-51.89,110.86,78.26,298.3,311.99,111.26,78.81,297.99,311.89,1.0
2018-08-18 11:31:00,89.55582,36.86256,954.125,272.92,81.8,436.5,9.83,-5.57,-51.9,111.06,78.33,298.2,311.97,111.56,78.9,298.09,311.84,1.0
2018-08-18 11:31:00,89.55582,36.86249,954.178,272.92,81.8,436.1,10.85,-5.38,-51.8,110.86,78.26,298.11,312.33,111.78,78.93,298.15,311.81,1.0
2018-08-18 11:31:00,89.55582,36.86242,954.227,272.91,81.8,435.7,10.28,-5.19,-51.87,110.86,78.26,298.2,312.22,111.92,78.89,298.23,311.84,1.0
2018-08-18 11:31:00,89.55582,36.86235,954.171,272.92,81.7,436.1,8.31,-4.99,-52.44,111.39,78.33,298.11,312.32,111.95,78.8,298.38,311.95,1.0
2018-08-18 11:31:00,89.55582,36.86227,954.163,272.92,81.7,436.2,6.09,-5.09,-52.45,110.28,78.33,298.12,312.22,111.87,78.68,298.45,312.06,1.0
2018-08-18 11:31:00,89.55582,36.8622,954.178,272.92,81.7,436.1,5.24,-5.0,-51.91,111.39,78.33,298.12,312.32,111.7,78.53,298.5,312.2,1.0
2018-08-18 11:31:00,89.55582,36.86213,954.145,272.92,81.7,436.3,5.87,-4.92,-51.7,110.54,78.33,298.12,312.23,111.45,78.39,298.53,312.33,1.0
2018-08-18 11:31:00,89.55582,36.86206,954.11,272.92,81.7,436.6,7.57,-4.98,-51.99,110.6,78.33,298.12,312.14,111.15,78.28,298.51,312.46,1.0
2018-08-18 11:31:00,89.55582,36.86198,954.229,272.92,81.7,435.6,9.05,-5.15,-52.72,111.85,78.26,298.12,312.13,110.84,78.2,298.47,312.55,1.0
2018-08-18 11:31:00,89.55582,36.86193,954.208,272.92,81.7,435.8,5.45,-4.67,-53.7,110.54,78.26,297.93,312.33,110.54,78.17,298.41,312.58,1.0
2018-08-18 11:31:00,89.55582,36.86187,954.129,272.92,81.7,436.5,2.98,-4.69,-53.77,111.13,78.26,298.21,312.33,110.28,78.18,298.33,312.58,1.0
2018-08-18 11:31:00,89.55582,36.86182,954.177,272.92,81.7,436.1,1.88,-4.79,-53.54,111.65,78.26,298.13,312.32,110.1,78.23,298.25,312.54,1.0
2018-08-18 11:31:00,89.55582,36.86177,954.268,272.92,81.7,435.3,0.68,-4.75,-53.14,110.21,78.05,298.09,312.16,109.99,78.3,298.19,312.47,1.0
2018-08-18 11:31:00,89.55582,36.86171,954.271,272.92,81.6,435.3,-1.1,-4.51,-52.67,110.47,78.26,298.05,312.19,109.98,78.38,298.14,312.39,1.0
2018-08-18 11:31:00,89.55582,36.86166,954.221,272.92,81.7,435.7,-1.95,-4.34,-52.26,111.13,78.4,298.21,312.41,110.06,78.46,298.12,312.31,1.0
2018-08-18 11:31:00,89.55582,36.8616,954.238,272.92,81.7,435.6,-1.57,-4.07,-51.37,111.13,78.4,298.21,312.14,110.2,78.52,298.12,312.29,1.0
2018-08-18 11:31:00,89.55582,36.86155,954.236,272.92,81.7,435.6,-0.16,-4.06,-50.19,110.08,78.33,298.12,312.24,110.41,78.56,298.13,312.28,1.0
2018-08-18 11:31:00,89.55581,36.8615,954.281,272.92,81.7,435.2,3.09,-4.13,-49.17,111.19,78.26,298.32,312.24,110.64,78.57,298.15,312.26,1.0
2018-08-18 11:31:00,89.55581,36.86144,954.354,272.92,81.7,434.6,6.91,-4.22,-48.65,111.06,78.33,298.14,312.23,110.87,78.56,298.11,312.23,1.0
2018-08-18 11:31:00,89.55581,36.86139,954.313,272.92,81.7,434.9,9.39,-4.33,-48.78,110.47,78.26,298.13,312.4,111.09,78.53,298.01,312.19,1.0
2018-08-18 11:31:00,89.55581,36.86134,954.276,272.92,81.7,435.3,12.25,-3.83,-49.32,110.67,78.33,297.78,312.51,111.26,78.5,298.01,312.18,1.0
2018-08-18 11:31:00,89.55581,36.86128,954.306,272.92,81.7,435.0,12.18,-3.72,-49.87,110.34,78.4,298.07,312.9,111.37,78.48,297.99,312.18,1.0
2018-08-18 11:31:00,89.55581,36.86123,954.375,272.92,81.7,434.4,11.82,-3.5,-50.07,111.26,78.33,297.99,312.6,111.4,78.46,297.96,312.18,1.0
2018-08-18 11:31:00,89.55581,36.86117,954.4,272.93,81.7,434.2,11.25,-3.29,-50.1,110.93,78.33,297.29,312.2,111.35,78.46,297.91,312.18,1.0
2018-08-18 11:31:00,89.55581,36.86109,954.302,272.92,81.7,435.0,10.3,-3.27,-50.14,111.13,78.26,296.84,312.27,111.23,78.48,297.87,312.17,1.0
2018-08-18 11:31:00,89.55581,36.86099,954.336,272.93,81.7,434.8,10.23,-3.11,-50.04,110.54,78.4,298.23,312.24,111.04,78.5,297.83,312.17,1.0
2018-08-18 11:31:00,89.55581,36.8609,954.415,272.93,81.7,434.1,9.78,-2.92,-50.03,111.52,78.19,298.14,312.35,110.81,78.52,297.82,312.11,1.0
2018-08-18 11:31:00,89.55581,36.8608,954.429,272.93,81.7,434.0,8.48,-2.78,-50.3,111.0,78.47,298.24,312.25,110.56,78.53,297.84,312.06,1.0
2018-08-18 11:31:00,89.55581,36.8607,954.406,272.93,81.7,434.2,6.94,-2.74,-50.71,111.06,78.26,298.24,312.35,110.31,78.52,297.88,312.05,1.0
2018-08-18 11:31:00,89.55581,36.86061,954.395,272.93,81.7,434.3,5.17,-2.84,-51.09,110.54,78.47,298.15,312.15,110.1,78.49,297.99,312.07,1.0
2018-08-18 11:31:00,89.55581,36.86051,954.416,272.94,81.7,434.1,2.45,-3.08,-51.3,110.54,78.33,298.15,312.35,109.94,78.45,298.18,312.09,1.0
2018-08-18 11:31:00,89.55581,36.86041,954.478,272.94,81.7,433.6,0.37,-3.12,-50.53,110.54,78.47,298.15,311.87,109.87,78.38,298.23,312.1,1.0
2018-08-18 11:31:00,89.55581,36.86032,954.502,272.93,81.7,433.4,0.46,-3.14,-49.51,110.34,78.33,298.06,312.2,109.9,78.3,298.28,312.11,1.0
2018-08-18 11:31:00,89.55581,36.86023,954.493,272.93,81.7,433.5,-0.11,-3.27,-49.55,110.67,78.33,298.24,312.12,110.01,78.23,298.3,312.11,1.0
2018-08-18 11:31:00,89.55581,36.86015,954.478,272.93,81.7,433.6,-1.62,-3.45,-50.38,112.3,78.4,298.15,312.06,110.21,78.17,298.3,312.09,1.0
2018-08-18 11:31:00,89.5558,36.86007,954.482,272.94,81.7,433.6,-3.38,-3.59,-51.11,110.41,78.33,298.24,312.07,110.48,78.12,298.28,312.07,1.0
2018-08-18 11:31:00,89.5558,36.86,954.551,272.94,81.7,433.0,-6.14,-3.86,-51.63,110.47,78.4,297.96,312.25,110.78,78.11,298.23,312.04,1.0
2018-08-18 11:31:00,89.5558,36.85992,954.589,272.94,81.7,432.7,-5.93,-3.5,-51.53,110.93,78.33,298.27,312.17,111.08,78.13,298.17,312.01,1.0
2018-08-18 11:31:00,89.5558,36.85984,954.586,272.94,81.7,432.7,-5.15,-3.51,-51.49,109.29,78.26,298.26,312.07,111.35,78.18,298.11,312.0,1.0
2018-08-18 11:31:00,89.5558,36.85977,954.538,272.94,81.7,433.1,-4.22,-3.65,-51.4,111.06,78.26,298.06,311.97,111.55,78.26,298.06,312.01,1.0
2018-08-18 11:31:00,89.5558,36.85969,954.465,272.94,81.7,433.7,-3.73,-3.63,-51.13,111.32,78.33,298.15,312.36,111.68,78.35,298.03,312.03,1.0
2018-08-18 11:31:00,89.5558,36.85961,954.503,272.94,81.7,433.4,-5.09,-3.56,-50.71,110.54,78.26,297.98,312.17,111.71,78.44,298.02,312.08,1.0
2018-08-18 11:31:00,89.5558,36.85953,954.486,272.94,81.7,433.5,-5.59,-3.54,-50.52,111.19,78.26,298.15,312.17,111.65,78.52,298.03,312.13,1.0
2018-08-18 11:31:00,89.5558,36.85946,954.578,272.95,81.7,432.8,-6.1,-3.54,-50.05,110.93,78.47,298.43,312.08,111.53,78.59,298.06,312.2,1.0
2018-08-18 11:31:00,89.5558,36.85938,954.625,272.95,81.7,432.4,-5.29,-3.64,-49.81,111.0,78.33,298.25,312.18,111.35,78.62,298.11,312.26,1.0
2018-08-18 11:31:00,89.5558,36.8593,954.55,272.94,81.7,433.0,-2.35,-3.73,-49.87,110.67,78.47,298.17,312.27,111.16,78.63,298.15,312.31,1.0
2018-08-18 11:31:00,89.5558,36.85923,954.565,272.94,81.7,432.9,2.65,-3.57,-49.87,110.86,78.33,298.17,312.27,110.96,78.6,298.19,312.33,1.0
2018-08-18 11:31:00,89.5558,36.85916,954.598,272.94,81.6,432.6,7.79,-3.3,-49.52,111.39,78.4,298.26,312.07,110.8,78.56,298.22,312.32,1.0
2018-08-18 11:31:00,89.5558,36.85909,954.649,272.95,81.7,432.2,8.3,-3.34,-49.32,110.86,78.26,298.17,312.18,110.68,78.5,298.22,312.28,1.0
2018-08-18 11:31:00,89.5558,36.85902,954.668,272.95,81.7,432.0,5.08,-3.45,-49.69,110.54,78.33,298.17,312.38,110.61,78.43,298.2,312.22,1.0
2018-08-18 11:31:00,89.5558,36.85895,954.67,272.94,81.7,432.0,1.86,-3.58,-50.52,110.93,78.47,297.98,312.28,110.58,78.37,298.16,312.17,1.0
2018-08-18 11:31:00,89.5558,36.85887,954.7,272.94,81.7,431.8,1.2,-3.66,-51.37,110.86,78.47,298.26,312.09,110.58,78.32,298.11,312.14,1.0
2018-08-18 11:31:00,89.5558,36.8588,954.659,272.94,81.7,432.1,0.02,-3.39,-51.35,110.08,78.4,298.0,312.09,110.59,78.29,298.05,312.09,1.0
2018-08-18 11:31:00,89.5558,36.85873,954.616,272.94,81.7,432.4,-2.09,-3.25,-51.09,111.39,78.33,298.27,312.18,110.59,78.27,297.99,312.05,1.0
2018-08-18 11:31:00,89.5558,36.85866,954.647,272.95,81.6,432.2,-3.27,-3.24,-50.26,111.06,78.33,298.18,312.18,110.59,78.27,297.95,312.02,1.0
2018-08-18 11:31:00,89.55579,36.85859,954.694,272.95,81.6,431.8,-2.62,-3.3,-49.51,110.67,78.33,298.18,312.64,110.58,78.28,297.93,312.03,1.0
2018-08-18 11:31:00,89.55579,36.85852,954.69,272.95,81.6,431.8,-0.31,-3.41,-49.15,110.93,78.33,298.26,312.74,110.56,78.3,297.93,312.07,1.0
2018-08-18 11:31:00,89.55579,36.85845,954.645,272.95,81.6,432.2,1.81,-3.67,-48.92,110.67,78.33,297.92,312.75,110.55,78.33,297.94,312.13,1.0
2018-08-18 11:31:00,89.55579,36.85839,954.76,272.95,81.7,431.3,2.84,-3.14,-48.92,110.93,78.33,298.27,312.04,110.58,78.36,297.97,312.2,1.0
2018-08-18 11:31:00,89.55579,36.85834,954.745,272.95,81.6,431.4,1.74,-3.04,-48.7,110.67,78.47,298.09,312.3,110.67,78.38,297.97,312.25,1.0
2018-08-18 11:31:00,89.55579,36.85828,954.746,272.95,81.6,431.4,1.72,-3.03,-48.37,110.93,78.33,298.28,312.1,110.83,78.41,297.99,312.29,1.0
2018-08-18 11:31:00,89.55579,36.85823,954.794,272.95,81.6,431.0,2.12,-2.92,-48.49,110.86,78.33,298.19,312.2,111.08,78.43,298.04,312.29,1.0
2018-08-18 11:31:00,89.55579,36.85817,954.767,272.95,81.6,431.2,1.02,-2.7,-49.49,111.52,78.33,298.01,312.1,111.4,78.45,298.08,312.23,1.0
2018-08-18 11:31:00,89.55579,36.85812,954.8,272.95,81.6,430.9,0.74,-2.95,-49.73,109.56,78.54,298.29,312.01,111.79,78.48,298.12,312.17,1.0
2018-08-18 11:31:00,89.55579,36.85807,954.807,272.96,81.6,430.9,-0.45,-2.74,-50.07,110.86,78.33,297.74,312.1,112.19,78.5,298.14,312.11,1.0
2018-08-18 11:31:00,89.55579,36.85801,954.784,272.96,81.7,431.1,-0.91,-2.77,-49.99,110.86,78.26,297.83,311.85,112.57,78.53,298.16,312.04,1.0
2018-08-18 11:31:00,89.55579,36.85796,954.776,272.96,81.7,431.1,-1.42,-2.86,-49.95,110.73,78.4,297.83,312.1,112.88,78.56,298.18,311.96,1.0
2018-08-18 11:31:00,89.55579,36.8579,954.83,272.95,81.6,430.7,-2.49,-2.78,-50.34,111.06,78.33,298.2,312.11,113.06,78.59,298.19,311.9,1.0
2018-08-18 11:31:00,89.55579,36.85785,954.76,272.96,81.6,431.3,-1.37,-2.76,-50.26,111.52,78.47,298.2,312.12,113.08,78.61,298.2,311.85,1.0
2018-08-18 11:31:00,89.55579,36.85779,954.791,272.96,81.6,431.0,-0.16,-2.53,-49.83,111.72,78.33,298.2,312.12,112.92,78.61,298.21,311.83,1.0
2018-08-18 11:31:00,89.55579,36.85774,954.823,272.96,81.6,430.7,3.12,-2.29,-49.59,110.54,78.54,298.02,312.31,112.57,78.59,298.26,311.84,1.0
2018-08-18 11:31:00,89.55579,36.85768,954.848,272.96,81.6,430.5,6.48,-2.18,-48.93,110.6,78.26,298.3,312.22,112.05,78.55,298.29,311.88,1.0
2018-08-18 11:31:00,89.55579,36.85763,954.871,272.95,81.6,430.3,7.22,-2.31,-47.99,112.17,78.47,298.11,312.22,111.4,78.5,298.29,311.93,1.0
2018-08-18 11:31:00,89.55579,36.85757,954.854,272.96,81.6,430.5,4.49,-2.56,-48.19,112.17,78.33,298.2,312.41,110.68,78.42,298.28,311.99,1.0
2018-08-18 11:31:00,89.55579,36.85752,954.874,272.96,81.6,430.3,2.34,-2.57,-48.6,110.34,78.54,298.2,312.22,109.96,78.33,298.26,312.05,1.0
2018-08-18 11:31:00,89.55579,36.85746,954.868,272.96,81.6,430.4,0.06,-2.6,-48.86,111.0,78.47,298.1,312.12,109.29,78.23,298.23,312.11,1.0
2018-08-18 11:31:00,89.55579,36.85741,954.845,272.96,81.6,430.6,-2.91,-2.73,-49.02,111.58,78.4,298.3,312.12,108.76,78.14,298.18,312.15,1.0
2018-08-18 11:31:00,89.55578,36.85735,954.828,272.97,81.6,430.7,-5.25,-2.79,-49.01,110.93,78.33,298.02,312.22,108.39,78.06,298.13,312.18,1.0
2018-08-18 11:31:00,89.55578,36.8573,954.846,272.96,81.6,430.6,-5.83,-2.65,-48.71,110.8,78.4,298.29,312.12,108.24,78.01,298.06,312.18,1.0
2018-08-18 11:31:00,89.55578,36.85724,954.854,272.96,81.6,430.5,-5.9,-2.64,-47.99,110.6,78.54,298.22,312.13,108.3,77.98,298.0,312.17,1.0
2018-08-18 11:31:00,89.55578,36.85718,954.902,272.96,81.6,430.1,-4.63,-2.75,-47.49,111.13,78.26,298.49,312.02,108.57,77.99,297.95,312.14,1.0
2018-08-18 11:31:00,89.55578,36.85713,954.923,272.96,81.6,429.9,-3.42,-2.66,-47.46,110.54,78.33,298.21,312.13,109.03,78.02,297.9,312.09,1.0
2018-08-18 11:31:00,89.55578,36.85707,954.916,272.96,81.6,430.0,-1.8,-2.44,-47.67,110.14,78.12,298.31,312.14,109.63,78.09,297.88,312.04,1.0
2018-08-18 11:31:00,89.55578,36.85702,954.908,272.96,81.6,430.0,-0.12,-2.3,-47.94,110.28,78.33,298.4,312.13,110.31,78.18,297.86,311.99,1.0
2018-08-18 11:31:00,89.55578,36.85696,954.936,272.96,81.6,429.8,-0.43,-2.44,-48.39,110.47,78.4,298.03,312.23,111.02,78.29,297.86,311.94,1.0
2018-08-18 11:31:00,89.55578,36.85691,954.956,272.96,81.6,429.6,-0.4,-2.22,-48.73,111.39,78.33,298.23,311.94,111.69,78.39,297.77,311.9,1.0
2018-08-18 11:31:00,89.55578,36.85683,954.947,272.96,81.6,429.7,-2.69,-1.95,-48.65,110.14,78.33,298.12,312.03,112.27,78.49,297.77,311.86,1.0
2018-08-18 11:31:00,89.55578,36.85676,954.944,272.96,81.6,429.7,-3.2,-1.9,-48.93,111.58,78.33,298.31,311.93,112.71,78.56,297.8,311.83,1.0
2018-08-18 11:31:00,89.55578,36.85668,954.967,272.96,81.6,429.5,-1.83,-2.08,-49.3,110.93,78.54,298.31,312.13,112.98,78.61,297.84,311.82,1.0
2018-08-18 11:31:00,89.55578,36.85661,955.003,272.96,81.6,429.3,-1.31,-2.29,-48.98,110.86,78.26,297.87,312.13,113.06,78.62,297.85,311.82,1.0
2018-08-18 11:31:00,89.55578,36.85654,954.969,272.96,81.6,429.5,-6.36,-2.04,-48.14,110.67,78.4,296.74,312.43,112.95,78.61,297.75,311.83,1.0
2018-08-18 11:31:00,89.55578,36.85646,955.02,272.97,81.6,429.1,-7.64,-1.94,-47.39,110.67,78.26,297.59,312.24,112.66,78.56,297.76,311.87,1.0
2018-08-18 11:31:00,89.55578,36.85639,955.038,272.97,81.6,429.0,-7.25,-2.03,-46.63,110.54,78.33,297.95,311.85,112.23,78.5,297.79,311.92,1.0
2018-08-18 11:31:00,89.55578,36.85632,955.002,272.96,81.6,429.3,-6.1,-2.09,-46.05,111.98,78.33,297.95,312.14,111.68,78.42,297.85,311.99,1.0
2018-08-18 11:31:00,89.55578,36.85624,955.001,272.96,81.6,429.3,-4.3,-1.95,-45.77,111.72,78.61,297.83,311.96,111.09,78.35,297.92,312.12,1.0
2018-08-18 11:31:00,89.55578,36.85618,955.049,272.97,81.6,428.9,-0.86,-2.0,-45.52,110.93,78.33,296.51,312.34,110.5,78.29,297.97,312.29,1.0
2018-08-18 11:31:00,89.55577,36.85613,955.031,272.97,81.6,429.0,0.31,-1.74,-45.15,111.52,78.47,297.78,312.15,109.98,78.26,298.15,312.34,1.0
2018-08-18 11:31:00,89.55577,36.85607,955.049,272.97,81.6,428.9,-1.86,-1.97,-45.82,110.86,78.54,298.04,312.17,109.57,78.25,298.22,312.37,1.0
2018-08-18 11:31:00,89.55577,36.85602,955.089,272.97,81.6,428.5,-4.41,-2.27,-46.32,111.26,78.33,298.54,312.53,109.32,78.29,298.25,312.38,1.0
2018-08-18 11:31:00,89.55577,36.85597,955.109,272.96,81.6,428.4,-6.86,-2.35,-46.19,110.54,78.12,298.46,312.77,109.23,78.36,298.26,312.31,1.0
2018-08-18 11:31:00,89.55577,36.85592,955.065,272.97,81.6,428.7,-11.33,-2.2,-46.05,110.28,78.19,298.08,313.02,109.31,78.46,298.29,312.13,1.0
2018-08-18 11:31:00,89.55577,36.85586,955.062,272.97,81.6,428.8,-14.68,-2.99,-46.48,110.93,78.26,298.61,311.72,109.54,78.56,298.49,311.93,1.0
2018-08-18 11:31:00,89.55577,36.85581,955.08,272.97,81.6,428.6,-16.52,-3.28,-46.01,110.54,78.47,298.17,311.8,109.89,78.66,298.56,311.73,1.0
2018-08-18 11:31:00,89.55577,36.85575,955.12,272.97,81.6,428.3,-16.72,-3.56,-46.15,110.73,78.54,298.32,312.18,110.28,78.74,298.57,311.56,1.0
2018-08-18 11:31:00,89.55577,36.8557,955.141,272.97,81.6,428.1,-16.04,-3.88,-46.64,110.93,78.33,298.51,311.74,110.68,78.78,298.5,311.4,1.0
2018-08-18 11:31:00,89.55577,36.85565,955.084,272.98,81.6,428.6,-15.63,-4.11,-46.6,110.54,78.47,298.57,310.86,111.03,78.77,298.39,311.22,1.0
2018-08-18 11:31:00,89.55577,36.8556,955.17,272.98,81.6,427.9,-16.89,-4.25,-46.61,111.32,78.54,299.29,311.08,111.28,78.7,298.32,311.03,1.0
2018-08-18 11:31:00,89.55577,36.85554,955.175,272.97,81.6,427.8,-16.6,-4.85,-47.08,110.73,78.47,299.38,311.5,111.41,78.58,298.32,311.0,1.0
2018-08-18 11:31:00,89.55577,36.85547,955.159,272.97,81.6,428.0,-16.28,-5.05,-47.5,110.41,78.33,299.13,311.7,111.41,78.41,298.32,311.02,1.0
2018-08-18 11:31:00,89.55577,36.85539,955.166,272.97,81.6,427.9,-15.78,-4.86,-47.67,110.93,78.33,298.63,312.19,111.3,78.21,298.33,311.09,1.0
2018-08-18 11:31:00,89.55577,36.8553,955.215,272.98,81.6,427.5,-14.89,-4.74,-47.63,111.72,78.47,298.32,312.09,111.12,78.0,298.35,311.24,1.0
2018-08-18 11:31:00,89.55577,36.85523,955.286,272.97,81.6,426.9,-14.05,-4.8,-47.56,110.47,78.54,298.09,312.28,110.9,77.81,298.39,311.5,1.0
2018-08-18 11:31:00,89.55577,36.85514,955.245,272.98,81.5,427.3,-15.45,-4.91,-47.65,111.06,78.26,299.08,311.98,110.69,77.67,298.4,311.78,1.0
2018-08-18 11:31:00,89.55577,36.85507,955.194,272.98,81.5,427.7,-15.07,-5.01,-48.05,110.28,78.47,298.38,311.99,110.54,77.59,298.34,312.04,1.0
2018-08-18 11:31:00,89.55577,36.85498,955.245,272.98,81.5,427.3,-15.28,-5.15,-48.51,110.93,78.33,298.33,312.2,110.47,77.59,298.29,312.2,1.0
2018-08-18 11:31:00,89.55576,36.8549,955.356,272.98,81.6,426.3,-16.3,-5.3,-48.67,111.58,78.47,298.05,312.01,110.5,77.67,298.28,312.23,1.0
2018-08-18 11:31:00,89.55576,36.85483,955.288,272.98,81.5,426.9,-16.83,-5.39,-48.17,110.6,78.47,298.27,312.02,110.61,77.82,298.26,312.22,1.0
2018-08-18 11:31:00,89.55576,36.85474,955.349,272.97,81.5,426.4,-14.55,-5.33,-47.96,110.6,77.98,298.61,312.24,110.78,78.03,298.21,312.16,1.0
2018-08-18 11:31:00,89.55576,36.85466,955.332,272.98,81.5,426.5,-14.57,-5.57,-48.22,110.6,77.98,297.31,312.32,110.97,78.27,298.08,312.06,1.0
2018-08-18 11:31:00,89.55576,36.85459,955.317,272.98,81.5,426.7,-14.91,-5.69,-48.88,110.01,78.05,297.69,312.22,111.15,78.52,298.0,311.95,1.0
2018-08-18 11:31:00,89.55576,36.85452,955.319,272.98,81.5,426.6,-14.82,-5.71,-49.63,111.58,78.33,298.03,311.72,111.28,78.76,297.96,311.85,1.0
2018-08-18 11:31:00,89.55576,36.85445,955.297,272.98,81.5,426.8,-14.33,-5.74,-50.04,110.67,78.47,298.07,312.01,111.33,78.95,297.95,311.77,1.0
2018-08-18 11:31:00,89.55576,36.85438,955.32,272.98,81.5,426.6,-13.91,-5.61,-49.45,111.13,78.4,297.98,312.01,111.3,79.09,297.98,311.75,1.0
2018-08-18 11:31:00,89.55576,36.85431,955.399,272.99,81.5,426.0,-13.84,-5.53,-49.12,111.52,78.47,298.26,312.0,111.19,79.16,298.01,311.75,1.0
2018-08-18 11:31:00,89.55576,36.85425,955.372,272.98,81.5,426.2,-13.87,-5.46,-48.92,110.47,78.33,298.08,311.81,111.04,79.18,298.08,311.77,1.0
2018-08-18 11:31:00,89.55576,36.85418,955.33,272.98,81.5,426.6,-12.98,-5.55,-48.88,110.67,78.47,298.27,312.2,110.88,79.15,298.14,311.87,1.0
2018-08-18 11:31:00,89.55576,36.85411,955.346,272.99,81.5,426.4,-11.06,-5.78,-48.96,111.19,78.47,298.36,312.01,110.74,79.07,298.22,312.03,1.0
2018-08-18 11:31:00,89.55576,36.85404,955.336,272.98,81.5,426.5,-9.22,-5.86,-49.0,110.47,78.61,298.09,312.2,110.65,78.98,298.37,312.19,1.0
2018-08-18 11:31:00,89.55576,36.85397,955.412,272.99,81.5,425.9,-7.44,-5.69,-48.02,111.0,78.4,298.37,312.02,110.65,78.88,298.5,312.33,1.0
2018-08-18 11:31:00,89.55576,36.8539,955.437,272.99,81.5,425.7,-8.54,-5.94,-48.13,110.67,78.4,297.59,312.03,110.72,78.79,298.58,312.44,1.0
2018-08-18 11:31:00,89.55576,36.85383,955.447,272.99,81.5,425.6,-10.85,-6.05,-48.61,111.85,78.47,297.37,312.11,110.85,78.71,298.62,312.49,1.0
2018-08-18 11:31:00,89.55576,36.85377,955.469,272.98,81.5,425.4,-12.6,-6.12,-48.87,110.8,78.4,297.82,312.01,111.03,78.66,298.61,312.48,1.0
2018-08-18 11:31:00,89.55576,36.85373,955.507,272.99,81.5,425.1,-12.35,-6.37,-48.66,110.14,78.4,298.19,312.21,111.21,78.63,298.55,312.41,1.0
2018-08-18 11:31:00,89.55576,36.8537,955.455,272.99,81.5,425.5,-9.35,-5.92,-48.7,110.47,78.47,298.27,312.12,111.37,78.62,298.47,312.31,1.0
2018-08-18 11:31:00,89.55576,36.85366,955.43,272.99,81.5,425.7,-8.17,-5.96,-48.74,110.86,78.54,298.09,311.64,111.47,78.61,298.37,312.19,1.0
2018-08-18 11:31:00,89.55576,36.85362,955.456,272.99,81.5,425.5,-6.93,-6.22,-48.46,110.73,78.47,298.27,311.93,111.51,78.62,298.33,312.07,1.0
2018-08-18 11:31:00,89.55576,36.85359,955.486,272.99,81.5,425.3,-7.25,-6.43,-48.67,111.13,78.54,298.27,312.12,111.48,78.62,298.35,311.98,1.0
2018-08-18 11:31:00,89.55576,36.85355,955.465,272.99,81.5,425.4,-8.96,-6.46,-49.55,111.45,78.47,298.56,312.13,111.41,78.61,298.38,311.91,1.0
2018-08-18 11:31:00,89.55575,36.85352,955.387,272.99,81.5,426.1,-8.05,-6.48,-50.0,110.93,78.61,298.2,312.23,111.31,78.6,298.39,311.88,1.0
2018-08-18 11:31:00,89.55575,36.85348,955.41,272.99,81.5,425.9,-9.31,-7.12,-51.56,111.39,78.47,298.37,312.14,111.21,78.59,298.39,311.84,1.0
2018-08-18 11:31:00,89.55575,36.85344,955.498,273.0,81.5,425.2,-10.9,-7.39,-51.39,110.93,78.54,298.38,311.94,111.15,78.58,298.41,311.88,1.0
2018-08-18 11:31:00,89.55575,36.8534,955.559,273.0,81.5,424.7,-10.98,-7.22,-50.44,111.06,78.47,298.52,312.23,111.14,78.57,298.49,311.99,1.0
2018-08-18 11:31:00,89.55575,36.85337,955.545,273.0,81.5,424.8,-9.2,-6.8,-49.36,111.06,78.54,298.85,312.18,111.18,78.57,298.56,312.1,1.0
2018-08-18 11:31:00,89.55575,36.85333,955.496,273.0,81.5,425.2,-6.42,-6.41,-48.33,110.47,78.47,298.62,312.03,111.26,78.58,298.59,312.17,1.0
2018-08-18 11:31:00,89.55575,36.8533,955.552,272.99,81.5,424.7,-4.42,-6.6,-48.98,110.73,78.26,298.08,311.25,111.36,78.59,298.6,312.21,1.0
2018-08-18 11:31:00,89.55575,36.85326,955.552,273.0,81.5,424.7,-4.21,-6.91,-49.56,110.54,78.54,298.17,311.65,111.43,78.6,298.59,312.22,1.0
2018-08-18 11:31:00,89.55575,36.85322,955.586,273.0,81.5,424.4,-3.97,-6.94,-50.01,111.0,78.54,298.61,312.32,111.45,78.62,298.56,312.21,1.0
2018-08-18 11:31:00,89.55575,36.85314,955.649,273.0,81.5,423.9,-4.37,-7.05,-50.48,111.0,78.54,298.6,312.3,111.39,78.63,298.5,312.17,1.0
2018-08-18 11:31:00,89.55575,36.85307,955.653,273.0,81.5,423.9,-6.22,-7.52,-51.05,111.52,78.61,298.1,312.04,111.25,78.64,298.42,312.13,1.0
2018-08-18 11:31:00,89.55575,36.853,955.65,273.0,81.5,423.9,-7.35,-7.39,-51.56,111.72,78.54,298.48,312.14,111.02,78.64,298.34,312.1,1.0
2018-08-18 11:31:00,89.55575,36.85292,955.668,273.0,81.5,423.8,-7.71,-8.01,-51.94,111.13,78.61,298.29,312.04,110.73,78.64,298.32,312.12,1.0
2018-08-18 11:31:00,89.55575,36.85285,955.708,273.0,81.5,423.4,-6.77,-8.01,-52.09,110.47,78.54,298.57,312.05,110.44,78.63,298.36,312.03,1.0
2018-08-18 11:31:00,89.55575,36.85277,955.716,273.0,81.5,423.4,-5.52,-7.95,-52.06,111.52,78.47,298.3,312.44,110.17,78.62,298.37,311.91,1.0
2018-08-18 11:31:00,89.55575,36.8527,955.673,273.0,81.5,423.7,-4.75,-8.04,-51.9,110.67,78.47,298.31,312.04,110.0,78.61,298.34,311.88,1.0
2018-08-18 11:31:00,89.55575,36.85262,955.722,273.0,81.5,423.3,-4.63,-7.74,-51.61,111.06,78.54,298.31,312.06,109.94,78.59,298.37,311.91,1.0
2018-08-18 11:31:00,89.55575,36.85255,955.745,273.0,81.5,423.1,-4.61,-7.79,-52.87,111.39,78.47,298.31,312.06,110.02,78.58,298.4,311.94,1.0
2018-08-18 11:31:00,89.55575,36.85247,955.726,273.0,81.5,423.3,-8.13,-8.33,-55.06,109.95,78.54,298.85,311.12,110.23,78.56,298.43,311.97,1.0
2018-08-18 11:31:00,89.55575,36.85242,955.713,273.0,81.5,423.4,-13.04,-8.59,-56.64,110.73,78.47,298.52,311.24,110.56,78.54,298.44,311.99,1.0
2018-08-18 11:31:00,89.55575,36.85237,955.736,273.0,81.4,423.2,-17.22,-8.44,-57.14,110.41,78.61,298.4,312.15,110.95,78.51,298.45,312.0,1.0
2018-08-18 11:31:00,89.55575,36.85232,955.747,273.0,81.5,423.1,-18.71,-8.58,-57.55,111.32,78.54,298.3,312.15,111.35,78.47,298.42,312.01,1.0
2018-08-18 11:31:00,89.55575,36.85227,955.752,273.01,81.5,423.1,-20.94,-8.78,-57.73,111.26,78.68,298.49,312.25,111.71,78.42,298.33,312.0,1.0
2018-08-18 11:31:00,89.55575,36.85222,955.747,273.0,81.5,423.1,-20.82,-8.27,-57.09,110.54,78.54,298.4,312.26,111.97,78.36,298.29,311.99,1.0
2018-08-18 11:31:00,89.55574,36.85217,955.803,273.0,81.5,422.6,-18.21,-7.77,-56.22,111.06,78.47,298.41,312.06,112.1,78.31,298.21,312.06,1.0
2018-08-18 11:31:00,89.55574,36.85212,955.835,273.01,81.5,422.4,-14.08,-7.33,-55.15,110.34,78.47,298.23,312.06,112.09,78.26,298.13,312.13,1.0
2018-08-18 11:31:00,89.55574,36.85207,955.762,273.01,81.4,423.0,-9.6,-6.98,-54.01,111.72,78.47,298.28,312.06,111.93,78.22,298.1,312.08,1.0
2018-08-18 11:31:00,89.55574,36.85202,955.804,273.01,81.4,422.6,-5.91,-7.01,-53.21,111.52,78.61,297.6,312.17,111.67,78.2,298.08,311.97,1.0
2018-08-18 11:31:00,89.55574,36.85197,955.842,273.0,81.4,422.3,-7.2,-6.94,-53.5,111.52,78.47,298.02,312.07,111.34,78.22,298.11,311.95,1.0
2018-08-18 11:31:00,89.55574,36.85192,955.879,273.01,81.4,422.0,-7.59,-6.54,-53.34,110.86,78.54,298.41,311.98,111.0,78.26,298.12,311.94,1.0
2018-08-18 11:31:00,89.55574,36.85186,955.883,273.01,81.4,422.0,-8.48,-6.37,-53.51,110.73,78.33,298.13,312.26,110.68,78.33,298.17,311.88,1.0
2018-08-18 11:31:00,89.55574,36.8518,955.854,273.01,81.4,422.2,-9.69,-6.36,-53.95,111.06,78.47,298.32,311.9,110.44,78.43,298.23,311.76,1.0
2018-08-18 11:31:00,89.55574,36.85173,955.839,273.01,81.4,422.4,-9.69,-6.07,-53.95,110.41,78.47,298.46,310.76,110.29,78.55,298.28,311.65,1.0
2018-08-18 11:31:00,89.55574,36.85166,955.853,273.01,81.4,422.2,-7.12,-5.96,-53.85,111.26,78.33,298.74,311.65,110.24,78.67,298.41,311.62,1.0
2018-08-18 11:31:00,89.55574,36.8516,955.889,273.01,81.4,421.9,-2.79,-5.61,-53.3,111.06,78.68,298.3,312.08,110.29,78.79,298.47,311.59,1.0
2018-08-18 11:31:00,89.55574,36.85153,955.904,273.01,81.4,421.8,-0.07,-5.35,-53.06,110.93,78.4,298.82,311.71,110.43,78.89,298.52,311.57,1.0
2018-08-18 11:31:00,89.55574,36.85146,955.889,273.01,81.4,421.9,1.39,-5.25,-52.95,111.06,78.47,298.72,311.1,110.61,78.95,298.56,311.54,1.0
2018-08-18 11:31:00,89.55574,36.8514,955.865,273.01,81.4,422.1,2.63,-5.23,-52.79,110.86,78.54,298.48,311.33,110.81,78.98,298.6,311.56,1.0
2018-08-18 11:31:00,89.55574,36.85133,955.915,273.01,81.4,421.7,1.89,-5.06,-53.73,111.32,78.68,298.54,311.89,111.01,78.97,298.63,311.67,1.0
2018-08-18 11:31:00,89.55574,36.85127,955.923,273.02,81.4,421.7,0.37,-4.93,-52.68,110.73,78.61,298.31,312.09,111.18,78.93,298.6,311.68,1.0
2018-08-18 11:31:00,89.55574,36.8512,955.923,273.02,81.4,421.7,-0.54,-4.62,-51.7,110.34,78.47,298.15,312.09,111.31,78.85,298.58,311.69,1.0
2018-08-18 11:31:00,89.55574,36.85113,955.983,273.02,81.4,421.2,0.04,-4.44,-51.12,110.86,78.54,298.24,312.28,111.4,78.74,298.54,311.75,1.0
2018-08-18 11:31:00,89.55574,36.85107,956.1,273.02,81.4,420.2,1.93,-4.44,-50.92,111.26,78.61,298.33,312.18,111.44,78.62,298.47,311.84,1.0
2018-08-18 11:31:00,89.55574,36.851,956.005,273.02,81.4,421.0,3.69,-4.2,-50.97,111.32,78.61,298.44,312.18,111.45,78.5,298.44,311.92,1.0
2018-08-18 11:31:00,89.55573,36.85094,956.01,273.02,81.4,420.9,5.18,-4.13,-50.36,111.06,78.54,298.34,312.09,111.43,78.39,298.38,311.9,1.0
2018-08-18 11:31:00,89.55573,36.85088,956.022,273.02,81.4,420.8,5.59,-4.31,-49.61,110.86,78.61,298.43,311.99,111.39,78.3,298.35,311.88,1.0
2018-08-18 11:31:00,89.55573,36.85081,956.025,273.02,81.4,420.8,6.29,-4.36,-49.67,111.13,78.54,298.15,312.09,111.34,78.23,298.33,311.85,1.0
2018-08-18 11:31:00,89.55573,36.85075,956.02,273.02,81.4,420.9,7.11,-4.25,-50.39,111.32,78.54,298.62,312.18,111.3,78.19,298.33,311.82,1.0
2018-08-18 11:31:00,89.55573,36.85069,956.012,273.03,81.4,420.9,7.08,-4.11,-51.08,110.73,78.47,298.34,311.99,111.25,78.18,298.35,311.8,1.0
2018-08-18 11:31:00,89.55573,36.85062,956.034,273.02,81.4,420.7,5.19,-3.86,-51.32,110.93,78.54,298.43,311.99,111.22,78.2,298.37,311.79,1.0
2018-08-18 11:31:00,89.55573,36.85056,956.044,273.03,81.4,420.7,2.85,-4.04,-51.68,110.47,78.61,298.24,312.1,111.2,78.24,298.46,311.79,1.0
2018-08-18 11:31:00,89.55573,36.8505,956.07,273.03,81.4,420.5,1.14,-4.15,-52.49,111.52,78.47,298.52,312.01,111.19,78.3,298.51,311.81,1.0
2018-08-18 11:31:00,89.55573,36.85044,956.079,273.02,81.4,420.4,-0.4,-4.08,-53.56,110.93,78.4,298.34,311.9,111.2,78.37,298.47,311.8,1.0
2018-08-18 11:31:00,89.55573,36.85037,956.042,273.02,81.4,420.7,-2.38,-3.95,-54.35,111.52,78.33,298.54,312.09,111.21,78.44,298.36,311.73,1.0
2018-08-18 11:31:00,89.55573,36.85031,956.064,273.03,81.4,420.5,-5.26,-4.33,-53.75,111.26,78.61,298.37,312.1,111.22,78.51,298.3,311.63,1.0
2018-08-18 11:31:00,89.55573,36.85026,956.103,273.03,81.4,420.2,-4.25,-4.16,-53.57,110.93,78.33,298.8,312.01,111.22,78.57,298.26,311.63,1.0
2018-08-18 11:31:00,89.55573,36.85021,956.134,273.02,81.4,419.9,-5.04,-4.15,-53.24,110.41,78.68,298.71,312.01,111.2,78.63,298.21,311.64,1.0
2018-08-18 11:31:00,89.55573,36.85016,956.132,273.02,81.4,419.9,-5.96,-4.02,-52.4,111.98,78.68,297.68,311.57,111.15,78.67,298.15,311.63,1.0
2018-08-18 11:31:00,89.55573,36.85011,956.108,273.03,81.4,420.1,-6.01,-3.85,-51.26,110.41,78.47,297.07,310.9,111.07,78.7,298.09,311.61,1.0
2018-08-18 11:31:00,89.55573,36.85006,956.144,273.03,81.4,419.8,-4.79,-4.05,-50.5,111.13,78.4,297.57,310.48,110.95,78.72,298.03,311.59,1.0
2018-08-18 11:31:00,89.55573,36.85002,956.156,273.02,81.4,419.7,-3.62,-3.82,-49.68,111.06,78.54,298.12,311.67,110.79,78.74,297.99,311.57,1.0
2018-08-18 11:31:00,89.55573,36.84997,956.187,273.03,81.4,419.5,-2.43,-3.62,-48.84,110.86,78.54,298.37,312.01,110.62,78.74,297.92,311.44,1.0
2018-08-18 11:31:00,89.55573,36.84992,956.188,273.03,81.4,419.5,-1.88,-3.49,-48.15,111.0,78.47,298.55,312.02,110.45,78.74,297.91,311.31,1.0
2018-08-18 11:31:00,89.55573,36.84987,956.196,273.03,81.4,419.4,-1.85,-3.25,-47.79,111.52,78.54,298.37,312.02,110.31,78.74,298.03,311.31,1.0
2018-08-18 11:31:00,89.55573,36.84982,956.282,273.03,81.4,418.7,-2.1,-2.86,-47.83,111.52,78.54,298.46,312.12,110.24,78.73,298.24,311.45,1.0
2018-08-18 11:31:00,89.55573,36.84978,956.185,273.03,81.4,419.5,-2.82,-2.87,-47.97,110.86,78.61,298.27,312.12,110.25,78.72,298.36,311.57,1.0
2018-08-18 11:31:00,89.55573,36.84973,956.215,273.03,81.4,419.3,-2.45,-3.02,-48.36,110.47,78.68,298.27,310.85,110.36,78.7,298.43,311.64,1.0
2018-08-18 11:31:00,89.55573,36.84968,956.234,273.04,81.4,419.1,0.11,-3.05,-48.64,110.8,78.47,298.37,310.66,110.57,78.67,298.5,311.7,1.0
2018-08-18 11:31:00,89.55573,36.84963,956.22,273.04,81.4,419.2,3.77,-2.98,-48.94,111.32,78.68,298.57,311.44,110.87,78.64,298.56,311.74,1.0
2018-08-18 11:31:00,89.55572,36.84958,956.193,273.03,81.4,419.4,6.35,-2.88,-49.38,110.54,78.33,298.82,311.82,111.22,78.59,298.58,311.76,1.0
2018-08-18 11:31:00,89.55572,36.84953,956.177,273.04,81.4,419.6,4.9,-2.93,-49.97,110.86,78.61,298.27,311.01,111.56,78.54,298.55,311.73,1.0
2018-08-18 11:31:00,89.55572,36.84945,956.249,273.03,81.4,419.0,5.51,-3.01,-49.19,110.73,78.54,298.18,311.82,111.86,78.48,298.5,311.67,1.0
2018-08-18 11:31:00,89.55572,36.84936,956.311,273.04,81.4,418.5,4.97,-3.02,-49.36,111.0,78.74,298.57,311.94,112.05,78.41,298.43,311.7,1.0
2018-08-18 11:31:00,89.55572,36.84927,956.321,273.04,81.4,418.4,3.57,-3.21,-50.79,110.67,78.47,298.78,312.14,112.09,78.34,298.33,311.66,1.0
2018-08-18 11:31:00,89.55572,36.84918,956.298,273.04,81.4,418.6,1.86,-3.45,-52.39,111.98,78.54,298.51,312.04,111.97,78.26,298.22,311.52,1.0
2018-08-18 11:31:00,89.55572,36.8491,956.323,273.04,81.3,418.4,0.46,-3.44,-52.67,110.6,78.54,298.2,311.94,111.69,78.18,298.14,311.36,1.0
2018-08-18 11:31:00,89.55572,36.84901,956.281,273.04,81.3,418.7,-1.27,-3.46,-52.83,112.04,78.61,298.38,312.04,111.27,78.11,298.14,311.37,1.0
2018-08-18 11:31:00,89.55572,36.84892,956.326,273.04,81.3,418.3,-1.5,-3.23,-52.09,110.47,78.54,298.46,312.04,110.77,78.04,298.16,311.37,1.0
2018-08-18 11:31:00,89.55572,36.84884,956.356,273.04,81.3,418.1,-1.62,-3.18,-51.68,111.52,78.47,298.35,311.39,110.27,77.99,298.2,311.39,1.0
2018-08-18 11:31:00,89.55572,36.84875,956.385,273.05,81.3,417.8,-0.62,-3.23,-51.48,110.73,78.47,297.96,310.96,109.84,77.97,298.26,311.44,1.0
2018-08-18 11:31:00,89.55572,36.84869,956.449,273.04,81.3,417.3,1.13,-3.22,-51.11,111.39,78.26,298.49,311.17,109.56,77.97,298.34,311.52,1.0
2018-08-18 11:31:00,89.55572,36.84863,956.339,273.04,81.3,418.2,-1.61,-3.1,-50.35,111.91,78.54,298.29,312.33,109.46,78.01,298.44,311.63,1.0
2018-08-18 11:31:00,89.55572,36.84858,956.387,273.04,81.3,417.8,-2.64,-3.1,-50.07,110.28,78.68,298.39,311.95,109.58,78.08,298.51,311.73,1.0
2018-08-18 11:31:00,89.55572,36.84852,956.433,273.04,81.3,417.5,-2.07,-3.37,-50.69,109.95,78.47,298.57,312.12,109.9,78.2,298.56,311.81,1.0
2018-08-18 11:31:00,89.55572,36.84847,956.44,273.04,81.3,417.4,-1.51,-3.65,-51.58,111.26,78.26,298.12,311.68,110.37,78.34,298.59,311.91,1.0
2018-08-18 11:31:00,89.55572,36.84841,956.416,273.05,81.3,417.6,-1.73,-3.78,-52.35,110.28,78.19,298.13,311.29,110.93,78.51,298.58,312.01,1.0
2018-08-18 11:31:00,89.55572,36.84836,956.447,273.05,81.3,417.3,-2.52,-3.66,-52.94,110.34,78.4,298.2,311.65,111.49,78.7,298.5,312.04,1.0
2018-08-18 11:31:00,89.55571,36.8483,956.424,273.04,81.3,417.5,-3.68,-3.96,-52.88,111.45,78.54,298.2,311.84,111.96,78.88,298.4,311.94,1.0
2018-08-18 11:31:00,89.55571,36.84825,956.426,273.05,81.3,417.5,-4.67,-4.16,-52.58,110.8,78.61,298.47,312.14,112.27,79.05,298.29,311.81,1.0
2018-08-18 11:31:00,89.55571,36.84819,956.455,273.05,81.3,417.3,-4.64,-4.26,-52.46,111.13,78.54,298.38,312.13,112.35,79.17,298.18,311.67,1.0
2018-08-18 11:31:00,89.55571,36.84814,956.485,273.05,81.3,417.0,-2.28,-4.34,-52.49,111.19,78.33,298.38,312.04,112.2,79.23,298.09,311.57,1.0
2018-08-18 11:31:00,89.55571,36.84809,956.474,273.05,81.3,417.1,2.23,-4.43,-52.54,111.19,78.54,298.47,312.04,111.84,79.23,298.03,311.5,1.0
2018-08-18 11:31:00,89.55571,36.84803,956.481,273.05,81.3,417.1,3.03,-4.51,-52.44,111.52,78.61,298.3,311.85,111.31,79.14,298.01,311.47,1.0
2018-08-18 11:31:00,89.55571,36.84798,956.468,273.05,81.3,417.2,4.85,-4.45,-52.15,111.39,78.54,298.48,311.95,110.69,78.99,298.04,311.48,1.0
2018-08-18 11:31:00,89.55571,36.84793,956.497,273.05,81.3,416.9,6.44,-4.5,-51.6,111.26,78.54,298.39,312.05,110.08,78.78,298.1,311.55,1.0
2018-08-18 11:31:00,89.55571,36.84788,956.535,273.05,81.3,416.6,8.35,-4.54,-52.15,110.73,78.61,298.39,311.85,109.57,78.53,298.18,311.67,1.0
2018-08-18 11:31:00,89.55571,36.84782,956.531,273.05,81.3,416.6,10.25,-4.57,-53.52,110.34,78.74,298.39,312.05,109.23,78.26,298.25,311.81,1.0
2018-08-18 11:31:00,89.55571,36.84777,956.46,273.05,81.3,417.2,10.74,-4.77,-53.41,111.06,78.54,298.39,312.14,109.1,78.01,298.29,311.97,1.0
2018-08-18 11:31:00,89.55571,36.84772,956.553,273.05,81.3,416.5,8.44,-4.89,-53.22,110.86,78.68,298.39,311.95,109.21,77.79,298.34,312.16,1.0
2018-08-18 11:31:00,89.55571,36.84766,956.535,273.05,81.3,416.6,9.2,-5.07,-52.98,110.73,78.47,298.59,312.35,109.54,77.64,298.4,312.3,1.0
2018-08-18 11:31:00,89.55571,36.84761,956.535,273.05,81.3,416.6,10.37,-5.0,-52.31,110.6,78.68,298.49,311.96,110.03,77.56,298.4,312.37,1.0
2018-08-18 11:31:00,89.5557,36.84756,956.588,273.05,81.3,416.2,11.33,-4.8,-51.72,111.26,78.47,298.23,311.96,110.63,77.55,298.35,312.37,1.0
2018-08-18 11:31:00,89.5557,36.8475,956.604,273.05,81.3,416.0,12.26,-4.75,-51.89,110.54,78.26,297.87,311.89,111.24,77.62,298.28,312.32,1.0
2018-08-18 11:31:00,89.5557,36.84745,956.624,273.05,81.3,415.9,11.88,-4.99,-52.09,110.34,78.12,298.06,312.58,111.81,77.76,298.19,312.24,1.0
2018-08-18 11:31:00,89.5557,36.8474,956.612,273.06,81.3,416.0,10.51,-5.1,-52.06,110.54,78.12,298.48,312.11,112.27,77.93,298.11,312.14,1.0
2018-08-18 11:31:00,89.5557,36.84735,956.611,273.06,81.3,416.0,8.72,-5.2,-52.08,110.93,78.47,298.36,311.86,112.59,78.12,298.1,311.96,1.0
2018-08-18 11:31:00,89.5557,36.8473,956.627,273.05,81.3,415.9,7.74,-5.28,-51.9,111.26,78.47,298.21,311.87,112.75,78.3,298.13,311.84,1.0
2018-08-18 11:31:00,89.5557,36.84724,956.651,273.06,81.3,415.7,7.89,-5.45,-51.63,110.47,78.47,298.4,312.17,112.77,78.47,298.17,311.85,1.0
2018-08-18 11:31:00,89.5557,36.84719,956.688,273.06,81.3,415.4,7.56,-6.02,-52.2,111.58,78.4,298.31,311.96,112.68,78.61,298.26,311.84,1.0
2018-08-18 11:31:00,89.5557,36.84714,956.604,273.06,81.3,416.0,6.42,-5.8,-52.55,111.91,78.47,298.39,311.88,112.52,78.72,298.36,311.82,1.0
2018-08-18 11:31:00,89.5557,36.84709,956.585,273.06,81.3,416.2,6.25,-5.78,-52.48,110.8,78.47,298.8,311.13,112.34,78.79,298.45,311.94,1.0
2018-08-18 11:31:00,89.5557,36.84704,956.633,273.06,81.2,415.8,5.77,-5.84,-52.69,111.13,78.4,298.94,311.56,112.16,78.84,298.56,312.07,1.0
2018-08-18 11:31:00,89.5557,36.84699,956.725,273.05,81.2,415.1,4.85,-5.86,-53.29,111.13,78.4,298.62,312.71,112.02,78.87,298.67,312.2,1.0
2018-08-18 11:31:00,89.5557,36.84694,956.71,273.06,81.3,415.2,5.15,-5.83,-53.2,111.26,78.47,298.41,311.98,111.92,78.91,298.76,312.32,1.0
2018-08-18 11:31:00,89.5557,36.84688,956.682,273.06,81.2,415.4,3.66,-5.72,-52.57,110.93,78.61,298.23,312.36,111.87,78.94,298.83,312.42,1.0
2018-08-18 11:31:00,89.5557,36.84683,956.708,273.06,81.2,415.2,2.11,-5.72,-52.36,111.13,78.19,298.5,312.79,111.85,78.99,298.88,312.49,1.0
2018-08-18 11:31:00,89.5557,36.84678,956.753,273.06,81.2,414.8,1.05,-5.65,-52.03,111.0,78.47,298.39,312.44,111.85,79.04,298.85,312.59,1.0
2018-08-18 11:31:00,89.55569,36.84673,956.773,273.06,81.2,414.7,0.64,-5.58,-51.76,111.32,78.47,298.24,311.87,111.85,79.09,298.79,312.63,1.0
2018-08-18 11:31:00,89.55569,36.84667,956.761,273.06,81.2,414.8,0.59,-5.59,-51.78,110.67,78.54,298.24,311.97,111.82,79.14,298.75,312.54,1.0
2018-08-18 11:31:00,89.55569,36.84662,956.82,273.07,81.2,414.3,0.22,-5.65,-52.08,111.65,78.54,298.42,311.88,111.77,79.16,298.73,312.47,1.0
2018-08-18 11:31:00,89.55569,36.84657,956.831,273.07,81.2,414.2,-2.18,-5.5,-52.37,112.17,78.74,298.42,311.97,111.69,79.16,298.71,312.39,1.0
2018-08-18 11:31:00,89.55569,36.84652,956.81,273.06,81.2,414.3,-3.31,-5.77,-52.71,111.32,78.54,298.42,312.17,111.59,79.12,298.66,312.24,1.0
2018-08-18 11:31:00,89.55569,36.84647,956.771,273.06,81.2,414.7,-2.76,-5.87,-53.02,111.72,78.54,298.61,311.97,111.46,79.05,298.64,312.12,1.0
2018-08-18 11:31:00,89.55569,36.84642,956.728,273.07,81.2,415.0,-1.39,-5.75,-53.26,110.86,78.61,298.61,312.27,111.33,78.94,298.64,312.06,1.0
2018-08-18 11:31:00,89.55569,36.84636,956.704,273.07,81.2,415.2,-0.49,-5.75,-53.39,110.54,78.54,298.52,312.18,111.18,78.8,298.65,312.02,1.0
2018-08-18 11:31:00,89.55569,36.84631,956.696,273.07,81.2,415.3,2.35,-5.49,-53.17,111.26,78.68,298.33,312.19,111.03,78.65,298.72,312.0,1.0
2018-08-18 11:31:00,89.55569,36.84626,956.722,273.07,81.2,415.1,4.47,-5.41,-53.01,111.52,78.74,298.42,312.0,110.87,78.49,298.73,312.0,1.0
2018-08-18 11:31:00,89.55569,36.84621,956.727,273.07,81.2,415.0,7.87,-5.49,-52.94,111.0,78.74,298.52,312.0,110.69,78.33,298.71,312.0,1.0
2018-08-18 11:31:00,89.55569,36.84616,956.738,273.07,81.2,415.0,11.28,-5.53,-52.79,111.72,78.47,298.52,312.09,110.49,78.2,298.68,312.01,1.0
2018-08-18 11:31:00,89.55569,36.8461,956.835,273.07,81.2,414.1,12.52,-5.46,-52.36,111.72,78.47,298.66,312.01,110.26,78.1,298.65,312.02,1.0
2018-08-18 11:31:00,89.55569,36.84605,956.885,273.07,81.2,413.7,12.28,-5.71,-51.62,110.93,78.47,299.11,312.36,110.02,78.03,298.61,312.03,1.0
2018-08-18 11:31:00,89.55569,36.84598,956.795,273.07,81.2,414.5,11.44,-5.85,-51.46,110.93,78.47,298.5,312.02,109.79,78.01,298.57,312.04,1.0
2018-08-18 11:31:00,89.55569,36.8459,956.811,273.07,81.2,414.3,9.54,-5.95,-51.27,111.19,78.61,298.53,312.19,109.58,78.02,298.53,312.04,1.0
2018-08-18 11:31:00,89.55569,36.84583,956.849,273.07,81.2,414.0,8.1,-6.06,-50.85,111.06,78.54,298.72,312.1,109.43,78.07,298.51,312.04,1.0
2018-08-18 11:31:00,89.55569,36.84575,956.814,273.07,81.2,414.3,7.62,-6.21,-50.41,110.93,78.54,298.53,312.1,109.37,78.15,298.49,312.03,1.0
2018-08-18 11:31:00,89.55568,36.84567,956.829,273.07,81.2,414.2,7.17,-6.37,-50.62,111.52,78.47,298.54,312.0,109.43,78.26,298.47,312.02,1.0
2018-08-18 11:31:00,89.55568,36.84559,956.94,273.07,81.2,413.3,8.32,-6.28,-51.36,111.06,78.68,298.45,312.12,109.63,78.39,298.4,312.0,1.0
2018-08-18 11:31:00,89.55568,36.84551,956.988,273.07,81.2,412.9,9.84,-6.13,-51.69,110.34,78.26,298.54,312.02,109.96,78.52,298.39,311.99,1.0
2018-08-18 11:31:00,89.55568,36.84543,956.98,273.07,81.2,412.9,11.12,-6.33,-51.7,110.67,78.4,298.26,311.92,110.42,78.66,298.4,311.98,1.0
2018-08-18 11:31:00,89.55568,36.84535,956.942,273.08,81.2,413.3,12.48,-6.66,-51.71,110.86,78.47,298.36,312.02,110.97,78.78,298.42,311.97,1.0
2018-08-18 11:31:00,89.55568,36.84528,956.897,273.08,81.2,413.6,14.36,-6.54,-52.11,110.86,78.54,298.54,312.11,111.56,78.88,298.43,311.97,1.0
2018-08-18 11:31:00,89.55568,36.8452,956.975,273.08,81.2,413.0,14.17,-6.74,-52.43,111.19,78.54,298.27,312.12,112.16,78.95,298.45,311.97,1.0
2018-08-18 11:31:00,89.55568,36.84515,957.006,273.08,81.2,412.7,13.92,-6.46,-51.97,110.34,78.54,298.16,311.93,112.69,78.99,298.47,311.97,1.0
2018-08-18 11:31:00,89.55568,36.84511,956.982,273.08,81.2,412.9,12.89,-6.31,-51.9,111.13,78.54,298.44,312.03,113.12,78.98,298.48,311.97,1.0
2018-08-18 11:31:00,89.55568,36.84507,956.953,273.08,81.2,413.2,9.96,-6.38,-52.42,110.73,78.54,298.64,312.03,113.41,78.94,298.5,312.05,1.0
2018-08-18 11:31:00,89.55568,36.84502,956.975,273.08,81.2,413.0,5.26,-6.58,-53.36,111.58,78.74,298.36,312.03,113.52,78.86,298.51,312.22,1.0
2018-08-18 11:31:00,89.55568,36.84498,957.013,273.08,81.2,412.7,1.62,-6.71,-54.28,111.78,78.47,298.73,312.12,113.47,78.75,298.52,312.37,1.0
2018-08-18 11:31:00,89.55568,36.84494,956.977,273.08,81.2,413.0,2.02,-6.55,-53.87,110.93,78.68,298.36,312.03,113.26,78.63,298.52,312.4,1.0
2018-08-18 11:31:00,89.55568,36.8449,957.029,273.08,81.2,412.5,1.53,-6.58,-53.7,111.32,78.61,298.46,312.12,112.91,78.5,298.54,312.47,1.0
2018-08-18 11:31:00,89.55568,36.84485,957.099,273.08,81.2,412.0,0.12,-6.81,-53.4,111.98,78.61,298.37,312.86,112.47,78.38,298.55,312.52,1.0
2018-08-18 11:31:00,89.55567,36.84481,957.12,273.08,81.2,411.8,-1.29,-6.91,-53.11,111.39,78.61,298.37,313.96,111.97,78.28,298.53,312.55,1.0
2018-08-18 11:31:00,89.55567,36.84477,957.096,273.09,81.2,412.0,-1.07,-6.4,-53.36,111.52,78.47,298.56,313.56,111.46,78.2,298.51,312.62,1.0
2018-08-18 11:31:00,89.55567,36.84472,957.082,273.08,81.2,412.1,2.8,-6.38,-53.11,111.39,78.54,298.56,312.25,110.98,78.14,298.48,312.63,1.0
2018-08-18 11:31:00,89.55567,36.84468,957.108,273.08,81.2,411.9,5.19,-6.33,-52.93,111.19,78.54,298.79,312.51,110.55,78.11,298.45,312.63,1.0
2018-08-18 11:31:00,89.55567,36.84463,957.133,273.08,81.2,411.7,4.76,-6.15,-53.06,110.86,78.47,298.71,312.26,110.2,78.1,298.43,312.63,1.0
2018-08-18 11:31:00,89.55567,36.84458,957.132,273.09,81.2,411.7,2.97,-5.81,-53.43,111.32,78.54,298.56,312.34,109.95,78.11,298.42,312.55,1.0
2018-08-18 11:31:00,89.55567,36.84453,957.112,273.09,81.2,411.9,1.88,-5.45,-53.89,111.39,78.47,298.37,312.64,109.82,78.14,298.41,312.38,1.0
2018-08-18 11:31:00,89.55567,36.84448,957.131,273.09,81.2,411.7,-0.09,-5.63,-54.93,111.58,78.54,298.56,312.06,109.79,78.17,298.42,312.24,1.0
2018-08-18 11:31:00,89.55567,36.84443,957.103,273.09,81.2,411.9,2.69,-5.96,-55.07,111.26,78.33,298.75,312.04,109.88,78.22,298.45,312.25,1.0
2018-08-18 11:31:00,89.55567,36.84439,957.106,273.09,81.2,411.9,4.54,-5.9,-54.92,110.86,78.47,298.47,312.14,110.08,78.26,298.48,312.25,1.0
2018-08-18 11:31:00,89.55567,36.84434,957.143,273.09,81.2,411.6,6.75,-5.75,-54.44,111.06,78.54,298.66,312.05,110.38,78.32,298.51,312.25,1.0
2018-08-18 11:31:00,89.55567,36.84429,957.183,273.09,81.2,411.3,9.71,-5.75,-53.7,110.8,78.61,298.39,312.06,110.75,78.38,298.52,312.21,1.0
2018-08-18 11:31:00,89.55566,36.84424,957.148,273.09,81.2,411.6,10.93,-5.78,-53.07,111.91,78.54,298.47,312.26,111.18,78.45,298.52,312.14,1.0
2018-08-18 11:31:00,89.55566,36.84419,957.194,273.09,81.2,411.2,12.1,-5.72,-53.36,110.47,78.4,298.53,312.62,111.63,78.52,298.51,312.13,1.0
2018-08-18 11:31:00,89.55566,36.84414,957.258,273.09,81.1,410.7,11.06,-5.59,-54.05,111.0,78.33,298.58,312.61,112.07,78.59,298.49,312.12,1.0
2018-08-18 11:31:00,89.55566,36.84409,957.3,273.09,81.1,410.3,8.38,-5.46,-54.99,111.13,78.54,298.5,312.5,112.46,78.66,298.46,312.12,1.0
2018-08-18 11:31:00,89.55566,36.84403,957.305,273.09,81.2,410.3,5.04,-5.52,-55.89,110.67,78.33,298.3,312.03,112.76,78.71,298.42,312.12,1.0
2018-08-18 11:31:00,89.55566,36.84396,957.303,273.09,81.1,410.3,1.78,-5.95,-56.65,111.32,78.54,298.48,312.04,112.94,78.74,298.39,312.12,1.0
2018-08-18 11:31:00,89.55566,36.8439,957.26,273.1,81.1,410.6,0.64,-6.17,-57.5,111.91,78.47,298.48,312.06,112.99,78.74,298.38,312.13,1.0
2018-08-18 11:31:00,89.55566,36.84384,957.264,273.1,81.1,410.6,2.19,-6.41,-57.42,111.06,78.54,298.3,312.06,112.91,78.71,298.39,312.11,1.0
2018-08-18 11:31:00,89.55566,36.84378,957.267,273.1,81.1,410.6,3.52,-6.4,-57.31,111.06,78.54,298.58,312.26,112.69,78.66,298.47,312.03,1.0
2018-08-18 11:31:00,89.55566,36.84371,957.272,273.1,81.1,410.5,3.19,-6.53,-58.24,112.7,78.54,298.58,312.07,112.38,78.58,298.56,311.99,1.0
2018-08-18 11:31:00,89.55566,36.84365,957.307,273.1,81.1,410.3,1.49,-6.95,-60.21,111.13,78.68,298.48,312.15,111.99,78.49,298.62,311.99,1.0
2018-08-18 11:31:00,89.55566,36.84358,957.408,273.1,81.1,409.4,1.99,-6.95,-60.79,111.91,78.47,298.3,311.96,111.58,78.4,298.64,311.97,1.0
2018-08-18 11:31:00,89.55566,36.84352,957.315,273.1,81.1,410.2,1.81,-6.99,-60.9,111.06,78.54,298.58,312.07,111.18,78.32,298.73,311.97,1.0
2018-08-18 11:31:00,89.55566,36.84346,957.314,273.1,81.1,410.2,-0.12,-6.92,-60.83,111.06,78.54,299.3,311.83,110.83,78.26,298.79,311.96,1.0
2018-08-18 11:31:00,89.55566,36.84339,957.371,273.1,81.1,409.7,-3.18,-6.63,-60.4,111.78,78.47,299.2,312.05,110.55,78.22,298.83,311.94,1.0
2018-08-18 11:31:00,89.55566,36.84333,957.394,273.1,81.1,409.5,-5.5,-6.39,-59.67,111.13,78.47,298.31,311.89,110.37,78.21,298.84,311.97,1.0
2018-08-18 11:31:00,89.55566,36.84327,957.299,273.1,81.1,410.3,-4.7,-6.76,-58.91,111.26,78.33,297.9,311.72,110.27,78.22,298.83,312.1,1.0
2018-08-18 11:31:00,89.55565,36.84321,957.395,273.1,81.1,409.5,-2.08,-6.4,-57.18,111.26,78.47,298.68,311.94,110.25,78.26,298.79,312.22,1.0
2018-08-18 11:31:00,89.55565,36.84315,957.405,273.1,81.1,409.4,-0.94,-6.56,-56.95,111.26,78.47,298.57,312.08,110.29,78.3,298.74,312.25,1.0
2018-08-18 11:31:00,89.55565,36.84309,957.388,273.1,81.1,409.6,-0.8,-6.45,-56.94,111.39,78.47,298.5,312.08,110.36,78.34,298.61,312.28,1.0
2018-08-18 11:31:00,89.55565,36.84303,957.393,273.1,81.1,409.5,-2.17,-6.25,-56.79,111.13,78.47,298.68,312.65,110.46,78.36,298.49,312.34,1.0
2018-08-18 11:31:00,89.55565,36.84297,957.438,273.11,81.1,409.2,-4.28,-6.33,-56.52,110.93,78.4,298.59,313.89,110.56,78.38,298.46,312.42,1.0
2018-08-18 11:31:00,89.55565,36.84292,957.431,273.1,81.1,409.2,0.77,-6.19,-56.17,112.11,78.47,298.59,313.58,110.66,78.37,298.49,312.51,1.0
2018-08-18 11:31:00,89.55565,36.84286,957.424,273.1,81.1,409.3,4.9,-6.16,-57.08,111.26,78.54,298.5,312.37,110.78,78.35,298.37,312.53,1.0
2018-08-18 11:31:00,89.55565,36.8428,957.428,273.1,81.1,409.3,5.45,-6.15,-57.73,110.6,78.47,298.51,312.16,110.93,78.33,298.34,312.56,1.0
2018-08-18 11:31:00,89.55565,36.84274,957.446,273.11,81.1,409.1,4.29,-6.19,-58.14,110.6,78.54,298.61,312.08,111.11,78.3,298.36,312.59,1.0
2018-08-18 11:31:00,89.55565,36.84268,957.476,273.1,81.1,408.9,3.48,-6.26,-58.4,111.52,78.47,298.51,312.53,111.35,78.3,298.39,312.56,1.0
2018-08-18 11:31:00,89.55565,36.84262,957.54,273.1,81.1,408.3,4.15,-6.15,-58.36,111.72,78.4,298.65,312.37,111.64,78.31,298.41,312.41,1.0
2018-08-18 11:31:00,89.55565,36.84256,957.518,273.11,81.1,408.5,6.13,-5.92,-58.29,111.0,78.4,297.53,311.66,111.96,78.34,298.43,312.26,1.0
2018-08-18 11:31:00,89.55565,36.8425,957.504,273.11,81.1,408.6,9.26,-5.96,-58.07,110.86,78.47,298.2,311.83,112.3,78.4,298.44,312.2,1.0
2018-08-18 11:31:00,89.55565,36.84244,957.514,273.11,81.1,408.6,11.32,-5.93,-57.73,111.0,78.33,298.52,312.14,112.62,78.48,298.44,312.16,1.0
2018-08-18 11:31:00,89.55565,36.84236,957.522,273.11,81.1,408.5,11.06,-5.71,-57.37,111.26,78.19,298.34,312.17,112.87,78.56,298.43,312.1,1.0
2018-08-18 11:31:00,89.55564,36.84227,957.467,273.11,81.1,408.9,8.49,-5.46,-57.12,111.26,78.47,298.43,312.19,113.01,78.63,298.41,312.03,1.0
2018-08-18 11:31:00,89.55564,36.84217,957.487,273.11,81.1,408.8,5.61,-5.34,-56.23,112.17,78.61,298.42,312.2,113.0,78.69,298.39,311.98,1.0
2018-08-18 11:31:00,89.55564,36.84208,957.515,273.11,81.1,408.5,5.58,-5.56,-56.18,111.65,78.47,298.61,312.01,112.84,78.71,298.46,311.99,1.0
2018-08-18 11:31:00,89.55564,36.84199,957.56,273.11,81.1,408.2,5.69,-5.61,-56.38,111.19,78.54,298.43,312.1,112.51,78.7,298.47,311.92,1.0
2018-08-18 11:31:00,89.55564,36.84189,957.592,273.11,81.1,407.9,6.23,-5.47,-56.74,111.52,78.4,298.62,312.2,112.05,78.65,298.46,311.85,1.0
2018-08-18 11:31:00,89.55564,36.8418,957.58,273.11,81.1,408.0,6.83,-5.29,-57.22,110.93,78.61,298.72,312.1,111.5,78.58,298.45,311.85,1.0
2018-08-18 11:31:00,89.55564,36.8417,957.622,273.11,81.1,407.7,3.76,-5.48,-57.8,112.04,78.47,298.53,312.2,110.92,78.47,298.45,311.86,1.0
2018-08-18 11:32:00,89.55564,36.84161,957.578,273.11,81.1,408.0,3.83,-5.75,-57.24,111.78,78.47,298.34,312.2,110.39,78.35,298.46,311.87,1.0
2018-08-18 11:32:00,89.55564,36.84151,957.624,273.12,81.1,407.6,5.68,-5.85,-56.28,112.04,78.47,298.35,311.33,109.95,78.24,298.47,311.9,1.0
2018-08-18 11:32:00,89.55564,36.84144,957.682,273.12,81.1,407.2,7.26,-5.91,-55.89,110.67,78.47,298.63,311.15,109.68,78.14,298.48,311.95,1.0
2018-08-18 11:32:00,89.55564,36.84137,957.67,273.11,81.1,407.3,7.82,-5.99,-55.97,111.45,78.4,298.62,312.3,109.58,78.06,298.5,311.99,1.0
2018-08-18 11:32:00,89.55564,36.8413,957.659,273.12,81.1,407.4,7.96,-6.05,-55.43,111.45,78.61,298.63,312.02,109.68,78.01,298.52,311.96,1.0
2018-08-18 11:32:00,89.55563,36.84122,957.645,273.11,81.1,407.5,6.88,-6.14,-55.19,111.32,78.33,298.74,312.26,109.95,78.0,298.53,311.93,1.0
2018-08-18 11:32:00,89.55563,36.84115,957.716,273.12,81.1,406.9,7.31,-6.11,-55.14,110.47,78.33,298.61,312.28,110.35,78.02,298.53,311.9,1.0
2018-08-18 11:32:00,89.55563,36.84108,957.725,273.12,81.1,406.8,6.93,-6.03,-55.29,111.0,78.33,298.3,312.59,110.82,78.07,298.47,311.99,1.0
2018-08-18 11:32:00,89.55563,36.84101,957.661,273.11,81.1,407.3,6.25,-5.99,-55.64,111.0,78.26,298.69,312.48,111.29,78.13,298.38,312.08,1.0
2018-08-18 11:32:00,89.55563,36.84093,957.657,273.11,81.0,407.4,6.77,-6.07,-56.12,111.58,78.54,298.36,312.11,111.7,78.19,298.31,312.09,1.0
2018-08-18 11:32:00,89.55563,36.84086,957.779,273.12,81.0,406.4,7.76,-6.3,-56.2,110.41,78.47,298.73,312.39,112.0,78.25,298.13,312.18,1.0
2018-08-18 11:32:00,89.55563,36.84079,957.812,273.12,81.0,406.1,3.62,-6.39,-56.92,112.56,78.54,298.47,312.12,112.17,78.29,298.03,312.26,1.0
2018-08-18 11:32:00,89.55563,36.84072,957.829,273.12,81.1,405.9,2.2,-6.62,-57.53,110.47,78.26,298.05,312.46,112.19,78.31,297.96,312.26,1.0
2018-08-18 11:32:00,89.55563,36.84064,957.83,273.12,81.1,405.9,3.75,-6.59,-57.67,111.19,78.26,297.88,312.34,112.07,78.31,297.83,312.27,1.0
2018-08-18 11:32:00,89.55563,36.84059,957.799,273.12,81.0,406.2,4.99,-6.23,-57.45,112.44,78.47,298.36,312.2,111.84,78.27,297.7,312.33,1.0
2018-08-18 11:32:00,89.55563,36.84053,957.73,273.12,81.0,406.8,3.23,-6.24,-57.38,111.32,78.4,297.37,313.07,111.55,78.22,297.67,312.44,1.0
2018-08-18 11:32:00,89.55563,36.84048,957.796,273.12,81.0,406.2,5.23,-6.26,-56.79,111.13,78.26,298.15,312.92,111.25,78.15,297.68,312.47,1.0
2018-08-18 11:32:00,89.55563,36.84042,957.782,273.12,81.0,406.3,9.53,-6.36,-56.05,111.32,78.47,298.47,312.41,110.97,78.08,297.73,312.51,1.0
2018-08-18 11:32:00,89.55563,36.84036,957.78,273.12,81.0,406.4,14.35,-6.45,-55.33,111.45,78.33,297.96,312.55,110.75,78.02,297.8,312.45,1.0
2018-08-18 11:32:00,89.55563,36.8403,957.825,273.13,81.0,406.0,17.91,-6.51,-55.21,110.73,78.33,297.53,313.34,110.61,77.97,297.87,312.37,1.0
2018-08-18 11:32:00,89.55562,36.84025,957.786,273.12,81.0,406.3,18.12,-6.59,-56.41,110.73,78.33,298.58,312.8,110.55,77.96,298.0,312.34,1.0
2018-08-18 11:32:00,89.55562,36.84019,957.815,273.12,81.0,406.1,12.69,-6.61,-56.08,112.44,78.47,298.58,312.1,110.57,77.97,298.18,312.19,1.0
2018-08-18 11:32:00,89.55562,36.84013,957.832,273.12,81.0,405.9,9.09,-6.15,-55.62,110.93,78.33,298.38,312.3,110.65,78.02,298.29,312.13,1.0
2018-08-18 11:32:00,89.55562,36.84008,957.899,273.12,81.0,405.4,8.07,-5.75,-55.4,111.13,78.33,297.83,311.33,110.78,78.1,298.36,312.15,1.0
2018-08-18 11:32:00,89.55562,36.84002,957.999,273.13,81.0,404.5,8.35,-5.53,-55.21,111.65,78.33,297.36,311.04,110.93,78.2,298.44,312.12,1.0
2018-08-18 11:32:00,89.55562,36.83996,958.039,273.13,81.0,404.2,8.74,-5.44,-54.77,110.08,78.12,298.17,311.33,111.09,78.31,298.51,312.02,1.0
2018-08-18 11:32:00,89.55562,36.8399,957.956,273.13,81.0,404.9,10.48,-5.3,-54.14,111.52,78.12,297.63,310.92,111.25,78.42,298.46,311.95,1.0
2018-08-18 11:32:00,89.55562,36.83985,957.912,273.13,81.0,405.3,14.25,-5.31,-53.89,111.39,78.26,298.11,311.56,111.42,78.51,298.38,311.93,1.0
2018-08-18 11:32:00,89.55562,36.83979,957.926,273.13,81.0,405.1,16.97,-5.05,-54.23,111.19,78.47,298.32,312.13,111.58,78.58,298.29,311.92,1.0
2018-08-18 11:32:00,89.55562,36.83973,957.943,273.13,81.0,405.0,17.35,-4.69,-55.25,111.45,78.33,298.6,312.13,111.75,78.61,298.28,311.97,1.0
2018-08-18 11:32:00,89.55562,36.83968,957.916,273.13,81.0,405.2,16.23,-4.54,-56.47,111.32,78.47,298.78,312.13,111.92,78.61,298.31,312.05,1.0
2018-08-18 11:32:00,89.55562,36.83962,957.837,273.13,81.0,405.9,16.02,-4.84,-57.03,111.13,78.26,298.5,312.23,112.09,78.57,298.32,312.11,1.0
2018-08-18 11:32:00,89.55562,36.83956,957.87,273.13,81.0,405.6,14.47,-4.84,-56.95,111.98,78.33,298.7,312.04,112.26,78.51,298.42,312.22,1.0
2018-08-18 11:32:00,89.55562,36.83951,957.979,273.13,81.0,404.7,14.77,-5.07,-56.29,110.54,78.47,298.6,312.23,112.4,78.44,298.51,312.26,1.0
2018-08-18 11:32:00,89.55562,36.83945,958.038,273.13,81.0,404.2,16.16,-5.05,-55.6,110.8,78.47,298.78,312.14,112.5,78.36,298.63,312.29,1.0
2018-08-18 11:32:00,89.55562,36.83939,958.034,273.13,81.0,404.2,16.81,-4.87,-54.95,111.58,78.26,298.69,312.05,112.55,78.3,298.73,312.33,1.0
2018-08-18 11:32:00,89.55562,36.83934,958.041,273.13,81.0,404.2,15.62,-4.83,-54.18,111.72,78.4,298.69,312.15,112.53,78.26,298.79,312.35,1.0
2018-08-18 11:32:00,89.55562,36.83928,958.038,273.13,81.0,404.2,17.23,-5.21,-53.1,111.26,78.33,298.59,312.14,112.42,78.25,298.91,312.38,1.0
2018-08-18 11:32:00,89.55562,36.83922,958.032,273.13,81.0,404.3,14.32,-4.95,-53.19,111.52,78.26,298.59,312.24,112.25,78.26,298.98,312.39,1.0
2018-08-18 11:32:00,89.55562,36.83916,958.05,273.13,81.0,404.1,11.76,-5.01,-52.38,111.45,78.47,298.68,312.15,112.0,78.31,299.01,312.39,1.0
2018-08-18 11:32:00,89.55562,36.8391,958.069,273.13,81.0,404.0,9.73,-4.77,-51.72,112.17,78.26,298.12,312.11,111.71,78.37,298.98,312.36,1.0
2018-08-18 11:32:00,89.55562,36.83903,958.072,273.13,81.0,403.9,8.35,-4.18,-51.85,112.17,78.12,297.69,312.07,111.41,78.44,298.89,312.33,1.0
2018-08-18 11:32:00,89.55561,36.83897,958.105,273.12,81.0,403.7,8.77,-4.46,-52.06,110.93,78.26,298.4,312.25,111.12,78.51,298.78,312.28,1.0
2018-08-18 11:32:00,89.55561,36.83891,958.186,273.13,81.0,403.0,10.7,-4.21,-51.77,111.26,78.4,298.41,311.97,110.87,78.55,298.64,312.23,1.0
2018-08-18 11:32:00,89.55561,36.83885,958.171,273.14,81.0,403.1,13.25,-4.26,-51.4,111.52,78.54,298.5,312.25,110.7,78.57,298.51,312.18,1.0
2018-08-18 11:32:00,89.55561,36.83879,958.12,273.14,81.0,403.5,15.22,-4.29,-51.07,110.8,78.4,298.59,312.16,110.62,78.56,298.4,312.14,1.0
2018-08-18 11:32:00,89.55561,36.83873,958.093,273.13,81.0,403.8,15.04,-4.06,-50.99,111.13,78.47,298.41,312.17,110.63,78.52,298.35,312.16,1.0
2018-08-18 11:32:00,89.55561,36.83866,958.102,273.13,81.0,403.7,12.09,-3.54,-51.32,112.11,78.33,298.61,312.15,110.74,78.46,298.34,312.24,1.0
2018-08-18 11:32:00,89.55561,36.8386,958.142,273.14,81.0,403.4,12.88,-3.61,-51.92,111.52,78.4,298.71,312.26,110.94,78.38,298.37,312.25,1.0
2018-08-18 11:32:00,89.55561,36.83854,958.134,273.14,81.0,403.4,12.61,-3.66,-52.49,111.13,78.4,298.6,312.35,111.2,78.31,298.44,312.27,1.0
2018-08-18 11:32:00,89.55561,36.83848,958.138,273.14,81.0,403.4,13.52,-3.57,-53.25,111.58,78.33,298.88,312.07,111.5,78.24,298.55,312.3,1.0
2018-08-18 11:32:00,89.55561,36.83842,958.165,273.13,81.0,403.2,14.34,-3.48,-53.83,111.06,78.4,298.37,312.71,111.81,78.2,298.66,312.33,1.0
2018-08-18 11:32:00,89.55561,36.83836,958.202,273.13,81.0,402.9,13.62,-3.48,-54.0,110.8,78.26,297.92,312.89,112.09,78.18,298.77,312.35,1.0
2018-08-18 11:32:00,89.55561,36.83824,958.255,273.13,81.0,402.4,11.6,-3.51,-54.45,111.58,78.33,298.79,312.27,112.34,78.2,298.87,312.35,1.0
2018-08-18 11:32:00,89.55561,36.8381,958.214,273.13,81.0,402.8,11.34,-3.86,-53.71,111.78,78.26,298.42,312.06,112.51,78.24,298.92,312.34,1.0
2018-08-18 11:32:00,89.5556,36.83796,958.227,273.14,81.0,402.6,11.24,-4.2,-52.82,111.32,78.47,298.61,312.15,112.61,78.29,298.85,312.31,1.0
2018-08-18 11:32:00,89.5556,36.83782,958.271,273.14,81.0,402.3,12.52,-4.41,-51.48,111.91,78.33,298.71,312.16,112.62,78.36,298.72,312.26,1.0
2018-08-18 11:32:00,89.5556,36.83768,958.296,273.14,81.0,402.1,14.94,-4.64,-49.92,111.26,78.33,298.71,312.17,112.54,78.42,298.63,312.17,1.0
2018-08-18 11:32:00,89.5556,36.83754,958.291,273.14,81.0,402.1,16.62,-5.27,-48.92,111.91,78.33,298.63,312.17,112.39,78.45,298.64,312.04,1.0
2018-08-18 11:32:00,89.5556,36.8374,958.233,273.14,81.0,402.6,14.83,-5.24,-48.7,111.52,78.33,298.71,312.18,112.19,78.46,298.57,312.0,1.0
2018-08-18 11:32:00,89.5556,36.83726,958.291,273.15,81.0,402.1,13.52,-5.19,-47.71,111.06,78.47,297.61,312.28,111.95,78.44,298.52,311.97,1.0
2018-08-18 11:32:00,89.5556,36.83711,958.309,273.15,81.0,402.0,12.6,-5.1,-47.25,111.26,78.47,297.31,312.03,111.72,78.39,298.49,311.97,1.0
2018-08-18 11:32:00,89.5556,36.83698,958.254,273.14,81.0,402.4,11.65,-5.08,-47.49,111.78,78.33,297.83,312.11,111.52,78.3,298.49,312.0,1.0
2018-08-18 11:32:00,89.5556,36.8369,958.261,273.14,80.9,402.4,10.34,-5.16,-47.96,112.5,78.19,298.91,312.37,111.39,78.2,298.55,312.05,1.0
2018-08-18 11:32:00,89.5556,36.83683,958.368,273.14,81.0,401.5,10.18,-4.51,-47.76,111.78,78.4,298.91,312.28,111.34,78.1,298.77,312.13,1.0
2018-08-18 11:32:00,89.55559,36.83675,958.346,273.14,80.9,401.7,9.14,-3.92,-48.64,111.58,78.33,298.73,312.08,111.4,78.0,298.86,312.21,1.0
2018-08-18 11:32:00,89.55559,36.83668,958.319,273.14,80.9,401.9,8.79,-3.85,-49.85,111.13,78.54,298.64,312.18,111.57,77.93,299.02,312.29,1.0
2018-08-18 11:32:00,89.55559,36.83661,958.3,273.15,80.9,402.0,9.37,-4.02,-50.89,111.32,78.33,298.73,312.18,111.82,77.9,299.19,312.36,1.0
2018-08-18 11:32:00,89.55559,36.83653,958.278,273.14,80.9,402.2,10.59,-4.17,-51.64,111.65,78.19,299.03,312.09,112.13,77.9,299.28,312.4,1.0
2018-08-18 11:32:00,89.55559,36.83646,958.327,273.14,80.9,401.8,11.26,-4.14,-52.65,110.86,78.12,300.56,312.1,112.46,77.95,299.24,312.38,1.0
2018-08-18 11:32:00,89.55559,36.83638,958.368,273.15,80.9,401.5,14.4,-3.94,-53.14,111.52,78.33,299.04,312.1,112.76,78.03,299.18,312.34,1.0
2018-08-18 11:32:00,89.55559,36.83631,958.345,273.14,80.9,401.7,16.71,-4.05,-52.16,111.72,78.47,298.74,312.2,112.97,78.13,299.1,312.26,1.0
2018-08-18 11:32:00,89.55559,36.83624,958.356,273.14,80.9,401.6,17.32,-4.45,-51.21,112.11,78.26,298.92,312.2,113.06,78.24,298.99,312.15,1.0
2018-08-18 11:32:00,89.55559,36.83616,958.418,273.15,80.9,401.1,16.02,-4.87,-50.71,111.72,78.4,298.81,312.23,112.99,78.34,298.86,312.02,1.0
2018-08-18 11:32:00,89.55559,36.83609,958.366,273.15,80.9,401.5,12.99,-4.96,-50.09,112.37,78.05,298.39,312.01,112.75,78.4,298.7,311.89,1.0
2018-08-18 11:32:00,89.55558,36.83601,958.438,273.15,80.9,400.9,8.58,-5.19,-49.22,112.24,78.12,298.79,312.09,112.36,78.43,298.42,311.77,1.0
2018-08-18 11:32:00,89.55558,36.83593,958.436,273.15,80.9,400.9,2.85,-5.3,-48.73,110.93,78.33,298.64,312.2,111.85,78.41,298.32,311.69,1.0
2018-08-18 11:32:00,89.55558,36.83584,958.419,273.15,80.9,401.1,0.8,-5.19,-47.92,111.58,78.33,298.73,312.2,111.26,78.34,298.28,311.65,1.0
2018-08-18 11:32:00,89.55558,36.83575,958.428,273.15,80.9,401.0,1.95,-4.99,-46.86,112.04,78.33,298.92,312.29,110.67,78.22,298.29,311.66,1.0
2018-08-18 11:32:00,89.55558,36.83566,958.463,273.16,80.9,400.7,3.78,-4.86,-45.87,112.56,78.47,298.82,312.2,110.14,78.09,298.33,311.73,1.0
2018-08-18 11:32:00,89.55558,36.83557,958.444,273.15,80.9,400.9,4.13,-4.92,-45.22,111.26,78.33,298.92,312.31,109.73,77.94,298.37,311.89,1.0
2018-08-18 11:32:00,89.55558,36.83548,958.522,273.15,80.9,400.2,7.77,-5.07,-44.95,111.32,78.26,298.73,312.3,109.48,77.8,298.51,312.0,1.0
2018-08-18 11:32:00,89.55558,36.83539,958.513,273.16,80.9,400.3,9.14,-5.2,-45.38,111.85,78.47,298.83,312.3,109.43,77.7,298.64,312.13,1.0
2018-08-18 11:32:00,89.55558,36.8353,958.471,273.16,80.9,400.6,9.69,-5.33,-46.03,111.72,78.26,298.74,312.31,109.56,77.63,298.69,312.25,1.0
2018-08-18 11:32:00,89.55558,36.83521,958.477,273.16,80.9,400.6,9.71,-5.5,-46.66,111.39,78.26,298.66,312.57,109.87,77.62,298.69,312.33,1.0
2018-08-18 11:32:00,89.55558,36.83512,958.528,273.16,80.9,400.2,7.45,-5.84,-47.46,110.67,77.98,298.08,312.93,110.3,77.66,298.7,312.37,1.0
2018-08-18 11:32:00,89.55557,36.83503,958.539,273.16,80.9,400.1,4.82,-6.02,-48.1,111.72,78.12,299.14,311.75,110.82,77.76,298.68,312.36,1.0
2018-08-18 11:32:00,89.55557,36.83496,958.596,273.16,80.9,399.6,3.45,-6.22,-49.11,110.86,78.05,298.88,312.18,111.35,77.88,298.64,312.33,1.0
2018-08-18 11:32:00,89.55557,36.83491,958.61,273.16,80.9,399.5,3.86,-6.37,-49.77,110.93,78.12,298.31,311.93,111.87,78.04,298.53,312.27,1.0
2018-08-18 11:32:00,89.55557,36.83486,958.592,273.16,80.9,399.6,5.51,-6.56,-50.11,111.26,78.12,297.9,311.82,112.31,78.19,298.38,312.21,1.0
2018-08-18 11:32:00,89.55557,36.83481,958.662,273.16,80.9,399.0,7.43,-6.93,-50.45,112.37,78.19,298.47,311.93,112.66,78.34,298.29,312.13,1.0
2018-08-18 11:32:00,89.55557,36.83476,958.608,273.16,80.9,399.5,9.78,-6.95,-50.22,111.13,78.26,298.66,312.13,112.91,78.46,298.36,312.05,1.0
2018-08-18 11:32:00,89.55557,36.83471,958.613,273.16,80.9,399.5,11.57,-7.08,-49.19,112.24,78.33,298.94,312.23,113.05,78.56,298.35,312.05,1.0
2018-08-18 11:32:00,89.55557,36.83466,958.595,273.16,80.9,399.6,13.29,-7.24,-48.15,111.52,78.47,297.93,312.18,113.12,78.62,298.35,312.08,1.0
2018-08-18 11:32:00,89.55557,36.8346,958.572,273.16,80.9,399.8,15.15,-7.49,-47.03,111.78,78.05,297.52,312.04,113.12,78.65,298.44,312.14,1.0
2018-08-18 11:32:00,89.55557,36.83455,958.592,273.16,80.9,399.6,16.89,-7.82,-45.78,110.86,78.19,297.64,312.07,113.07,78.66,298.57,312.23,1.0
2018-08-18 11:32:00,89.55556,36.8345,958.604,273.16,80.9,399.5,15.01,-7.84,-45.47,111.72,78.26,298.77,312.23,112.99,78.66,298.68,312.34,1.0
2018-08-18 11:32:00,89.55556,36.83445,958.621,273.16,80.9,399.4,15.45,-7.54,-45.2,112.17,78.26,298.95,312.13,112.88,78.65,298.78,312.44,1.0
2018-08-18 11:32:00,89.55556,36.8344,958.702,273.16,80.9,398.7,15.37,-7.42,-44.72,111.58,78.26,298.39,312.32,112.74,78.63,298.84,312.52,1.0
2018-08-18 11:32:00,89.55556,36.83435,958.747,273.16,80.9,398.3,16.28,-7.28,-44.23,111.58,78.12,298.41,312.04,112.57,78.63,298.94,312.58,1.0
2018-08-18 11:32:00,89.55556,36.83431,958.701,273.16,80.9,398.7,17.89,-7.05,-44.16,111.91,78.33,298.67,312.24,112.37,78.62,299.05,312.6,1.0
2018-08-18 11:32:00,89.55556,36.83428,958.698,273.16,80.9,398.8,18.35,-6.77,-44.94,111.98,78.33,298.67,312.34,112.14,78.62,299.1,312.58,1.0
2018-08-18 11:32:00,89.55556,36.83426,958.694,273.17,80.9,398.8,18.79,-6.4,-46.03,111.58,78.33,298.77,312.24,111.88,78.61,299.04,312.52,1.0
2018-08-18 11:32:00,89.55556,36.83423,958.684,273.16,80.9,398.9,16.11,-6.34,-46.39,112.11,78.26,298.95,312.44,111.6,78.6,298.97,312.44,1.0
2018-08-18 11:32:00,89.55556,36.83421,958.704,273.16,80.9,398.7,13.82,-6.35,-46.64,111.91,78.4,298.95,312.24,111.33,78.57,298.92,312.35,1.0
2018-08-18 11:32:00,89.55556,36.83418,958.744,273.16,80.9,398.4,12.67,-6.36,-47.19,111.78,78.47,298.87,312.44,111.1,78.53,298.9,312.26,1.0
2018-08-18 11:32:00,89.55556,36.83416,958.768,273.17,80.9,398.2,12.36,-6.34,-48.18,111.72,78.26,298.87,312.24,110.94,78.46,298.87,312.19,1.0
2018-08-18 11:32:00,89.55556,36.83413,958.767,273.17,80.9,398.2,13.08,-6.39,-49.09,111.91,78.33,298.86,312.24,110.86,78.38,298.84,312.13,1.0
2018-08-18 11:32:00,89.55556,36.83411,958.784,273.17,80.9,398.0,11.2,-6.45,-50.79,111.58,78.26,299.04,312.34,110.9,78.29,298.77,311.94,1.0
2018-08-18 11:32:00,89.55556,36.83408,958.82,273.17,80.9,397.7,10.79,-6.46,-51.63,111.58,78.4,298.77,312.34,111.05,78.2,298.67,311.87,1.0
2018-08-18 11:32:00,89.55556,36.83406,958.834,273.17,80.8,397.6,11.94,-6.57,-51.64,111.65,78.33,298.69,312.43,111.3,78.11,298.61,311.88,1.0
2018-08-18 11:32:00,89.55556,36.83404,958.804,273.16,80.9,397.9,13.92,-6.81,-51.05,111.06,78.33,298.96,312.14,111.63,78.03,298.6,311.9,1.0
2018-08-18 11:32:00,89.55555,36.83401,958.855,273.17,80.8,397.4,15.15,-6.95,-50.2,111.98,78.26,298.93,312.14,111.99,77.97,298.58,311.92,1.0
2018-08-18 11:32:00,89.55555,36.83399,958.829,273.16,80.8,397.7,14.72,-6.97,-49.2,111.78,78.26,298.13,310.4,112.35,77.92,298.54,311.93,1.0
2018-08-18 11:32:00,89.55555,36.83396,958.867,273.17,80.8,397.4,12.2,-6.76,-48.36,110.86,78.26,297.43,311.24,112.65,77.9,298.49,311.93,1.0
2018-08-18 11:32:00,89.55555,36.83394,958.892,273.17,80.8,397.1,9.98,-6.63,-47.8,111.91,78.26,298.09,312.13,112.85,77.91,298.36,311.98,1.0
2018-08-18 11:32:00,89.55555,36.83391,958.856,273.16,80.8,397.4,9.81,-6.61,-47.39,112.11,78.33,298.78,311.96,112.92,77.93,298.22,312.05,1.0
2018-08-18 11:32:00,89.55555,36.83389,958.79,273.17,80.8,398.0,12.06,-6.58,-46.92,112.17,78.33,298.88,312.16,112.85,77.97,298.17,312.06,1.0
2018-08-18 11:32:00,89.55555,36.83387,958.875,273.17,80.8,397.3,14.14,-6.61,-46.74,112.11,78.4,298.78,312.26,112.65,78.03,298.15,312.04,1.0
2018-08-18 11:32:00,89.55555,36.83384,958.852,273.17,80.8,397.5,14.87,-6.82,-46.89,111.85,78.12,298.69,312.25,112.32,78.09,298.14,312.18,1.0
2018-08-18 11:32:00,89.55555,36.83382,958.856,273.17,80.8,397.4,13.49,-6.81,-47.23,111.78,78.12,298.18,312.98,111.92,78.16,298.24,312.24,1.0
2018-08-18 11:32:00,89.55555,36.8338,958.904,273.17,80.8,397.0,11.37,-6.63,-47.65,111.39,78.05,297.77,313.1,111.48,78.22,298.36,312.27,1.0
2018-08-18 11:32:00,89.55554,36.83378,958.956,273.17,80.8,396.6,9.55,-6.43,-48.16,112.11,78.26,298.66,312.43,111.05,78.27,298.41,312.29,1.0
2018-08-18 11:32:00,89.55554,36.83375,958.929,273.17,80.8,396.8,7.08,-6.49,-48.93,111.72,78.26,298.87,312.42,110.7,78.31,298.41,312.26,1.0
2018-08-18 11:32:00,89.55554,36.83372,958.868,273.17,80.8,397.3,7.17,-6.61,-49.45,112.3,78.26,297.88,312.28,110.45,78.34,298.54,312.46,1.0
2018-08-18 11:32:00,89.55554,36.83366,958.906,273.17,80.8,397.0,7.53,-6.52,-49.51,111.32,78.47,298.4,312.04,110.34,78.35,298.56,312.49,1.0
2018-08-18 11:32:00,89.55554,36.83359,958.951,273.17,80.8,396.7,9.51,-6.39,-49.14,111.58,78.33,298.98,312.18,110.37,78.36,298.64,312.44,1.0
2018-08-18 11:32:00,89.55554,36.83353,958.933,273.17,80.8,396.8,12.54,-6.35,-48.64,111.98,78.33,298.44,311.88,110.54,78.36,298.75,312.42,1.0
2018-08-18 11:32:00,89.55554,36.83347,958.934,273.17,80.8,396.8,14.08,-6.45,-48.51,111.13,78.05,297.47,311.04,110.83,78.36,298.75,312.43,1.0
2018-08-18 11:32:00,89.55554,36.8334,958.95,273.17,80.8,396.7,12.19,-6.51,-48.9,112.11,78.12,298.89,313.47,111.2,78.35,298.7,312.44,1.0
2018-08-18 11:32:00,89.55554,36.83334,958.97,273.17,80.8,396.5,11.92,-6.41,-49.9,111.32,78.26,297.87,311.62,111.59,78.35,298.71,312.41,1.0
2018-08-18 11:32:00,89.55554,36.83327,958.988,273.17,80.8,396.4,10.54,-6.46,-50.44,111.06,78.26,298.27,311.38,111.96,78.35,298.65,312.29,1.0
2018-08-18 11:32:00,89.55554,36.83321,959.009,273.17,80.8,396.2,7.78,-6.53,-50.71,111.98,78.47,298.99,312.29,112.25,78.36,298.53,312.13,1.0
2018-08-18 11:32:00,89.55554,36.83315,959.05,273.18,80.8,395.8,4.83,-6.43,-51.36,111.32,78.12,298.91,312.3,112.44,78.35,298.47,312.0,1.0
2018-08-18 11:32:00,89.55553,36.83308,959.108,273.18,80.8,395.4,4.0,-6.6,-51.83,111.58,78.4,299.0,312.2,112.49,78.34,298.56,311.87,1.0
2018-08-18 11:32:00,89.55553,36.83302,959.089,273.18,80.8,395.5,5.11,-6.64,-52.17,111.78,78.33,298.98,312.39,112.41,78.31,298.52,311.6,1.0
2018-08-18 11:32:00,89.55553,36.83295,959.08,273.18,80.8,395.6,7.57,-6.67,-52.14,111.91,78.33,298.99,311.88,112.21,78.25,298.56,311.51,1.0
2018-08-18 11:32:00,89.55553,36.8329,959.075,273.18,80.8,395.6,8.94,-6.75,-51.98,112.3,78.12,298.72,311.99,111.93,78.18,298.64,311.45,1.0
2018-08-18 11:32:00,89.55553,36.83286,959.059,273.18,80.8,395.8,8.31,-6.8,-51.84,111.72,78.12,298.93,312.04,111.62,78.08,298.73,311.37,1.0
2018-08-18 11:32:00,89.55553,36.83282,959.126,273.18,80.8,395.2,7.6,-6.47,-51.7,112.3,78.4,300.0,311.31,111.32,77.96,298.82,311.38,1.0
2018-08-18 11:32:00,89.55553,36.83277,959.148,273.18,80.8,395.0,7.53,-5.7,-52.22,110.93,78.33,299.65,312.26,111.11,77.83,298.89,311.43,1.0
2018-08-18 11:32:00,89.55553,36.83273,959.147,273.18,80.8,395.0,7.11,-5.63,-52.12,111.58,78.26,299.05,311.84,111.03,77.72,299.04,311.45,1.0
2018-08-18 11:32:00,89.55552,36.83269,959.129,273.18,80.8,395.2,6.61,-5.85,-52.02,111.78,78.12,299.19,311.75,111.1,77.63,299.2,311.58,1.0
2018-08-18 11:32:00,89.55552,36.83265,959.109,273.18,80.8,395.3,5.96,-6.06,-51.64,111.39,78.26,299.71,311.99,111.32,77.58,299.28,311.81,1.0
2018-08-18 11:32:00,89.55552,36.8326,959.112,273.17,80.8,395.3,5.22,-6.05,-50.3,111.78,78.33,299.3,312.32,111.69,77.59,299.28,311.99,1.0
2018-08-18 11:32:00,89.55552,36.83256,959.102,273.17,80.8,395.4,7.87,-6.01,-50.09,111.65,78.26,298.96,312.21,112.16,77.65,299.26,312.14,1.0
2018-08-18 11:32:00,89.55552,36.83252,959.153,273.18,80.8,395.0,8.4,-6.1,-50.45,111.91,78.26,299.41,311.5,112.66,77.78,299.19,312.16,1.0
2018-08-18 11:32:00,89.55552,36.83248,959.214,273.18,80.8,394.5,7.38,-6.1,-50.49,110.86,77.85,299.73,311.91,113.14,77.95,299.13,312.19,1.0
2018-08-18 11:32:00,89.55552,36.83243,959.232,273.18,80.8,394.3,5.72,-5.96,-50.15,111.58,78.05,298.64,312.99,113.52,78.15,299.06,312.2,1.0
2018-08-18 11:32:00,89.55552,36.83243,959.181,273.18,80.8,394.8,5.85,-5.84,-49.93,111.65,77.92,298.16,312.49,113.75,78.37,298.96,312.17,1.0
2018-08-18 11:32:00,89.55552,36.83242,959.122,273.18,80.8,395.2,9.19,-5.95,-49.69,112.5,78.05,299.0,311.93,113.8,78.58,298.89,312.1,1.0
2018-08-18 11:32:00,89.55552,36.83241,959.165,273.19,80.8,394.9,10.75,-5.91,-48.66,112.24,78.33,298.84,312.23,113.66,78.76,298.89,312.06,1.0
2018-08-18 11:32:00,89.55552,36.83241,959.169,273.18,80.8,394.9,10.62,-6.23,-48.06,112.3,78.33,298.83,312.23,113.36,78.89,298.83,312.1,1.0
2018-08-18 11:32:00,89.55552,36.8324,959.182,273.18,80.8,394.7,8.47,-6.51,-47.87,111.58,78.26,298.83,312.33,112.93,78.97,298.8,312.05,1.0
2018-08-18 11:32:00,89.55552,36.8324,959.237,273.18,80.8,394.3,5.61,-6.65,-47.96,111.58,78.26,298.83,312.13,112.45,78.99,298.85,311.92,1.0
2018-08-18 11:32:00,89.55552,36.83239,959.215,273.18,80.8,394.5,4.89,-6.89,-48.28,112.37,78.33,298.82,312.32,111.99,78.96,298.96,311.95,1.0
2018-08-18 11:32:00,89.55552,36.83239,959.251,273.18,80.8,394.2,5.57,-6.77,-48.68,112.04,78.26,298.74,312.13,111.61,78.89,299.01,312.07,1.0
2018-08-18 11:32:00,89.55552,36.83238,959.323,273.19,80.8,393.6,8.39,-6.66,-48.62,112.96,78.33,298.92,312.23,111.37,78.8,299.1,312.21,1.0
2018-08-18 11:32:00,89.55551,36.83238,959.347,273.19,80.8,393.4,10.43,-6.54,-48.46,111.58,78.33,298.74,311.38,111.28,78.7,299.13,312.35,1.0
2018-08-18 11:32:00,89.55551,36.83237,959.299,273.19,80.8,393.8,10.14,-6.41,-48.25,111.98,78.26,299.03,311.2,111.36,78.59,299.15,312.47,1.0
2018-08-18 11:32:00,89.55551,36.83236,959.238,273.18,80.8,394.3,7.71,-6.26,-48.01,111.45,78.26,298.84,312.34,111.56,78.5,299.2,312.55,1.0
2018-08-18 11:32:00,89.55551,36.83234,959.416,273.19,80.8,392.8,9.76,-6.02,-48.19,111.19,78.47,298.85,312.33,111.85,78.42,299.22,312.59,1.0
2018-08-18 11:32:00,89.55551,36.83232,959.42,273.18,80.8,392.8,12.86,-5.91,-48.37,112.37,78.33,299.04,312.34,112.16,78.36,299.22,312.6,1.0
2018-08-18 11:32:00,89.55551,36.83229,959.377,273.18,80.8,393.1,15.26,-6.06,-48.31,111.45,78.26,298.2,312.24,112.44,78.3,299.22,312.57,1.0
2018-08-18 11:32:00,89.55551,36.83226,959.377,273.19,80.8,393.1,16.72,-6.18,-48.12,111.58,78.33,298.49,312.24,112.62,78.24,299.2,312.59,1.0
2018-08-18 11:32:00,89.55551,36.83224,959.436,273.19,80.8,392.6,17.35,-6.17,-47.94,112.5,78.12,299.07,312.24,112.67,78.18,299.19,312.58,1.0
2018-08-18 11:32:00,89.55551,36.83221,959.343,273.18,80.8,393.4,17.18,-6.23,-47.91,112.3,78.33,298.86,312.33,112.59,78.12,299.18,312.36,1.0
2018-08-18 11:32:00,89.55551,36.83219,959.4,273.18,80.8,392.9,18.6,-5.93,-48.5,111.98,78.47,299.03,312.34,112.37,78.07,299.19,312.18,1.0
2018-08-18 11:32:00,89.55551,36.83216,959.436,273.19,80.8,392.6,20.88,-5.71,-48.43,112.5,78.26,298.85,312.34,112.06,78.02,299.15,311.97,1.0
2018-08-18 11:32:00,89.55551,36.83214,959.448,273.19,80.8,392.5,21.11,-5.73,-48.24,112.17,78.33,298.86,312.44,111.7,78.0,299.17,311.79,1.0
2018-08-18 11:32:00,89.55551,36.83211,959.449,273.19,80.8,392.5,18.66,-5.88,-48.22,112.04,78.33,299.05,311.86,111.35,78.0,299.2,311.7,1.0
2018-08-18 11:32:00,89.55551,36.83209,959.446,273.19,80.8,392.6,15.0,-5.94,-48.45,111.58,78.4,298.79,310.69,111.04,78.04,299.12,311.68,1.0
2018-08-18 11:32:00,89.55551,36.83206,959.467,273.19,80.8,392.4,12.81,-5.94,-49.61,112.11,78.26,299.31,311.02,110.82,78.12,299.08,311.67,1.0
2018-08-18 11:32:00,89.55551,36.83204,959.495,273.19,80.8,392.2,13.88,-5.46,-49.82,111.91,78.12,298.66,310.58,110.7,78.23,299.05,311.66,1.0
2018-08-18 11:32:00,89.55551,36.83201,959.503,273.19,80.8,392.1,16.91,-5.14,-49.67,111.45,78.26,298.67,310.48,110.7,78.38,299.01,311.65,1.0
2018-08-18 11:32:00,89.55551,36.83199,959.5,273.18,80.8,392.1,20.42,-5.16,-49.17,110.93,78.05,298.8,311.59,110.79,78.54,298.98,311.64,1.0
2018-08-18 11:32:00,89.55551,36.83192,959.574,273.19,80.8,391.5,21.2,-5.38,-48.3,112.56,78.12,298.38,312.32,110.94,78.7,298.96,311.67,1.0
2018-08-18 11:32:00,89.5555,36.83183,959.502,273.19,80.8,392.1,21.52,-5.33,-47.51,112.37,78.33,298.91,312.43,111.14,78.84,298.95,311.8,1.0
2018-08-18 11:32:00,89.5555,36.83174,959.528,273.19,80.8,391.9,22.86,-5.39,-47.29,111.58,78.33,298.96,312.53,111.34,78.95,298.94,311.91,1.0
2018-08-18 11:32:00,89.5555,36.83165,959.543,273.19,80.8,391.8,25.13,-5.33,-47.29,111.52,78.4,299.23,312.24,111.53,79.01,298.99,312.07,1.0
2018-08-18 11:32:00,89.5555,36.83156,959.557,273.19,80.8,391.6,26.93,-5.08,-47.24,111.39,78.47,298.96,312.43,111.69,79.02,299.08,312.22,1.0
2018-08-18 11:32:00,89.5555,36.83148,959.639,273.19,80.8,391.0,26.79,-4.74,-47.02,112.3,78.47,299.34,312.24,111.82,78.98,299.16,312.29,1.0
2018-08-18 11:32:00,89.5555,36.83139,959.545,273.19,80.8,391.7,24.71,-4.7,-46.89,111.32,78.47,298.95,312.33,111.93,78.9,299.22,312.29,1.0
2018-08-18 11:32:00,89.5555,36.8313,959.542,273.19,80.8,391.8,23.12,-4.81,-47.31,112.63,78.33,299.14,312.35,112.03,78.78,299.22,312.29,1.0
2018-08-18 11:32:00,89.5555,36.83121,959.557,273.19,80.8,391.6,22.86,-4.77,-47.45,111.72,78.47,298.86,312.36,112.13,78.65,299.2,312.28,1.0
2018-08-18 11:32:00,89.5555,36.83113,959.574,273.2,80.8,391.5,23.72,-4.72,-47.91,111.06,78.33,299.36,312.36,112.24,78.5,299.15,312.26,1.0
2018-08-18 11:32:00,89.5555,36.83108,959.602,273.19,80.8,391.3,24.99,-4.76,-48.68,111.65,78.47,299.68,311.97,112.37,78.36,299.09,312.23,1.0
2018-08-18 11:32:00,89.5555,36.83104,959.647,273.19,80.8,390.9,25.72,-4.8,-48.9,112.44,78.33,298.88,312.45,112.5,78.22,299.02,312.19,1.0
2018-08-18 11:32:00,89.55549,36.831,959.579,273.2,80.8,391.5,25.83,-4.68,-48.62,111.78,78.26,299.25,312.36,112.62,78.09,298.96,312.15,1.0
2018-08-18 11:32:00,89.55549,36.83095,959.636,273.2,80.8,391.0,25.22,-4.76,-48.9,111.72,78.54,298.88,312.37,112.72,77.97,298.92,312.03,1.0
2018-08-18 11:32:00,89.55549,36.8309,959.655,273.2,80.8,390.8,23.76,-4.74,-49.08,111.39,78.33,299.06,312.37,112.78,77.86,298.84,311.98,1.0
2018-08-18 11:32:00,89.55549,36.83086,959.672,273.2,80.8,390.7,21.35,-4.62,-49.34,112.17,78.4,299.06,312.37,112.79,77.76,298.72,311.98,1.0
2018-08-18 11:32:00,89.55549,36.83082,959.746,273.2,80.8,390.1,18.25,-4.49,-49.71,112.3,78.26,299.25,312.37,112.73,77.67,298.62,311.98,1.0
2018-08-18 11:32:00,89.55549,36.83077,959.753,273.19,80.8,390.0,15.46,-4.5,-49.8,111.98,78.54,298.78,312.23,112.61,77.6,298.61,311.95,1.0
2018-08-18 11:32:00,89.55549,36.83073,959.742,273.2,80.8,390.1,15.74,-4.59,-50.02,111.91,78.26,298.98,311.32,112.44,77.56,298.63,312.0,1.0
2018-08-18 11:32:00,89.55549,36.83068,959.764,273.19,80.8,389.9,16.74,-4.54,-50.01,111.98,78.26,298.31,311.89,112.25,77.56,298.69,311.99,1.0
2018-08-18 11:32:00,89.55549,36.83064,959.782,273.19,80.8,389.8,17.79,-4.33,-49.99,112.7,78.26,297.91,312.38,112.06,77.6,298.75,312.0,1.0
2018-08-18 11:32:00,89.55549,36.83059,959.775,273.19,80.8,389.8,18.41,-4.17,-50.07,111.78,78.26,298.18,312.07,111.9,77.69,298.76,312.05,1.0
2018-08-18 11:32:00,89.55549,36.83055,959.78,273.2,80.8,389.8,18.46,-4.37,-50.21,111.65,78.05,298.05,311.58,111.78,77.84,298.75,312.05,1.0
2018-08-18 11:32:00,89.55549,36.83051,959.862,273.19,80.8,389.1,21.78,-4.59,-49.18,112.11,78.33,298.41,312.22,111.73,78.03,298.71,311.92,1.0
2018-08-18 11:32:00,89.55548,36.83047,959.879,273.2,80.8,389.0,23.41,-4.47,-52.02,111.72,78.12,299.12,311.51,111.75,78.26,298.66,311.87,1.0
2018-08-18 11:32:00,89.55548,36.83043,959.829,273.2,80.8,389.4,23.39,-4.41,-53.07,111.19,77.98,298.83,311.44,111.85,78.5,298.67,311.76,1.0
2018-08-18 11:32:00,89.55548,36.83038,959.768,273.2,80.8,389.9,21.11,-4.5,-52.65,112.11,78.26,298.89,312.28,111.99,78.75,298.71,311.62,1.0
2018-08-18 11:32:00,89.55548,36.83034,959.774,273.2,80.8,389.8,17.16,-4.61,-52.47,112.83,78.26,298.89,312.01,112.17,78.97,298.77,311.54,1.0
2018-08-18 11:32:00,89.55548,36.8303,959.795,273.2,80.8,389.7,15.84,-4.36,-52.08,112.17,78.33,299.17,310.9,112.35,79.15,298.85,311.58,1.0
2018-08-18 11:32:00,89.55548,36.83026,959.819,273.2,80.8,389.5,18.23,-4.9,-50.42,111.58,78.4,298.98,310.86,112.52,79.27,298.88,311.52,1.0
2018-08-18 11:32:00,89.55548,36.83022,959.828,273.2,80.8,389.4,21.15,-5.18,-49.54,112.11,78.33,299.17,311.0,112.65,79.32,298.94,311.58,1.0
2018-08-18 11:32:00,89.55548,36.83018,959.847,273.2,80.8,389.2,23.51,-5.39,-48.9,111.58,78.26,299.15,311.3,112.73,79.29,299.03,311.64,1.0
2018-08-18 11:32:00,89.55548,36.83014,959.899,273.2,80.8,388.8,24.87,-5.6,-48.14,112.11,78.47,299.05,311.72,112.74,79.21,299.11,311.67,1.0
2018-08-18 11:32:00,89.55548,36.8301,959.973,273.2,80.8,388.2,25.08,-5.56,-47.53,112.44,78.54,299.03,312.35,112.69,79.06,299.17,311.72,1.0
2018-08-18 11:32:00,89.55548,36.83006,959.936,273.2,80.8,388.5,25.29,-5.62,-47.04,111.78,78.4,298.42,311.75,112.58,78.88,299.2,311.88,1.0
2018-08-18 11:32:00,89.55548,36.83003,959.905,273.2,80.7,388.8,25.96,-5.55,-46.88,111.78,78.54,298.86,312.18,112.44,78.68,299.18,312.02,1.0
2018-08-18 11:32:00,89.55548,36.83,959.933,273.2,80.7,388.5,25.64,-5.47,-47.12,112.17,78.47,299.25,312.4,112.27,78.47,299.13,312.12,1.0
2018-08-18 11:32:00,89.55548,36.82998,959.981,273.2,80.8,388.1,24.61,-5.37,-47.88,112.76,78.33,299.09,312.49,112.1,78.28,299.04,312.19,1.0
2018-08-18 11:32:00,89.55548,36.82995,959.968,273.2,80.8,388.2,23.94,-5.16,-49.06,111.72,78.4,298.8,312.5,111.95,78.12,298.94,312.2,1.0
2018-08-18 11:32:00,89.55548,36.82993,959.965,273.2,80.7,388.3,24.24,-4.78,-48.97,112.5,78.47,298.91,312.4,111.84,77.99,298.84,312.14,1.0
2018-08-18 11:32:00,89.55548,36.8299,960.005,273.2,80.7,387.9,25.25,-4.82,-49.27,112.11,78.33,299.09,312.21,111.77,77.9,298.8,312.13,1.0
2018-08-18 11:32:00,89.55547,36.82987,960.009,273.2,80.7,387.9,26.96,-4.67,-49.35,111.78,78.4,299.09,312.31,111.77,77.85,298.74,312.08,1.0
2018-08-18 11:32:00,89.55547,36.82984,960.006,273.2,80.8,387.9,29.43,-4.56,-49.35,112.44,78.4,299.09,312.31,111.81,77.84,298.69,312.03,1.0
2018-08-18 11:32:00,89.55547,36.82982,960.042,273.21,80.7,387.6,31.1,-4.62,-49.35,111.39,78.33,299.09,312.31,111.91,77.86,298.7,312.0,1.0
2018-08-18 11:32:00,89.55547,36.82979,960.056,273.2,80.7,387.5,27.85,-4.64,-49.23,111.78,78.33,299.09,312.32,112.04,77.91,298.73,311.97,1.0
2018-08-18 11:32:00,89.55547,36.82976,960.12,273.21,80.7,387.0,26.24,-4.36,-48.3,112.11,78.26,299.19,312.4,112.18,77.98,298.71,311.88,1.0
2018-08-18 11:32:00,89.55547,36.82974,960.075,273.21,80.8,387.4,26.7,-4.45,-48.08,112.37,78.33,298.91,312.31,112.32,78.07,298.75,311.88,1.0
2018-08-18 11:32:00,89.55547,36.82972,960.04,273.21,80.8,387.6,25.59,-4.37,-48.03,111.98,78.33,298.91,312.4,112.44,78.17,298.81,311.91,1.0
2018-08-18 11:32:00,89.55547,36.82969,960.073,273.21,80.7,387.4,22.9,-4.27,-47.84,112.17,78.33,299.11,312.3,112.52,78.27,298.81,311.95,1.0
2018-08-18 11:32:00,89.55547,36.82967,960.088,273.2,80.7,387.2,21.04,-4.67,-47.4,111.91,78.33,298.83,312.17,112.54,78.38,298.74,311.99,1.0
2018-08-18 11:32:00,89.55547,36.82964,960.137,273.21,80.8,386.9,17.1,-4.77,-46.87,112.7,78.26,298.23,311.34,112.52,78.49,298.66,312.03,1.0
2018-08-18 11:32:00,89.55547,36.82962,960.177,273.2,80.7,386.5,15.84,-4.85,-46.68,111.52,78.05,298.42,311.58,112.46,78.59,298.59,312.05,1.0
2018-08-18 11:32:00,89.55546,36.8296,960.164,273.2,80.7,386.6,15.43,-4.8,-46.38,112.5,78.47,299.02,311.92,112.37,78.69,298.54,312.07,1.0
2018-08-18 11:32:00,89.55546,36.82958,960.11,273.2,80.7,387.1,15.32,-4.7,-45.95,111.91,78.33,298.65,312.41,112.29,78.76,298.53,312.08,1.0
2018-08-18 11:32:00,89.55546,36.82955,960.076,273.21,80.7,387.4,15.23,-4.7,-45.61,112.11,78.47,298.04,312.12,112.23,78.83,298.53,312.09,1.0
2018-08-18 11:32:00,89.55546,36.82953,960.125,273.21,80.7,386.9,14.48,-5.03,-45.84,112.24,78.47,298.09,312.23,112.23,78.88,298.56,312.11,1.0
2018-08-18 11:32:00,89.55546,36.8295,960.146,273.2,80.7,386.8,15.2,-5.01,-46.12,112.5,78.33,298.29,312.32,112.3,78.91,298.68,312.22,1.0
2018-08-18 11:32:00,89.55546,36.82948,960.174,273.21,80.7,386.5,14.29,-4.99,-46.86,111.78,78.33,298.8,312.32,112.45,78.93,298.76,312.16,1.0
2018-08-18 11:32:00,89.55546,36.82946,960.201,273.21,80.7,386.3,13.36,-4.91,-47.48,111.58,78.47,299.02,312.32,112.68,78.93,298.84,312.03,1.0
2018-08-18 11:32:00,89.55546,36.82943,960.217,273.21,80.7,386.2,12.84,-4.79,-47.9,112.44,78.33,298.92,312.13,112.97,78.92,298.96,311.92,1.0
2018-08-18 11:32:00,89.55546,36.82941,960.243,273.2,80.7,386.0,11.54,-4.77,-48.59,112.37,78.54,299.02,312.42,113.28,78.89,299.09,311.84,1.0
2018-08-18 11:32:00,89.55546,36.82939,960.232,273.21,80.7,386.1,14.23,-5.05,-47.66,112.17,78.4,298.94,312.25,113.58,78.85,299.19,311.8,1.0
2018-08-18 11:32:00,89.55546,36.82933,960.243,273.2,80.7,386.0,17.95,-5.38,-47.16,111.72,78.47,299.03,311.12,113.82,78.81,299.23,311.79,1.0
2018-08-18 11:32:00,89.55546,36.82927,960.259,273.2,80.7,385.8,22.02,-5.79,-46.84,113.09,78.47,299.47,310.8,113.95,78.75,299.21,311.77,1.0
2018-08-18 11:32:00,89.55546,36.82921,960.244,273.21,80.7,386.0,24.06,-5.99,-46.44,112.04,78.54,299.25,311.09,113.95,78.69,299.17,311.75,1.0
2018-08-18 11:32:00,89.55546,36.82915,960.192,273.21,80.7,386.4,22.87,-5.72,-46.07,112.3,78.54,298.95,311.44,113.79,78.63,299.11,311.73,1.0
2018-08-18 11:32:00,89.55545,36.82909,960.302,273.21,80.7,385.5,22.41,-5.23,-46.13,112.56,78.33,299.09,311.96,113.47,78.57,299.06,311.7,1.0
2018-08-18 11:32:00,89.55545,36.82903,960.312,273.21,80.7,385.4,20.78,-5.06,-46.47,112.17,78.54,299.16,312.25,113.03,78.52,299.04,311.68,1.0
2018-08-18 11:32:00,89.55545,36.82897,960.313,273.21,80.7,385.4,19.8,-4.92,-46.57,112.96,78.47,299.28,312.15,112.49,78.47,299.06,311.76,1.0
2018-08-18 11:32:00,89.55545,36.82891,960.323,273.21,80.7,385.3,19.43,-4.89,-46.7,112.11,78.54,299.37,312.34,111.92,78.44,299.05,311.9,1.0
2018-08-18 11:32:00,89.55545,36.82885,960.329,273.21,80.7,385.3,19.96,-4.96,-46.83,112.63,78.4,299.22,312.44,111.36,78.42,299.03,312.03,1.0
2018-08-18 11:32:00,89.55545,36.82879,960.306,273.21,80.7,385.4,22.8,-4.81,-46.13,112.96,78.61,298.95,312.33,110.89,78.42,299.15,312.16,1.0
2018-08-18 11:32:00,89.55545,36.82874,960.306,273.21,80.7,385.4,22.02,-4.88,-46.07,112.7,78.47,299.13,312.24,110.54,78.44,299.28,312.22,1.0
2018-08-18 11:32:00,89.55545,36.82867,960.339,273.21,80.7,385.2,22.55,-4.84,-45.34,112.11,78.54,299.12,312.34,110.35,78.48,299.37,312.23,1.0
2018-08-18 11:32:00,89.55545,36.82862,960.377,273.21,80.7,384.9,22.64,-4.78,-45.3,112.17,78.47,298.63,312.4,110.33,78.54,299.4,312.24,1.0
2018-08-18 11:32:00,89.55545,36.82856,960.39,273.21,80.7,384.8,22.28,-4.7,-45.6,112.17,78.26,298.09,312.4,110.47,78.61,299.38,312.24,1.0
2018-08-18 11:32:00,89.55545,36.8285,960.353,273.21,80.7,385.1,22.7,-4.54,-44.88,111.72,78.33,298.93,312.41,110.74,78.69,299.32,312.2,1.0
2018-08-18 11:32:00,89.55545,36.82844,960.355,273.21,80.7,385.0,21.82,-4.1,-44.89,110.54,78.4,299.22,312.0,111.09,78.76,299.21,312.13,1.0
2018-08-18 11:32:00,89.55544,36.82838,960.394,273.21,80.7,384.7,22.35,-4.0,-44.09,112.44,78.54,298.88,311.96,111.47,78.82,299.06,312.05,1.0
2018-08-18 11:32:00,89.55544,36.82832,960.425,273.21,80.7,384.5,22.99,-3.84,-43.58,112.3,78.68,298.94,312.62,111.83,78.87,298.89,311.96,1.0
2018-08-18 11:32:00,89.55544,36.82826,960.437,273.21,80.7,384.4,23.19,-3.69,-43.46,112.7,78.61,299.12,312.47,112.12,78.9,298.79,311.88,1.0
2018-08-18 11:32:00,89.55544,36.8282,960.449,273.21,80.7,384.3,23.21,-3.63,-43.42,112.5,78.74,299.12,312.34,112.31,78.9,298.74,311.81,1.0
2018-08-18 11:32:00,89.55544,36.82814,960.475,273.21,80.7,384.1,25.01,-3.44,-42.97,112.11,78.47,299.04,312.25,112.38,78.89,298.64,311.73,1.0
2018-08-18 11:32:00,89.55544,36.82808,960.417,273.21,80.7,384.5,26.42,-3.35,-43.35,111.98,78.61,299.23,312.35,112.35,78.86,298.45,311.67,1.0
2018-08-18 11:32:00,89.55544,36.828,960.437,273.21,80.7,384.4,26.63,-3.18,-43.41,111.98,78.12,299.32,312.25,112.23,78.83,298.43,311.68,1.0
2018-08-18 11:32:00,89.55544,36.82792,960.489,273.21,80.7,383.9,25.88,-2.99,-43.1,112.17,78.61,299.14,312.16,112.07,78.78,298.55,311.71,1.0
2018-08-18 11:32:00,89.55544,36.82784,960.508,273.2,80.7,383.8,24.51,-2.83,-42.73,112.04,78.61,299.23,312.45,111.89,78.75,298.71,311.75,1.0
2018-08-18 11:32:00,89.55544,36.82775,960.507,273.2,80.7,383.8,22.96,-2.68,-42.85,111.78,78.74,299.29,312.02,111.76,78.72,298.85,311.84,1.0
2018-08-18 11:32:00,89.55544,36.82767,960.509,273.2,80.7,383.8,23.06,-2.47,-42.94,112.11,78.47,297.36,311.97,111.69,78.71,298.92,311.91,1.0
2018-08-18 11:32:00,89.55544,36.82758,960.571,273.2,80.7,383.3,23.63,-2.86,-43.14,112.3,78.4,298.27,311.71,111.71,78.72,299.07,311.96,1.0
2018-08-18 11:32:00,89.55544,36.8275,960.558,273.2,80.7,383.4,24.84,-2.95,-42.9,112.11,78.74,299.3,312.08,111.82,78.75,299.14,312.04,1.0
2018-08-18 11:32:00,89.55544,36.82742,960.477,273.21,80.7,384.0,25.87,-2.72,-42.7,111.98,78.61,299.58,312.27,112.01,78.8,299.17,312.12,1.0
2018-08-18 11:32:00,89.55544,36.82733,960.51,273.21,80.7,383.8,25.67,-2.59,-43.28,111.98,78.81,299.04,312.34,112.25,78.85,299.21,312.15,1.0
2018-08-18 11:32:00,89.55544,36.82725,960.603,273.21,80.7,383.0,24.94,-2.39,-43.62,112.76,78.61,298.17,312.19,112.51,78.9,299.13,312.12,1.0
2018-08-18 11:32:00,89.55543,36.82717,960.573,273.21,80.7,383.2,23.27,-2.08,-43.91,111.39,78.47,299.47,311.58,112.76,78.95,299.17,312.04,1.0
2018-08-18 11:32:00,89.55543,36.82708,960.573,273.21,80.7,383.2,22.12,-1.86,-43.91,112.76,78.47,299.06,312.32,112.95,78.99,299.13,311.97,1.0
2018-08-18 11:32:00,89.55543,36.82699,960.621,273.21,80.7,382.8,20.49,-1.59,-44.0,110.93,78.26,299.23,312.54,113.07,79.02,299.03,311.93,1.0
2018-08-18 11:32:00,89.55543,36.8269,960.68,273.21,80.7,382.4,17.95,-1.24,-44.36,111.45,78.88,299.78,312.49,113.1,79.02,299.0,311.92,1.0
2018-08-18 11:32:00,89.55543,36.82681,960.731,273.21,80.7,381.9,16.63,-1.16,-44.4,113.28,78.68,298.96,311.96,113.05,79.02,299.14,311.96,1.0
2018-08-18 11:32:00,89.55543,36.82672,960.69,273.21,80.7,382.3,13.64,-1.13,-43.9,112.7,78.74,298.87,311.48,112.93,79.0,299.34,312.11,1.0
2018-08-18 11:32:00,89.55543,36.82662,960.653,273.21,80.7,382.6,11.73,-0.86,-43.36,112.63,78.68,299.23,311.74,112.76,78.98,299.42,312.22,1.0
2018-08-18 11:32:00,89.55543,36.82653,960.638,273.21,80.7,382.7,11.83,-0.82,-43.71,112.04,78.74,299.14,312.11,112.59,78.96,299.54,312.26,1.0
2018-08-18 11:32:00,89.55543,36.82644,960.647,273.21,80.7,382.6,12.47,-0.92,-44.32,112.11,78.68,299.51,312.48,112.44,78.95,299.69,312.34,1.0
2018-08-18 11:32:00,89.55543,36.82635,960.671,273.21,80.7,382.4,10.93,-0.67,-43.66,111.52,78.88,300.39,312.56,112.33,78.95,299.82,312.52,1.0
2018-08-18 11:32:00,89.55543,36.82626,960.642,273.21,80.7,382.7,9.0,-0.73,-44.24,112.76,78.4,299.77,313.11,112.29,78.97,299.94,312.7,1.0
2018-08-18 11:32:00,89.55543,36.82616,960.678,273.21,80.7,382.4,8.37,-0.75,-43.9,112.3,78.74,299.27,312.25,112.31,79.0,300.02,312.94,1.0
2018-08-18 11:32:00,89.55543,36.82607,960.752,273.21,80.7,381.8,8.84,-0.83,-44.04,112.3,78.68,299.05,312.38,112.39,79.05,300.05,313.1,1.0
2018-08-18 11:32:00,89.55542,36.82598,960.791,273.21,80.7,381.4,11.38,-1.03,-44.1,112.56,78.68,299.48,313.04,112.51,79.1,300.04,313.16,1.0
2018-08-18 11:32:00,89.55542,36.82591,960.729,273.21,80.7,382.0,16.04,-1.32,-43.21,111.58,78.68,299.96,313.62,112.65,79.15,299.95,313.13,1.0
2018-08-18 11:32:00,89.55542,36.82585,960.803,273.21,80.7,381.3,19.03,-1.41,-41.96,112.11,78.68,299.23,313.26,112.79,79.2,299.76,313.07,1.0
2018-08-18 11:32:00,89.55542,36.8258,960.86,273.21,80.7,380.9,22.99,-1.75,-41.04,112.17,78.74,299.27,313.27,112.91,79.23,299.59,312.94,1.0
2018-08-18 11:32:00,89.55542,36.82574,960.827,273.21,80.7,381.1,23.93,-1.43,-41.3,112.5,78.74,299.16,313.38,112.99,79.25,299.48,312.88,1.0
2018-08-18 11:32:00,89.55542,36.82569,960.78,273.21,80.7,381.5,22.97,-1.26,-41.38,112.17,78.95,299.07,312.88,113.03,79.26,299.4,312.84,1.0
2018-08-18 11:32:00,89.55542,36.82563,960.795,273.21,80.7,381.4,20.49,-1.49,-41.05,112.83,78.74,299.25,312.17,113.03,79.25,299.31,312.76,1.0
2018-08-18 11:32:00,89.55542,36.82558,960.849,273.21,80.7,381.0,15.57,-1.49,-41.68,112.56,78.95,299.43,312.18,113.0,79.22,299.2,312.6,1.0
2018-08-18 11:32:00,89.55542,36.82552,960.774,273.21,80.7,381.6,13.56,-1.42,-42.44,112.04,78.74,299.15,312.18,112.94,79.19,299.18,312.46,1.0
2018-08-18 11:32:00,89.55542,36.82546,960.807,273.21,80.7,381.3,14.49,-1.52,-43.69,112.76,78.88,299.25,312.29,112.88,79.16,299.27,312.35,1.0
2018-08-18 11:32:00,89.55542,36.82541,960.859,273.21,80.7,380.9,16.38,-1.29,-45.07,112.3,78.74,299.44,312.4,112.81,79.12,299.33,312.22,1.0
2018-08-18 11:32:00,89.55542,36.82535,960.884,273.21,80.7,380.7,18.58,-0.9,-46.28,112.5,78.74,299.35,312.11,112.74,79.08,299.37,312.11,1.0
2018-08-18 11:32:00,89.55541,36.8253,960.909,273.21,80.7,380.5,20.75,-0.82,-47.05,111.98,78.88,299.26,312.3,112.67,79.05,299.41,312.06,1.0
2018-08-18 11:32:00,89.55541,36.82524,960.851,273.21,80.7,380.9,21.03,-0.34,-47.77,112.11,78.74,299.16,312.3,112.59,79.01,299.44,312.01,1.0
2018-08-18 11:32:00,89.55541,36.82518,960.858,273.21,80.7,380.9,20.94,-0.09,-48.92,112.7,78.95,299.96,312.4,112.49,78.96,299.46,311.96,1.0
2018-08-18 11:32:00,89.55541,36.82513,960.88,273.21,80.7,380.7,18.4,-0.3,-49.55,112.37,78.74,299.43,312.52,112.37,78.91,299.47,311.92,1.0
2018-08-18 11:32:00,89.55541,36.82506,960.89,273.21,80.7,380.6,15.73,-0.71,-49.98,112.37,78.88,298.99,312.11,112.22,78.86,299.46,311.9,1.0
2018-08-18 11:32:00,89.55541,36.82499,960.884,273.21,80.7,380.7,15.09,-1.12,-50.44,112.89,78.88,299.07,312.21,112.05,78.81,299.46,311.89,1.0
2018-08-18 11:32:00,89.55541,36.82493,960.878,273.21,80.7,380.7,16.61,-1.75,-50.28,112.76,78.95,299.27,312.3,111.87,78.76,299.54,311.89,1.0
2018-08-18 11:32:00,89.55541,36.82486,960.923,273.21,80.7,380.3,18.82,-2.41,-50.3,111.72,78.95,299.18,312.01,111.7,78.73,299.56,311.92,1.0
2018-08-18 11:32:00,89.5554,36.8248,960.955,273.2,80.7,380.1,21.01,-3.04,-49.6,112.83,78.74,299.37,312.21,111.55,78.71,299.5,311.84,1.0
2018-08-18 11:32:00,89.5554,36.82473,960.972,273.2,80.7,379.9,22.49,-3.5,-48.85,112.3,78.88,299.28,312.31,111.46,78.71,299.44,311.81,1.0
2018-08-18 11:32:00,89.5554,36.82466,960.984,273.21,80.7,379.8,23.2,-3.86,-48.14,112.37,78.68,299.5,312.27,111.43,78.74,299.42,311.83,1.0
2018-08-18 11:32:00,89.5554,36.8246,960.997,273.21,80.7,379.7,23.49,-4.35,-47.05,111.98,78.74,300.02,311.64,111.48,78.81,299.45,311.85,1.0
2018-08-18 11:32:00,89.5554,36.82453,960.989,273.21,80.7,379.8,21.72,-4.23,-46.65,112.37,78.88,299.8,312.0,111.6,78.89,299.49,311.85,1.0
2018-08-18 11:32:00,89.5554,36.82447,961.04,273.21,80.7,379.4,21.33,-4.35,-46.54,111.78,78.88,299.8,311.4,111.79,79.01,299.53,311.83,1.0
2018-08-18 11:32:00,89.5554,36.82441,961.08,273.21,80.7,379.1,21.0,-4.36,-45.94,111.45,78.74,299.56,311.6,112.02,79.13,299.58,311.81,1.0
2018-08-18 11:32:00,89.5554,36.82435,961.089,273.21,80.7,379.0,20.88,-4.35,-45.14,113.48,78.88,299.66,312.05,112.28,79.26,299.64,311.79,1.0
2018-08-18 11:32:00,89.5554,36.8243,961.093,273.21,80.7,378.9,21.48,-4.49,-44.67,112.17,78.74,299.93,311.86,112.54,79.38,299.68,311.77,1.0
2018-08-18 11:32:00,89.5554,36.82424,961.1,273.22,80.7,378.9,22.97,-4.53,-44.1,112.7,78.88,299.85,312.04,112.77,79.47,299.64,311.78,1.0
2018-08-18 11:32:00,89.5554,36.82418,961.11,273.21,80.7,378.8,21.63,-4.23,-44.15,111.72,78.95,299.64,312.03,112.95,79.54,299.69,311.82,1.0
2018-08-18 11:32:00,89.5554,36.82412,961.099,273.22,80.7,378.9,20.07,-4.23,-44.41,112.11,78.88,299.41,312.12,113.09,79.57,299.71,311.96,1.0
2018-08-18 11:32:00,89.55539,36.82406,961.079,273.22,80.7,379.1,19.18,-4.05,-44.82,112.17,78.95,299.38,312.32,113.18,79.56,299.75,312.09,1.0
2018-08-18 11:32:00,89.55539,36.824,961.076,273.22,80.7,379.1,19.61,-3.61,-45.24,112.56,78.95,299.19,312.22,113.22,79.52,299.77,312.14,1.0
2018-08-18 11:32:00,89.55539,36.82395,961.106,273.21,80.7,378.8,21.95,-3.72,-45.36,112.37,79.16,299.03,312.34,113.23,79.43,299.69,312.14,1.0
2018-08-18 11:32:00,89.55539,36.82389,961.181,273.22,80.7,378.2,22.69,-3.27,-46.48,112.17,78.95,299.76,312.47,113.23,79.32,299.59,312.14,1.0
2018-08-18 11:32:00,89.55539,36.82383,961.183,273.22,80.7,378.2,23.07,-2.61,-49.88,112.76,78.81,299.46,312.54,113.22,79.19,299.48,312.12,1.0
2018-08-18 11:32:00,89.55539,36.82376,961.202,273.22,80.7,378.0,22.81,-2.39,-51.62,112.7,79.09,299.57,312.83,113.21,79.04,299.37,312.09,1.0
2018-08-18 11:32:00,89.55539,36.82367,961.246,273.22,80.7,377.7,21.36,-2.29,-51.16,112.3,78.95,299.6,312.5,113.2,78.89,299.28,312.04,1.0
2018-08-18 11:32:00,89.55539,36.82358,961.181,273.21,80.7,378.2,18.42,-1.72,-50.33,112.7,79.02,299.01,312.11,113.19,78.75,299.2,312.0,1.0
2018-08-18 11:32:00,89.55539,36.82348,961.257,273.22,80.7,377.6,15.27,-2.28,-49.96,112.11,79.02,299.2,312.32,113.17,78.63,299.15,311.96,1.0
2018-08-18 11:32:00,89.55539,36.82339,961.221,273.22,80.7,377.9,14.71,-2.09,-49.37,112.5,78.88,299.39,311.75,113.14,78.54,299.08,311.9,1.0
2018-08-18 11:32:00,89.55539,36.8233,961.213,273.22,80.7,378.0,13.84,-2.12,-48.6,112.37,78.95,299.3,312.24,113.07,78.48,299.08,311.79,1.0
2018-08-18 11:32:00,89.55539,36.8232,961.251,273.22,80.7,377.6,13.42,-2.19,-47.81,112.76,78.88,299.29,312.14,112.98,78.45,299.07,311.69,1.0
2018-08-18 11:32:00,89.55539,36.82311,961.28,273.22,80.7,377.4,14.15,-2.07,-47.43,112.11,78.88,299.2,312.24,112.86,78.47,299.04,311.64,1.0
2018-08-18 11:32:00,89.55538,36.82301,961.183,273.21,80.7,378.2,14.18,-2.14,-48.71,113.15,78.88,299.29,312.04,112.73,78.52,299.08,311.62,1.0
2018-08-18 11:32:00,89.55538,36.82292,961.233,273.22,80.7,377.8,11.57,-2.19,-49.53,112.37,79.09,299.3,312.04,112.59,78.61,299.16,311.66,1.0
2018-08-18 11:32:00,89.55538,36.82283,961.277,273.22,80.7,377.4,9.06,-2.13,-49.82,112.63,78.95,299.3,311.56,112.47,78.73,299.23,311.71,1.0
2018-08-18 11:32:00,89.55538,36.82273,961.28,273.22,80.7,377.4,6.41,-2.18,-50.38,112.7,78.81,298.98,311.37,112.38,78.85,299.28,311.75,1.0
2018-08-18 11:32:00,89.55538,36.82264,961.261,273.22,80.7,377.6,4.22,-2.29,-51.28,112.63,78.68,298.82,311.61,112.32,78.97,299.31,311.78,1.0
2018-08-18 11:32:00,89.55538,36.82257,961.33,273.22,80.7,377.0,4.39,-2.01,-51.52,111.91,78.61,298.63,311.04,112.31,79.08,299.32,311.8,1.0
2018-08-18 11:32:00,89.55538,36.82253,961.294,273.21,80.7,377.3,5.49,-1.71,-51.91,113.35,78.95,298.98,311.77,112.33,79.16,299.31,311.8,1.0
2018-08-18 11:32:00,89.55538,36.8225,961.265,273.22,80.7,377.5,4.81,-1.81,-51.97,112.63,79.02,299.12,311.77,112.38,79.2,299.3,311.81,1.0
2018-08-18 11:32:00,89.55538,36.82246,961.26,273.22,80.7,377.6,4.24,-2.0,-52.27,111.78,79.09,299.31,312.06,112.43,79.21,299.28,311.86,1.0
2018-08-18 11:32:00,89.55538,36.82243,961.301,273.22,80.7,377.2,4.13,-2.23,-52.9,112.5,78.95,299.31,311.87,112.49,79.19,299.3,311.9,1.0
2018-08-18 11:32:00,89.55538,36.82239,961.404,273.22,80.7,376.4,4.09,-2.53,-53.63,112.24,78.95,299.21,312.06,112.53,79.14,299.39,311.87,1.0
2018-08-18 11:32:00,89.55537,36.82235,961.316,273.21,80.7,377.1,3.07,-2.95,-53.67,112.76,78.81,299.32,312.06,112.54,79.07,299.48,311.9,1.0
2018-08-18 11:32:00,89.55537,36.82232,961.339,273.22,80.7,376.9,-1.25,-3.09,-54.11,112.3,79.09,299.21,312.06,112.52,79.01,299.55,311.94,1.0
2018-08-18 11:32:00,89.55537,36.82228,961.308,273.22,80.7,377.2,-5.34,-3.26,-53.59,112.56,78.95,299.4,312.36,112.49,78.96,299.61,311.99,1.0
2018-08-18 11:32:00,89.55537,36.82225,961.282,273.21,80.7,377.4,-6.77,-3.35,-53.12,112.83,78.95,299.39,311.44,112.44,78.93,299.64,312.02,1.0
2018-08-18 11:32:00,89.55537,36.82221,961.357,273.22,80.7,376.8,-5.04,-3.35,-53.29,112.76,78.95,299.6,311.12,112.4,78.93,299.65,312.03,1.0
2018-08-18 11:32:00,89.55537,36.82218,961.39,273.22,80.7,376.5,-2.64,-3.6,-53.09,112.96,78.88,299.88,311.02,112.39,78.96,299.65,312.02,1.0
2018-08-18 11:32:00,89.55537,36.82213,961.373,273.22,80.7,376.6,-2.94,-3.66,-52.8,112.5,78.81,299.89,312.13,112.4,79.02,299.63,311.99,1.0
2018-08-18 11:32:00,89.55537,36.82209,961.408,273.22,80.7,376.3,-5.25,-4.02,-51.95,111.78,78.74,299.77,312.27,112.45,79.08,299.61,311.93,1.0
2018-08-18 11:32:00,89.55537,36.82205,961.457,273.22,80.7,375.9,-5.73,-4.13,-51.76,112.56,79.09,299.43,312.08,112.55,79.15,299.59,311.86,1.0
2018-08-18 11:32:00,89.55536,36.822,961.476,273.22,80.7,375.8,-4.48,-4.03,-52.15,112.56,78.88,299.5,312.26,112.67,79.21,299.56,311.83,1.0
2018-08-18 11:32:00,89.55536,36.82196,961.432,273.22,80.7,376.1,-4.28,-4.12,-52.2,112.44,79.16,299.23,312.06,112.81,79.25,299.54,311.86,1.0
2018-08-18 11:32:00,89.55536,36.82192,961.482,273.22,80.7,375.7,-8.21,-4.31,-51.11,112.3,78.95,299.41,312.18,112.95,79.26,299.52,311.9,1.0
2018-08-18 11:32:00,89.55536,36.82188,961.467,273.22,80.7,375.9,-9.2,-4.48,-51.36,111.91,78.95,299.58,312.08,113.08,79.25,299.5,311.92,1.0
2018-08-18 11:32:00,89.55536,36.82183,961.46,273.22,80.7,375.9,-8.41,-4.55,-51.2,112.37,78.88,299.3,312.27,113.17,79.23,299.49,311.93,1.0
2018-08-18 11:32:00,89.55536,36.82179,961.495,273.22,80.7,375.6,-6.59,-4.41,-50.6,113.55,79.09,299.3,312.17,113.23,79.2,299.52,311.91,1.0
2018-08-18 11:32:00,89.55536,36.82175,961.552,273.22,80.7,375.2,-4.5,-4.03,-50.03,112.89,79.09,299.35,312.2,113.25,79.17,299.56,311.89,1.0
2018-08-18 11:32:00,89.55536,36.8217,961.502,273.22,80.7,375.6,-2.71,-3.83,-49.23,113.02,78.88,299.81,312.22,113.23,79.15,299.62,311.92,1.0
2018-08-18 11:32:00,89.55536,36.82166,961.515,273.22,80.7,375.5,-2.96,-3.86,-48.58,111.98,79.09,299.29,312.37,113.19,79.15,299.63,311.94,1.0
2018-08-18 11:32:00,89.55536,36.82162,961.535,273.22,80.7,375.3,-3.3,-3.95,-48.44,113.48,79.09,299.52,312.2,113.15,79.18,299.62,311.94,1.0
2018-08-18 11:32:00,89.55536,36.82157,961.556,273.22,80.7,375.1,-3.5,-4.1,-48.73,111.65,78.95,299.33,311.8,113.1,79.23,299.58,311.92,1.0
2018-08-18 11:32:00,89.55536,36.82153,961.588,273.21,80.7,374.9,-4.04,-4.35,-49.56,112.89,78.74,299.12,311.23,113.08,79.28,299.52,311.88,1.0
2018-08-18 11:32:00,89.55536,36.82149,961.617,273.21,80.7,374.6,-6.35,-4.49,-50.14,112.63,78.95,299.38,311.41,113.07,79.34,299.45,311.82,1.0
2018-08-18 11:32:00,89.55535,36.8214,961.595,273.21,80.7,374.8,-4.81,-4.7,-50.27,111.78,79.09,299.28,311.68,113.09,79.39,299.36,311.75,1.0
2018-08-18 11:32:00,89.55535,36.8213,961.608,273.21,80.7,374.7,-2.2,-4.8,-50.52,112.83,79.16,299.51,311.99,113.12,79.42,299.3,311.68,1.0
2018-08-18 11:32:00,89.55535,36.82121,961.649,273.21,80.7,374.4,-0.78,-4.89,-51.24,112.89,79.09,299.33,312.18,113.16,79.42,299.27,311.65,1.0
2018-08-18 11:32:00,89.55535,36.82112,961.692,273.22,80.7,374.0,-1.02,-5.02,-52.35,113.28,79.09,299.52,312.08,113.2,79.39,299.27,311.69,1.0
2018-08-18 11:32:00,89.55535,36.82103,961.705,273.21,80.7,373.9,-2.04,-5.11,-53.5,112.83,79.09,299.61,312.08,113.21,79.34,299.28,311.79,1.0
2018-08-18 11:32:00,89.55535,36.82094,961.738,273.21,80.7,373.6,-1.33,-4.93,-54.82,113.28,79.09,299.24,312.08,113.2,79.27,299.3,311.86,1.0
2018-08-18 11:32:00,89.55535,36.82085,961.767,273.21,80.7,373.4,-0.8,-4.9,-55.72,112.3,79.02,299.52,312.09,113.16,79.19,299.37,311.96,1.0
2018-08-18 11:32:00,89.55535,36.82076,961.76,273.21,80.7,373.4,0.34,-4.99,-56.43,112.37,79.09,299.43,312.09,113.08,79.12,299.44,311.96,1.0
2018-08-18 11:32:00,89.55535,36.82067,961.761,273.21,80.7,373.4,1.53,-5.06,-57.08,112.96,79.09,299.33,311.8,112.97,79.07,299.52,311.99,1.0
2018-08-18 11:32:00,89.55535,36.82063,961.81,273.22,80.7,373.0,2.17,-4.98,-57.54,112.11,79.16,299.32,312.09,112.85,79.04,299.58,312.02,1.0
2018-08-18 11:32:00,89.55535,36.82059,961.692,273.21,80.7,374.0,2.73,-4.71,-57.03,113.42,79.02,299.35,311.99,112.72,79.03,299.62,311.92,1.0
2018-08-18 11:32:00,89.55534,36.82055,961.74,273.21,80.7,373.6,2.57,-4.4,-56.63,112.7,79.3,299.53,312.17,112.62,79.05,299.64,311.9,1.0
2018-08-18 11:32:00,89.55534,36.82051,961.813,273.21,80.7,373.0,-0.38,-4.18,-58.2,112.76,78.88,299.55,311.36,112.55,79.08,299.62,311.87,1.0
2018-08-18 11:32:00,89.55534,36.82047,961.816,273.21,80.7,373.0,-3.61,-3.87,-59.42,112.96,78.88,299.29,311.2,112.53,79.13,299.59,311.81,1.0
2018-08-18 11:32:00,89.55534,36.82043,961.751,273.21,80.7,373.5,-5.1,-3.62,-59.83,112.76,78.95,299.28,311.37,112.57,79.17,299.53,311.72,1.0
2018-08-18 11:32:00,89.55534,36.82039,961.768,273.21,80.7,373.4,-3.6,-3.79,-60.41,111.78,79.09,299.34,310.32,112.68,79.2,299.46,311.64,1.0
2018-08-18 11:32:00,89.55534,36.82035,961.838,273.21,80.7,372.8,-2.0,-3.66,-60.0,113.09,79.3,299.27,311.82,112.85,79.22,299.38,311.57,1.0
2018-08-18 11:32:00,89.55534,36.82031,961.809,273.21,80.7,373.0,-2.43,-3.64,-59.31,113.61,79.09,299.54,312.28,113.07,79.21,299.31,311.52,1.0
2018-08-18 11:32:00,89.55534,36.82027,961.81,273.21,80.7,373.0,-1.96,-3.3,-58.16,112.37,79.16,299.54,312.18,113.33,79.19,299.19,311.68,1.0
2018-08-18 11:32:00,89.55534,36.82022,961.855,273.21,80.7,372.7,-0.9,-2.88,-56.85,112.89,79.09,299.35,312.09,113.6,79.15,299.01,311.82,1.0
2018-08-18 11:32:00,89.55534,36.82018,961.858,273.21,80.7,372.6,-0.55,-2.73,-55.89,112.56,79.16,299.35,312.19,113.85,79.09,298.84,311.88,1.0
2018-08-18 11:32:00,89.55534,36.82015,961.846,273.21,80.7,372.7,-0.93,-2.68,-55.66,112.5,79.09,299.54,312.28,114.07,79.04,298.83,312.13,1.0
2018-08-18 11:32:00,89.55534,36.82015,961.834,273.2,80.7,372.8,1.05,-2.32,-55.79,112.76,79.09,299.35,311.81,114.22,78.98,298.83,312.21,1.0
2018-08-18 11:32:00,89.55534,36.82015,961.814,273.21,80.7,373.0,3.14,-2.07,-56.24,112.89,79.16,298.75,313.0,114.3,78.93,298.85,312.3,1.0
2018-08-18 11:32:00,89.55534,36.82015,961.809,273.21,80.7,373.0,3.24,-1.99,-56.39,112.56,78.88,298.06,312.3,114.28,78.89,298.89,312.39,1.0
2018-08-18 11:32:00,89.55534,36.82016,961.838,273.21,80.7,372.8,2.13,-1.96,-56.38,113.55,78.95,297.92,311.89,114.18,78.87,298.93,312.45,1.0
2018-08-18 11:32:00,89.55534,36.82016,961.895,273.21,80.7,372.3,3.54,-1.88,-57.3,113.55,78.95,299.68,312.77,113.99,78.86,298.97,312.47,1.0
2018-08-18 11:32:00,89.55534,36.82016,961.846,273.2,80.7,372.7,4.43,-2.03,-57.44,112.63,79.23,299.33,311.99,113.74,78.86,298.91,312.43,1.0
2018-08-18 11:32:00,89.55534,36.82016,961.848,273.21,80.7,372.7,4.5,-1.99,-57.82,112.96,79.16,299.34,312.33,113.45,78.89,298.88,312.42,1.0
2018-08-18 11:32:00,89.55534,36.82016,961.863,273.21,80.7,372.6,3.14,-1.97,-58.46,113.35,79.09,299.63,312.75,113.14,78.93,298.93,312.31,1.0
2018-08-18 11:32:00,89.55534,36.82017,961.856,273.21,80.7,372.6,1.63,-2.04,-59.58,113.48,79.16,299.45,312.63,112.85,78.99,299.06,312.22,1.0
2018-08-18 11:32:00,89.55534,36.82017,961.812,273.21,80.7,373.0,1.34,-2.13,-61.32,113.28,79.16,299.17,312.4,112.6,79.05,299.18,312.21,1.0
2018-08-18 11:32:00,89.55534,36.82017,961.858,273.21,80.7,372.6,-1.02,-2.2,-63.18,112.5,78.88,297.84,311.51,112.42,79.13,299.13,312.15,1.0
2018-08-18 11:32:00,89.55534,36.82017,961.858,273.21,80.7,372.6,-3.83,-2.49,-64.75,112.5,78.95,298.48,311.87,112.32,79.21,299.07,312.16,1.0
2018-08-18 11:32:00,89.55534,36.82029,961.824,273.18,80.6,372.9,-8.37,-2.84,-66.67,113.15,78.88,298.79,312.19,112.32,79.29,299.01,312.15,1.0
2018-08-18 11:32:00,89.55534,36.82035,961.861,273.2,80.7,372.6,-11.4,-3.09,-66.76,112.5,79.09,299.31,312.1,112.41,79.35,298.95,312.15,1.0
2018-08-18 11:32:00,89.55534,36.82041,961.837,273.21,80.7,372.8,-11.74,-3.1,-66.54,113.15,79.09,299.29,312.2,112.58,79.4,298.91,312.16,1.0
2018-08-18 11:32:00,89.55534,36.82047,961.855,273.21,80.7,372.7,-12.64,-3.22,-66.12,113.15,79.09,299.56,312.1,112.81,79.43,298.9,312.2,1.0
2018-08-18 11:32:00,89.55534,36.82052,961.902,273.21,80.7,372.3,-13.02,-3.29,-65.77,112.96,79.16,299.38,312.19,113.09,79.42,299.02,312.29,1.0
2018-08-18 11:32:00,89.55534,36.82058,961.929,273.22,80.7,372.0,-12.32,-3.31,-65.63,113.09,79.16,299.38,312.09,113.37,79.39,299.13,312.31,1.0
2018-08-18 11:32:00,89.55534,36.82064,961.848,273.21,80.7,372.7,-10.77,-3.46,-65.6,112.7,79.16,299.48,312.19,113.63,79.34,299.23,312.34,1.0
2018-08-18 11:32:00,89.55534,36.8207,961.853,273.21,80.7,372.7,-10.91,-3.46,-65.04,113.28,79.16,299.48,312.08,113.85,79.26,299.32,312.37,1.0
2018-08-18 11:32:00,89.55534,36.82076,961.858,273.22,80.7,372.6,-10.5,-3.49,-64.65,112.89,79.16,299.29,312.09,114.0,79.18,299.42,312.37,1.0
2018-08-18 11:32:00,89.55534,36.82082,961.896,273.21,80.6,372.3,-8.92,-3.44,-64.27,112.7,79.16,299.39,311.9,114.06,79.1,299.51,312.36,1.0
2018-08-18 11:32:00,89.55534,36.82087,961.909,273.22,80.7,372.2,-6.95,-3.21,-63.79,112.44,79.02,299.28,311.91,114.03,79.03,299.59,312.34,1.0
2018-08-18 11:32:00,89.55534,36.82092,961.876,273.22,80.7,372.5,-5.83,-3.08,-63.5,114.07,79.09,299.56,312.11,113.92,78.99,299.65,312.31,1.0
2018-08-18 11:32:00,89.55534,36.82096,961.847,273.22,80.7,372.7,-5.66,-3.06,-63.42,112.83,79.09,299.37,312.31,113.72,78.97,299.67,312.27,1.0
2018-08-18 11:32:00,89.55534,36.82101,961.923,273.22,80.7,372.1,-6.15,-2.87,-63.25,113.55,79.16,299.28,312.11,113.47,78.99,299.66,312.23,1.0
2018-08-18 11:32:00,89.55534,36.82106,961.928,273.22,80.7,372.0,-7.92,-2.91,-63.32,113.28,79.16,299.48,312.02,113.19,79.04,299.62,312.2,1.0
2018-08-18 11:32:00,89.55534,36.82111,961.908,273.22,80.7,372.2,-8.14,-3.07,-63.78,112.83,78.88,299.29,312.11,112.91,79.11,299.57,312.16,1.0
2018-08-18 11:32:00,89.55534,36.82116,961.893,273.22,80.7,372.3,-7.39,-3.23,-64.12,112.76,79.09,299.1,311.92,112.66,79.19,299.51,312.15,1.0
2018-08-18 11:32:00,89.55534,36.82121,961.89,273.21,80.7,372.4,-6.44,-3.32,-64.1,113.48,79.16,299.29,312.21,112.47,79.28,299.47,312.14,1.0
2018-08-18 11:32:00,89.55534,36.82126,961.843,273.21,80.7,372.7,-6.12,-3.35,-63.77,113.61,79.09,299.57,312.11,112.37,79.35,299.43,312.16,1.0
2018-08-18 11:32:00,89.55534,36.8213,961.891,273.22,80.7,372.4,-6.96,-3.29,-63.4,112.76,79.16,299.38,312.5,112.35,79.41,299.38,312.18,1.0
2018-08-18 11:32:00,89.55534,36.82135,961.957,273.22,80.7,371.8,-6.85,-3.15,-62.56,112.76,79.09,299.57,311.91,112.43,79.43,299.36,312.33,1.0
2018-08-18 11:32:00,89.55534,36.8214,961.954,273.22,80.7,371.8,-6.05,-3.06,-62.02,112.83,79.23,299.47,312.2,112.58,79.42,299.4,312.43,1.0
2018-08-18 11:32:00,89.55534,36.82145,961.929,273.22,80.7,372.0,-5.19,-3.01,-61.71,113.09,79.02,299.38,312.21,112.78,79.39,299.47,312.47,1.0
2018-08-18 11:32:00,89.55534,36.8215,961.966,273.21,80.7,371.7,-4.5,-2.98,-61.35,112.7,79.3,299.26,312.21,113.01,79.33,299.54,312.51,1.0
2018-08-18 11:32:00,89.55534,36.82155,961.947,273.21,80.7,371.9,-3.07,-3.09,-60.69,113.42,79.3,298.96,312.21,113.21,79.26,299.61,312.52,1.0
2018-08-18 11:32:00,89.55534,36.8216,961.937,273.21,80.7,372.0,-3.92,-3.01,-60.33,113.22,79.09,298.82,313.37,113.37,79.19,299.65,312.51,1.0
2018-08-18 11:32:00,89.55534,36.82167,961.919,273.21,80.7,372.1,-4.03,-3.0,-60.09,112.37,79.02,298.98,312.51,113.44,79.12,299.67,312.49,1.0
2018-08-18 11:32:00,89.55534,36.82174,961.936,273.21,80.7,372.0,-3.84,-3.05,-59.66,112.76,79.16,299.56,312.11,113.42,79.06,299.66,312.44,1.0
2018-08-18 11:32:00,89.55534,36.8218,961.992,273.22,80.7,371.5,-3.79,-3.11,-59.0,113.94,79.16,299.55,312.21,113.29,79.02,299.63,312.37,1.0
2018-08-18 11:32:00,89.55534,36.82187,961.959,273.21,80.7,371.8,-3.95,-3.12,-58.37,113.09,78.95,299.47,312.22,113.08,79.0,299.58,312.29,1.0
2018-08-18 11:32:00,89.55534,36.82194,961.927,273.21,80.7,372.1,-5.0,-3.27,-57.67,112.7,79.3,299.29,312.21,112.81,79.0,299.57,312.21,1.0
2018-08-18 11:32:00,89.55534,36.82201,961.944,273.22,80.7,371.9,-5.56,-3.19,-57.33,113.28,79.3,299.57,312.12,112.51,79.01,299.55,312.03,1.0
2018-08-18 11:32:00,89.55534,36.82207,961.963,273.22,80.7,371.8,-6.07,-3.28,-57.18,113.09,79.16,299.48,312.12,112.23,79.03,299.52,311.93,1.0
2018-08-18 11:32:00,89.55534,36.82214,961.963,273.21,80.7,371.8,-6.17,-3.34,-57.16,113.28,79.09,299.48,312.4,112.01,79.05,299.48,311.92,1.0
2018-08-18 11:32:00,89.55534,36.82221,961.956,273.21,80.7,371.8,-5.07,-3.03,-57.23,113.22,79.09,299.59,312.11,111.89,79.06,299.47,311.93,1.0
2018-08-18 11:32:00,89.55534,36.82226,961.951,273.21,80.7,371.9,-2.53,-2.9,-56.94,112.37,78.95,299.39,312.3,111.89,79.07,299.48,311.99,1.0
2018-08-18 11:32:00,89.55534,36.82232,961.985,273.21,80.7,371.6,-2.62,-2.83,-56.97,113.02,79.16,299.68,311.84,112.01,79.07,299.48,312.18,1.0
2018-08-18 11:32:00,89.55534,36.82237,962.007,273.21,80.7,371.4,-3.76,-2.78,-57.14,112.76,79.09,299.68,312.13,112.25,79.06,299.49,312.38,1.0
2018-08-18 11:32:00,89.55534,36.82242,962.024,273.21,80.7,371.3,-4.27,-2.71,-57.51,112.83,79.09,299.5,312.23,112.57,79.06,299.52,312.52,1.0
2018-08-18 11:32:00,89.55534,36.82247,962.046,273.21,80.7,371.1,-3.38,-2.62,-57.89,112.7,79.3,299.59,312.13,112.93,79.05,299.56,312.6,1.0
2018-08-18 11:32:00,89.55534,36.82252,962.016,273.21,80.7,371.3,-1.91,-2.55,-57.64,112.5,79.23,299.57,312.48,113.29,79.05,299.57,312.66,1.0
2018-08-18 11:32:00,89.55534,36.82258,962.026,273.21,80.7,371.2,-1.43,-2.43,-57.07,113.15,79.09,299.04,313.54,113.59,79.07,299.57,312.7,1.0
2018-08-18 11:32:00,89.55535,36.82263,962.022,273.2,80.6,371.3,-0.83,-2.35,-56.41,112.56,79.02,299.0,313.42,113.8,79.09,299.68,312.73,1.0
2018-08-18 11:32:00,89.55535,36.82268,962.029,273.2,80.6,371.2,-1.11,-2.31,-56.1,113.48,79.09,299.37,312.36,113.9,79.13,299.72,312.73,1.0
2018-08-18 11:32:00,89.55535,36.82274,962.057,273.21,80.7,371.0,-2.57,-2.32,-56.27,112.89,79.02,299.49,312.23,113.86,79.18,299.67,312.7,1.0
2018-08-18 11:32:00,89.55535,36.82279,962.044,273.21,80.7,371.1,-4.56,-2.39,-56.64,113.09,79.16,299.58,311.94,113.71,79.23,299.61,312.65,1.0
2018-08-18 11:32:00,89.55535,36.82284,962.05,273.21,80.7,371.0,-5.7,-2.56,-57.7,113.55,79.16,299.68,312.14,113.45,79.27,299.55,312.6,1.0
2018-08-18 11:32:00,89.55535,36.82291,962.048,273.21,80.7,371.1,-6.36,-2.83,-58.83,113.15,79.09,300.76,312.32,113.13,79.31,299.53,312.45,1.0
2018-08-18 11:32:00,89.55535,36.82299,962.042,273.21,80.7,371.1,-4.91,-3.03,-59.61,112.76,79.3,300.28,312.32,112.78,79.32,299.52,312.32,1.0
2018-08-18 11:32:00,89.55535,36.82308,962.041,273.21,80.7,371.1,-3.39,-3.15,-60.05,112.89,78.95,299.5,312.24,112.44,79.32,299.51,312.27,1.0
2018-08-18 11:32:00,89.55535,36.82316,962.05,273.21,80.7,371.0,-3.82,-3.25,-60.35,112.89,79.16,299.5,312.23,112.15,79.29,299.5,312.3,1.0
2018-08-18 11:32:00,89.55535,36.82324,962.051,273.2,80.7,371.0,-4.87,-3.43,-60.72,113.02,79.16,299.59,312.35,111.93,79.25,299.51,312.34,1.0
2018-08-18 11:32:00,89.55535,36.82333,962.106,273.21,80.7,370.6,-7.03,-3.42,-60.71,112.44,79.16,299.58,312.33,111.8,79.18,299.53,312.39,1.0
2018-08-18 11:32:00,89.55535,36.82341,962.106,273.2,80.7,370.6,-8.66,-3.59,-61.42,113.48,79.23,299.49,312.33,111.75,79.12,299.43,312.42,1.0
2018-08-18 11:32:00,89.55535,36.8235,962.096,273.2,80.7,370.7,-9.67,-3.66,-62.02,112.89,79.09,299.4,312.15,111.79,79.05,299.39,312.47,1.0
2018-08-18 11:32:00,89.55535,36.82358,962.129,273.2,80.7,370.4,-10.55,-3.6,-62.11,112.76,79.23,299.49,312.44,111.91,78.99,299.42,312.55,1.0
2018-08-18 11:32:00,89.55535,36.82367,962.186,273.21,80.7,369.9,-12.21,-3.63,-61.99,113.09,79.3,299.68,312.32,112.07,78.94,299.45,312.58,1.0
2018-08-18 11:32:00,89.55535,36.82375,962.158,273.21,80.7,370.1,-11.7,-3.68,-61.08,112.5,79.09,299.58,312.34,112.29,78.91,299.47,312.62,1.0
2018-08-18 11:32:00,89.55535,36.82384,962.156,273.21,80.7,370.2,-11.76,-3.67,-60.23,112.76,78.95,299.4,312.14,112.53,78.9,299.49,312.59,1.0
2018-08-18 11:32:00,89.55536,36.82392,962.167,273.21,80.7,370.1,-12.71,-3.84,-59.79,112.89,79.16,299.45,312.55,112.8,78.9,299.51,312.52,1.0
2018-08-18 11:32:00,89.55536,36.82403,962.167,273.21,80.7,370.1,-14.17,-4.02,-59.55,112.17,79.02,299.56,312.91,113.09,78.91,299.51,312.45,1.0
2018-08-18 11:32:00,89.55536,36.82414,962.127,273.2,80.7,370.4,-15.35,-3.87,-58.91,113.02,79.09,299.4,312.5,113.4,78.92,299.52,312.38,1.0
2018-08-18 11:32:00,89.55536,36.82425,962.158,273.21,80.7,370.1,-15.58,-3.69,-57.77,112.5,79.09,299.41,313.02,113.72,78.93,299.53,312.33,1.0
2018-08-18 11:32:00,89.55536,36.82435,962.164,273.21,80.7,370.1,-12.99,-3.37,-57.4,113.28,79.09,299.41,312.62,114.03,78.93,299.46,312.31,1.0
2018-08-18 11:32:00,89.55536,36.82447,962.159,273.21,80.7,370.1,-10.99,-3.09,-56.86,112.89,79.23,299.42,312.24,114.33,78.91,299.44,312.3,1.0
2018-08-18 11:32:00,89.55536,36.82458,962.146,273.21,80.7,370.2,-10.03,-2.83,-55.99,113.09,79.02,299.6,312.44,114.59,78.89,299.41,312.26,1.0
2018-08-18 11:32:00,89.55536,36.82469,962.127,273.21,80.7,370.4,-9.69,-2.56,-54.92,113.02,79.3,299.42,312.14,114.78,78.86,299.35,312.22,1.0
2018-08-18 11:32:00,89.55536,36.8248,962.14,273.21,80.7,370.3,-9.19,-2.21,-54.06,113.09,79.09,299.5,312.33,114.89,78.83,299.33,312.22,1.0
2018-08-18 11:32:00,89.55536,36.82491,962.202,273.21,80.7,369.8,-8.15,-2.06,-53.07,112.44,78.95,298.72,312.21,114.88,78.8,299.33,312.19,1.0
2018-08-18 11:32:00,89.55536,36.82502,962.207,273.21,80.7,369.7,-6.8,-1.91,-52.3,113.15,78.95,299.08,312.25,114.75,78.78,299.34,312.21,1.0
2018-08-18 11:32:00,89.55536,36.82512,962.181,273.21,80.7,370.0,-6.28,-1.68,-51.67,113.68,79.16,299.08,311.95,114.5,78.77,299.35,312.24,1.0
2018-08-18 11:32:00,89.55536,36.82524,962.174,273.21,80.7,370.0,-6.88,-1.43,-51.21,113.15,79.02,298.78,312.35,114.14,78.78,299.36,312.28,1.0
2018-08-18 11:32:00,89.55536,36.82534,962.206,273.21,80.7,369.7,-7.87,-1.3,-51.02,112.89,78.95,299.21,312.24,113.72,78.8,299.36,312.3,1.0
2018-08-18 11:32:00,89.55536,36.82542,962.228,273.21,80.7,369.6,-7.59,-1.14,-51.17,113.68,79.09,299.48,312.05,113.26,78.83,299.37,312.33,1.0
2018-08-18 11:32:00,89.55536,36.8255,962.233,273.21,80.7,369.5,-7.03,-1.2,-51.57,113.87,79.09,299.62,312.14,112.83,78.86,299.45,312.32,1.0
2018-08-18 11:32:00,89.55536,36.82558,962.227,273.21,80.7,369.6,-7.73,-1.13,-52.16,112.96,79.09,299.71,312.15,112.46,78.89,299.49,312.33,1.0
2018-08-18 11:32:00,89.55536,36.82566,962.219,273.21,80.7,369.6,-9.11,-1.06,-52.82,112.96,78.88,299.62,312.44,112.21,78.92,299.52,312.34,1.0
2018-08-18 11:32:00,89.55537,36.82574,962.212,273.21,80.7,369.7,-10.18,-1.17,-53.45,113.42,79.02,299.43,312.24,112.1,78.93,299.57,312.36,1.0
2018-08-18 11:32:00,89.55537,36.82582,962.189,273.21,80.7,369.9,-10.46,-1.27,-53.96,112.76,79.09,299.52,312.26,112.13,78.92,299.59,312.38,1.0
2018-08-18 11:32:00,89.55537,36.82591,962.198,273.21,80.7,369.8,-11.85,-1.65,-54.64,112.83,78.95,299.61,312.06,112.3,78.91,299.58,312.4,1.0
2018-08-18 11:32:00,89.55537,36.82599,962.231,273.21,80.7,369.5,-12.96,-1.98,-55.44,113.09,79.09,299.52,312.16,112.57,78.88,299.52,312.34,1.0
2018-08-18 11:32:00,89.55537,36.82607,962.245,273.21,80.7,369.4,-13.37,-2.25,-55.96,113.28,78.95,299.71,312.25,112.91,78.84,299.45,312.37,1.0
2018-08-18 11:32:00,89.55537,36.82615,962.225,273.21,80.7,369.6,-12.87,-2.53,-56.31,112.3,79.23,299.52,312.26,113.27,78.8,299.4,312.5,1.0
2018-08-18 11:32:00,89.55537,36.82623,962.256,273.21,80.7,369.3,-11.59,-3.01,-57.26,113.22,78.81,299.52,312.35,113.59,78.76,299.37,312.52,1.0
2018-08-18 11:32:00,89.55537,36.82631,962.237,273.21,80.7,369.5,-10.36,-2.83,-56.57,113.28,79.09,299.43,312.35,113.84,78.72,299.34,312.54,1.0
2018-08-18 11:32:00,89.55537,36.82639,962.31,273.21,80.7,368.9,-8.62,-2.64,-55.86,113.42,79.02,299.26,311.51,113.99,78.68,299.32,312.56,1.0
2018-08-18 11:32:00,89.55537,36.82647,962.321,273.21,80.7,368.8,-6.73,-2.47,-54.96,112.89,78.81,299.25,312.41,114.04,78.65,299.31,312.57,1.0
2018-08-18 11:32:00,89.55537,36.82659,962.264,273.21,80.7,369.3,-4.65,-2.32,-54.04,112.83,79.09,299.05,313.54,113.98,78.61,299.3,312.58,1.0
2018-08-18 11:32:00,89.55537,36.82671,962.305,273.21,80.7,368.9,-2.43,-2.14,-53.45,113.87,78.95,299.52,312.16,113.85,78.57,299.29,312.6,1.0
2018-08-18 11:32:00,89.55537,36.82682,962.309,273.21,80.7,368.9,-2.13,-1.96,-53.81,113.15,78.88,299.33,312.35,113.67,78.52,299.24,312.7,1.0
2018-08-18 11:32:00,89.55537,36.82694,962.34,273.21,80.7,368.6,-1.29,-1.69,-53.98,113.15,78.95,299.52,312.26,113.46,78.48,299.2,312.83,1.0
2018-08-18 11:32:00,89.55537,36.82705,962.325,273.21,80.7,368.8,0.3,-1.44,-54.01,112.7,79.02,299.61,312.36,113.25,78.43,299.22,312.96,1.0
2018-08-18 11:32:00,89.55538,36.82717,962.288,273.21,80.7,369.1,0.57,-1.27,-54.23,113.87,78.88,299.61,312.26,113.06,78.39,299.27,312.93,1.0
2018-08-18 11:32:00,89.55538,36.82729,962.276,273.21,80.7,369.2,-1.01,-1.22,-54.78,113.48,78.95,299.29,312.72,112.89,78.36,299.3,312.78,1.0
2018-08-18 11:32:00,89.55538,36.8274,962.301,273.21,80.7,369.0,-1.66,-1.21,-55.42,113.28,78.81,298.82,313.78,112.74,78.34,299.3,312.75,1.0
2018-08-18 11:32:00,89.55538,36.82752,962.286,273.2,80.7,369.1,-1.19,-1.05,-55.3,112.7,78.74,298.81,313.67,112.6,78.33,299.31,312.72,1.0
2018-08-18 11:32:00,89.55538,36.82764,962.291,273.2,80.7,369.0,-0.56,-1.27,-54.87,112.7,79.09,299.28,312.99,112.44,78.35,299.31,312.69,1.0
2018-08-18 11:32:00,89.55538,36.82776,962.306,273.21,80.7,368.9,0.22,-1.43,-54.53,113.15,78.74,299.63,312.45,112.27,78.39,299.33,312.69,1.0
2018-08-18 11:32:00,89.55538,36.82788,962.296,273.21,80.7,369.0,0.79,-1.37,-54.22,113.15,78.88,299.45,312.56,112.08,78.45,299.35,312.72,1.0
2018-08-18 11:32:00,89.55538,36.828,962.292,273.21,80.7,369.0,0.15,-1.44,-53.64,113.74,78.95,299.64,312.57,111.88,78.53,299.37,312.73,1.0
2018-08-18 11:32:00,89.55538,36.82812,962.3,273.21,80.7,369.0,-0.12,-1.23,-52.59,112.37,78.68,299.74,312.56,111.7,78.62,299.38,312.67,1.0
2018-08-18 11:32:00,89.55538,36.82824,962.324,273.21,80.7,368.8,-0.08,-1.1,-52.2,113.68,78.68,299.42,312.06,111.57,78.72,299.39,312.56,1.0
2018-08-18 11:32:00,89.55538,36.82836,962.321,273.21,80.7,368.8,-1.16,-1.01,-52.03,112.76,78.74,299.32,312.11,111.51,78.81,299.36,312.52,1.0
2018-08-18 11:32:00,89.55538,36.82849,962.306,273.21,80.7,368.9,-3.43,-0.93,-52.19,113.28,78.61,299.43,312.19,111.55,78.9,299.32,312.51,1.0
2018-08-18 11:32:00,89.55538,36.82861,962.321,273.2,80.7,368.8,-5.93,-0.9,-52.67,113.09,79.02,299.3,312.38,111.72,78.98,299.27,312.48,1.0
2018-08-18 11:32:00,89.55538,36.82873,962.346,273.2,80.7,368.6,-5.24,-1.13,-52.18,112.63,78.95,298.79,312.46,111.99,79.03,299.19,312.41,1.0
2018-08-18 11:32:00,89.55539,36.82885,962.307,273.21,80.7,368.9,-5.61,-0.77,-52.41,112.3,78.88,299.09,312.37,112.35,79.07,299.07,312.31,1.0
2018-08-18 11:32:00,89.55539,36.82897,962.329,273.21,80.7,368.7,-7.45,-0.89,-52.42,112.56,78.95,299.03,312.28,112.76,79.07,298.93,312.2,1.0
2018-08-18 11:32:00,89.55539,36.82909,962.373,273.21,80.7,368.4,-9.19,-1.17,-52.39,112.76,78.88,299.29,312.49,113.17,79.03,298.73,312.03,1.0
2018-08-18 11:32:00,89.55539,36.8292,962.383,273.21,80.7,368.3,-9.69,-1.33,-52.49,112.5,78.68,299.48,312.22,113.52,78.96,298.51,311.82,1.0
2018-08-18 11:32:00,89.55539,36.8293,962.425,273.2,80.7,367.9,-8.8,-1.45,-52.76,113.35,78.88,299.56,312.39,113.77,78.85,298.39,311.62,1.0
2018-08-18 11:32:00,89.55539,36.8294,962.386,273.21,80.7,368.3,-9.77,-1.45,-53.74,112.96,78.88,299.45,312.47,113.88,78.7,298.36,311.47,1.0
2018-08-18 11:32:00,89.55539,36.8295,962.394,273.21,80.7,368.2,-11.1,-1.44,-54.13,113.28,78.88,299.55,312.58,113.83,78.51,298.37,311.41,1.0
2018-08-18 11:32:00,89.55539,36.8296,962.422,273.21,80.7,368.0,-12.92,-1.63,-54.69,112.76,78.74,298.92,311.97,113.64,78.29,298.41,311.4,1.0
2018-08-18 11:32:00,89.55539,36.82969,962.445,273.21,80.7,367.8,-14.19,-1.89,-55.48,112.89,78.74,298.96,311.54,113.35,78.06,298.48,311.4,1.0
2018-08-18 11:32:00,89.55539,36.82979,962.434,273.21,80.7,367.9,-13.2,-1.97,-56.16,113.48,78.88,299.38,311.38,112.99,77.83,298.59,311.42,1.0
2018-08-18 11:32:00,89.55539,36.82989,962.378,273.21,80.7,368.3,-12.23,-1.96,-56.38,112.83,78.88,299.37,311.8,112.64,77.63,298.82,311.55,1.0
2018-08-18 11:32:00,89.55539,36.82999,962.387,273.21,80.7,368.2,-12.98,-2.0,-56.36,113.48,78.88,299.47,312.38,112.35,77.46,298.91,311.59,1.0
2018-08-18 11:32:00,89.5554,36.83009,962.404,273.21,80.7,368.1,-13.04,-2.18,-56.55,113.09,78.81,299.65,312.15,112.15,77.35,299.01,311.59,1.0
2018-08-18 11:32:00,89.5554,36.83018,962.425,273.2,80.7,367.9,-11.66,-2.32,-56.86,113.28,78.68,299.31,311.71,112.09,77.32,299.15,311.6,1.0
2018-08-18 11:32:00,89.5554,36.83028,962.46,273.21,80.7,367.6,-9.11,-2.28,-57.05,111.98,78.47,299.19,311.56,112.16,77.38,299.25,311.63,1.0
2018-08-18 11:32:00,89.5554,36.83037,962.48,273.21,80.7,367.5,-6.88,-2.15,-56.96,111.91,78.54,300.09,312.19,112.34,77.52,299.19,311.65,1.0
2018-08-18 11:32:00,89.5554,36.83045,962.483,273.2,80.7,367.5,-7.3,-1.99,-57.14,113.22,78.4,298.23,311.21,112.58,77.73,299.17,311.7,1.0
2018-08-18 11:32:00,89.5554,36.83053,962.443,273.2,80.7,367.8,-9.42,-2.02,-57.34,113.09,78.47,298.74,311.04,112.85,78.01,299.15,311.71,1.0
2018-08-18 11:32:00,89.5554,36.83061,962.416,273.2,80.7,368.0,-10.13,-1.99,-57.12,112.56,78.47,298.82,311.04,113.1,78.34,299.12,311.71,1.0
2018-08-18 11:32:00,89.5554,36.83068,962.442,273.2,80.7,367.8,-8.92,-1.93,-56.56,113.15,78.61,298.61,311.39,113.29,78.67,299.1,311.77,1.0
2018-08-18 11:32:00,89.5554,36.83076,962.516,273.21,80.7,367.2,-7.21,-2.1,-56.08,113.61,78.33,298.15,311.29,113.4,79.0,299.1,311.86,1.0
2018-08-18 11:32:00,89.5554,36.83084,962.494,273.21,80.7,367.4,-6.96,-1.85,-54.94,112.96,78.54,298.99,312.11,113.43,79.28,299.03,311.89,1.0
2018-08-18 11:32:00,89.5554,36.83092,962.455,273.21,80.7,367.7,-8.5,-1.78,-54.29,111.52,78.61,299.25,312.0,113.4,79.5,299.16,312.03,1.0
2018-08-18 11:32:00,89.5554,36.83099,962.473,273.21,80.7,367.5,-10.14,-1.76,-54.24,113.74,78.74,299.47,312.19,113.35,79.64,299.3,312.2,1.0
2018-08-18 11:32:00,89.5554,36.83107,962.515,273.2,80.7,367.2,-10.55,-1.75,-54.64,113.55,78.81,299.37,312.29,113.3,79.69,299.46,312.36,1.0
2018-08-18 11:32:00,89.5554,36.83115,962.491,273.21,80.7,367.4,-9.49,-1.72,-55.14,113.09,78.68,299.57,312.2,113.29,79.66,299.66,312.51,1.0
2018-08-18 11:32:00,89.5554,36.83123,962.519,273.21,80.7,367.2,-10.61,-1.74,-54.89,112.37,78.81,299.2,312.48,113.36,79.55,299.88,312.64,1.0
2018-08-18 11:32:00,89.5554,36.8313,962.551,273.2,80.7,366.9,-10.54,-1.65,-53.9,112.96,78.74,299.57,312.3,113.49,79.38,299.95,312.67,1.0
2018-08-18 11:32:00,89.5554,36.83137,962.539,273.2,80.7,367.0,-8.27,-1.54,-52.4,112.63,78.74,299.66,312.21,113.68,79.16,299.95,312.67,1.0
2018-08-18 11:32:00,89.5554,36.83143,962.52,273.21,80.7,367.2,-4.35,-1.41,-50.73,113.15,78.68,299.67,312.5,113.89,78.93,299.92,312.65,1.0
2018-08-18 11:32:00,89.5554,36.8315,962.528,273.2,80.7,367.1,-0.37,-1.28,-49.24,113.02,78.74,299.48,312.4,114.09,78.69,299.88,312.62,1.0
2018-08-18 11:32:00,89.5554,36.83156,962.508,273.21,80.7,367.3,1.28,-1.15,-48.32,112.76,78.81,299.5,312.6,114.23,78.48,299.84,312.6,1.0
2018-08-18 11:32:00,89.5554,36.83162,962.518,273.2,80.7,367.2,2.35,-0.76,-47.31,113.61,78.74,298.7,312.36,114.27,78.3,299.76,312.58,1.0
2018-08-18 11:32:00,89.5554,36.83169,962.543,273.21,80.7,367.0,0.11,-0.56,-47.36,112.7,78.74,298.66,312.58,114.2,78.16,299.68,312.59,1.0
2018-08-18 11:32:00,89.5554,36.83175,962.541,273.21,80.7,367.0,-2.17,-0.43,-47.76,113.55,78.61,298.86,312.3,114.0,78.08,299.6,312.61,1.0
2018-08-18 11:32:00,89.5554,36.83181,962.516,273.2,80.7,367.2,-3.55,-0.3,-48.31,112.96,78.74,299.07,312.31,113.71,78.05,299.49,312.61,1.0
2018-08-18 11:32:00,89.5554,36.83188,962.516,273.2,80.7,367.2,-4.14,-0.18,-48.87,113.28,78.68,299.59,312.79,113.34,78.06,299.37,312.58,1.0
2018-08-18 11:32:00,89.5554,36.83194,962.526,273.2,80.7,367.1,-5.06,-0.3,-49.05,113.94,78.68,299.67,312.3,112.96,78.12,299.31,312.55,1.0
2018-08-18 11:32:00,89.5554,36.832,962.563,273.2,80.7,366.8,-4.93,-0.59,-49.36,112.96,78.68,299.49,312.6,112.61,78.2,299.35,312.49,1.0
2018-08-18 11:32:00,89.55541,36.83207,962.558,273.2,80.7,366.8,-3.98,-0.96,-49.89,113.48,78.54,299.68,312.21,112.34,78.3,299.4,312.45,1.0
2018-08-18 11:32:00,89.55541,36.83213,962.528,273.2,80.7,367.1,-2.4,-1.26,-50.44,113.28,78.68,299.06,312.17,112.18,78.41,299.45,312.41,1.0
2018-08-18 11:32:00,89.55541,36.83219,962.52,273.2,80.7,367.2,-0.71,-1.38,-50.83,112.3,78.47,298.9,311.24,112.15,78.52,299.46,312.34,1.0
2018-08-18 11:32:00,89.55541,36.83227,962.548,273.2,80.7,366.9,-0.12,-1.34,-50.89,112.5,78.47,298.98,311.31,112.24,78.62,299.43,312.25,1.0
2018-08-18 11:32:00,89.55541,36.83241,962.594,273.2,80.7,366.5,-1.43,-1.4,-50.45,113.15,78.54,299.38,311.37,112.43,78.69,299.39,312.17,1.0
2018-08-18 11:32:00,89.55541,36.83256,962.602,273.2,80.7,366.5,-2.59,-1.26,-50.97,113.28,78.68,299.31,311.75,112.69,78.75,299.35,312.09,1.0
2018-08-18 11:32:00,89.55541,36.8327,962.579,273.2,80.7,366.7,-4.82,-1.2,-50.88,112.56,78.68,299.68,312.42,112.98,78.78,299.31,312.04,1.0
2018-08-18 11:32:00,89.55541,36.83284,962.564,273.2,80.7,366.8,-8.0,-1.23,-50.22,113.61,78.74,299.59,312.71,113.26,78.79,299.32,312.06,1.0
2018-08-18 11:32:00,89.55541,36.83298,962.623,273.2,80.7,366.3,-10.8,-1.26,-49.84,113.28,78.68,299.59,312.41,113.5,78.78,299.38,312.17,1.0
2018-08-18 11:32:00,89.55541,36.83312,962.593,273.2,80.7,366.5,-10.93,-1.47,-49.15,112.89,78.74,299.59,312.5,113.68,78.75,299.42,312.3,1.0
2018-08-18 11:32:00,89.55541,36.83326,962.601,273.2,80.7,366.5,-9.38,-1.52,-49.22,112.7,78.74,299.59,312.5,113.79,78.71,299.47,312.47,1.0
2018-08-18 11:32:00,89.55541,36.8334,962.625,273.2,80.7,366.3,-8.41,-1.5,-49.26,113.35,78.68,299.59,312.41,113.83,78.65,299.53,312.61,1.0
2018-08-18 11:32:00,89.55541,36.83351,962.628,273.2,80.7,366.3,-7.92,-1.44,-48.76,113.15,78.4,299.4,312.51,113.81,78.59,299.61,312.71,1.0
2018-08-18 11:32:00,89.55541,36.83359,962.578,273.2,80.7,366.7,-7.24,-1.32,-47.66,112.96,78.54,299.59,312.42,113.75,78.52,299.68,312.8,1.0
2018-08-18 11:32:00,89.55542,36.83366,962.56,273.2,80.7,366.8,-6.73,-1.07,-46.94,113.09,78.68,299.59,312.62,113.66,78.44,299.74,312.85,1.0
2018-08-18 11:32:00,89.55542,36.83373,962.592,273.2,80.7,366.5,-6.75,-0.6,-46.2,113.94,78.54,299.58,312.51,113.55,78.36,299.77,312.86,1.0
2018-08-18 11:32:00,89.55542,36.8338,962.614,273.21,80.7,366.4,-7.33,-0.32,-45.4,112.3,78.74,299.49,312.31,113.44,78.27,299.77,312.83,1.0
2018-08-18 11:32:00,89.55542,36.83387,962.627,273.21,80.7,366.3,-7.23,-0.15,-44.61,113.81,78.61,299.59,312.51,113.32,78.18,299.74,312.77,1.0
2018-08-18 11:32:00,89.55542,36.83394,962.65,273.21,80.7,366.1,-6.81,-0.1,-44.22,112.89,78.74,299.68,312.42,113.21,78.08,299.68,312.68,1.0
2018-08-18 11:32:00,89.55542,36.83402,962.708,273.2,80.7,365.6,-7.73,-0.25,-44.88,113.09,78.61,299.4,312.71,113.09,77.99,299.61,312.59,1.0
2018-08-18 11:32:00,89.55542,36.83409,962.7,273.2,80.7,365.7,-6.9,-0.14,-45.2,113.09,78.54,299.4,312.61,112.98,77.9,299.58,312.51,1.0
2018-08-18 11:32:00,89.55542,36.83416,962.681,273.2,80.7,365.8,-6.62,-0.08,-45.64,113.55,78.68,299.4,312.32,112.87,77.82,299.52,312.45,1.0
2018-08-18 11:32:00,89.55542,36.83423,962.653,273.2,80.7,366.1,-5.93,-0.17,-46.24,112.76,78.4,299.6,312.51,112.76,77.76,299.46,312.43,1.0
2018-08-18 11:32:00,89.55542,36.8343,962.623,273.2,80.7,366.3,-4.98,-0.23,-46.93,113.28,78.54,299.51,312.32,112.65,77.73,299.36,312.39,1.0
2018-08-18 11:32:00,89.55542,36.83437,962.611,273.2,80.7,366.4,-4.64,-0.13,-47.53,113.48,78.47,299.79,312.51,112.57,77.72,299.23,312.34,1.0
2018-08-18 11:32:00,89.55542,36.83446,962.599,273.2,80.7,366.5,-6.45,-0.42,-47.79,112.76,78.33,300.32,312.72,112.5,77.74,299.23,312.39,1.0
2018-08-18 11:32:00,89.55542,36.83456,962.628,273.2,80.7,366.3,-7.88,-0.53,-47.75,113.35,78.47,299.92,312.53,112.45,77.78,299.28,312.46,1.0
2018-08-18 11:32:00,89.55542,36.83465,962.652,273.2,80.7,366.1,-10.51,-0.67,-47.91,113.68,78.54,299.51,312.33,112.43,77.86,299.35,312.52,1.0
2018-08-18 11:32:00,89.55542,36.83475,962.663,273.2,80.7,366.0,-12.95,-0.94,-48.43,112.3,78.33,298.8,312.16,112.42,77.96,299.42,312.57,1.0
2018-08-18 11:32:00,89.55542,36.83484,962.662,273.2,80.7,366.0,-14.37,-1.27,-49.28,112.89,78.33,298.09,311.39,112.43,78.07,299.45,312.6,1.0
2018-08-18 11:32:00,89.55542,36.83493,962.669,273.2,80.7,365.9,-15.7,-1.17,-49.87,112.96,78.33,299.1,312.51,112.45,78.19,299.41,312.58,1.0
2018-08-18 11:32:00,89.55542,36.83503,962.612,273.2,80.7,366.4,-15.78,-1.34,-50.47,112.7,78.33,299.36,312.43,112.49,78.31,299.3,312.53,1.0
2018-08-18 11:32:00,89.55542,36.83512,962.668,273.2,80.7,365.9,-13.15,-1.39,-50.52,113.09,78.61,299.51,312.34,112.55,78.43,299.29,312.51,1.0
2018-08-18 11:32:00,89.55542,36.83522,962.724,273.2,80.7,365.5,-11.48,-1.52,-50.68,113.15,78.47,299.7,312.43,112.62,78.52,299.27,312.49,1.0
2018-08-18 11:32:00,89.55542,36.83531,962.724,273.2,80.7,365.5,-11.48,-1.71,-50.93,113.28,78.47,299.27,312.52,112.73,78.6,299.29,312.52,1.0
2018-08-18 11:32:00,89.55543,36.8354,962.743,273.2,80.7,365.3,-11.47,-1.85,-50.83,113.55,78.33,298.82,312.24,112.88,78.65,299.36,312.59,1.0
2018-08-18 11:32:00,89.55543,36.8355,962.662,273.2,80.7,366.0,-6.19,-1.76,-50.22,112.63,78.4,298.88,311.8,113.07,78.67,299.36,312.59,1.0
2018-08-18 11:32:00,89.55543,36.83557,962.654,273.2,80.7,366.0,-3.29,-1.71,-49.38,113.28,78.4,299.42,312.46,113.31,78.67,299.34,312.6,1.0
2018-08-18 11:32:00,89.55543,36.83562,962.682,273.2,80.7,365.8,-1.74,-1.61,-48.5,112.37,78.26,299.55,312.53,113.57,78.64,299.34,312.6,1.0
2018-08-18 11:32:00,89.55543,36.83566,962.711,273.2,80.7,365.6,-2.37,-1.5,-47.8,112.56,78.54,299.71,312.63,113.86,78.59,299.37,312.6,1.0
2018-08-18 11:32:00,89.55543,36.83571,962.719,273.2,80.7,365.5,-5.25,-1.46,-47.24,112.76,78.33,299.51,312.53,114.13,78.53,299.43,312.61,1.0
2018-08-18 11:32:00,89.55543,36.83576,962.714,273.2,80.7,365.5,-8.44,-1.45,-46.27,113.09,78.68,299.6,312.63,114.37,78.46,299.56,312.63,1.0
2018-08-18 11:32:00,89.55543,36.8358,962.707,273.2,80.7,365.6,-8.75,-1.31,-45.34,113.81,78.47,299.88,312.73,114.54,78.39,299.68,312.67,1.0
2018-08-18 11:32:00,89.55543,36.83585,962.714,273.2,80.7,365.5,-8.92,-1.38,-44.81,112.96,78.61,299.61,312.54,114.62,78.32,299.72,312.66,1.0
2018-08-18 11:32:00,89.55543,36.83589,962.711,273.2,80.7,365.6,-7.8,-1.43,-44.58,113.48,78.47,299.43,312.72,114.61,78.26,299.66,312.59,1.0
2018-08-18 11:32:00,89.55543,36.83594,962.709,273.2,80.7,365.6,-5.94,-1.37,-44.59,113.22,78.4,299.71,312.63,114.49,78.2,299.58,312.52,1.0
2018-08-18 11:32:00,89.55543,36.83598,962.801,273.19,80.7,364.8,-5.58,-1.33,-44.86,112.7,78.26,299.43,312.74,114.27,78.16,299.57,312.51,1.0
2018-08-18 11:32:00,89.55543,36.83603,962.805,273.19,80.7,364.8,-4.45,-1.38,-44.82,113.74,78.33,299.43,312.63,113.99,78.12,299.53,312.5,1.0
2018-08-18 11:32:00,89.55543,36.83608,962.752,273.2,80.7,365.2,-4.21,-1.32,-44.93,113.94,78.4,299.43,312.53,113.68,78.09,299.49,312.51,1.0
2018-08-18 11:32:00,89.55543,36.83612,962.722,273.2,80.7,365.5,-3.32,-1.19,-44.4,113.15,78.47,299.09,312.15,113.36,78.07,299.34,312.48,1.0
2018-08-18 11:32:00,89.55543,36.83618,962.726,273.2,80.7,365.4,-2.43,-1.04,-43.67,112.56,78.47,298.68,312.04,113.07,78.05,299.15,312.49,1.0
2018-08-18 11:32:00,89.55543,36.83624,962.703,273.19,80.7,365.6,-3.27,-0.93,-43.47,113.94,78.33,299.71,312.74,112.82,78.04,299.0,312.58,1.0
2018-08-18 11:32:00,89.55544,36.83629,962.778,273.2,80.7,365.0,-7.31,-0.95,-43.0,113.09,78.33,299.53,312.53,112.64,78.02,298.98,312.61,1.0
2018-08-18 11:32:00,89.55544,36.83635,962.78,273.2,80.7,365.0,-11.46,-0.93,-42.36,113.15,78.47,299.62,312.63,112.52,78.01,298.98,312.63,1.0
2018-08-18 11:32:00,89.55544,36.83641,962.772,273.2,80.7,365.1,-14.68,-0.85,-42.02,113.68,78.4,298.87,312.12,112.45,78.01,298.97,312.68,1.0
2018-08-18 11:32:00,89.55544,36.83646,962.794,273.2,80.7,364.9,-16.69,-0.85,-41.92,112.63,78.33,297.87,312.02,112.42,78.0,299.02,312.75,1.0
2018-08-18 11:32:00,89.55544,36.83652,962.846,273.19,80.6,364.5,-16.95,-0.98,-41.9,112.76,78.26,298.17,312.88,112.41,78.01,299.08,312.79,1.0
2018-08-18 11:32:00,89.55544,36.83658,962.747,273.19,80.7,365.3,-14.69,-0.94,-41.72,113.48,78.33,299.71,312.74,112.4,78.02,299.05,312.78,1.0
2018-08-18 11:32:00,89.55544,36.83664,962.825,273.2,80.7,364.6,-9.81,-0.83,-41.59,113.35,78.33,299.71,312.34,112.4,78.05,299.0,312.74,1.0
2018-08-18 11:32:00,89.55544,36.8367,962.855,273.19,80.7,364.4,-4.83,-0.95,-41.69,112.63,78.33,299.28,313.02,112.39,78.08,298.96,312.72,1.0
2018-08-18 11:32:00,89.55544,36.83675,962.838,273.19,80.7,364.5,-1.58,-1.01,-41.6,113.48,78.19,299.1,312.9,112.41,78.12,299.02,312.78,1.0
2018-08-18 11:32:00,89.55544,36.83681,962.815,273.19,80.7,364.7,-0.54,-0.91,-41.43,114.07,78.47,298.87,312.8,112.45,78.16,299.13,312.82,1.0
2018-08-18 11:32:00,89.55544,36.83687,962.828,273.2,80.7,364.6,-0.96,-0.68,-41.64,112.83,78.19,298.98,312.69,112.54,78.2,299.19,312.79,1.0
2018-08-18 11:32:00,89.55544,36.83692,962.792,273.2,80.7,364.9,-0.91,-0.54,-41.68,112.37,78.4,298.7,312.31,112.68,78.24,299.13,312.84,1.0
2018-08-18 11:32:00,89.55544,36.83698,962.796,273.2,80.7,364.9,-1.02,-0.63,-41.97,113.09,78.26,298.81,312.64,112.87,78.26,299.07,312.88,1.0
2018-08-18 11:32:00,89.55544,36.83701,962.815,273.2,80.7,364.7,-0.78,-0.55,-42.09,112.83,78.26,299.4,312.55,113.09,78.27,299.04,312.89,1.0
2018-08-18 11:32:00,89.55544,36.83705,962.835,273.19,80.7,364.5,0.8,-0.3,-41.98,112.7,78.26,299.54,312.64,113.32,78.25,299.03,312.89,1.0
2018-08-18 11:32:00,89.55544,36.83709,962.849,273.19,80.7,364.4,3.37,0.01,-41.85,112.5,78.19,299.64,312.73,113.51,78.21,299.04,312.89,1.0
2018-08-18 11:32:00,89.55544,36.83713,962.858,273.19,80.7,364.4,2.8,0.29,-42.31,113.61,78.47,299.54,312.65,113.63,78.14,299.03,312.87,1.0
2018-08-18 11:32:00,89.55544,36.83717,962.884,273.19,80.7,364.1,0.43,0.39,-42.87,114.46,78.33,299.83,312.83,113.64,78.05,299.09,312.87,1.0
2018-08-18 11:32:00,89.55544,36.8372,962.838,273.2,80.7,364.5,-1.68,0.34,-44.05,112.96,78.4,299.74,312.84,113.51,77.94,299.13,312.84,1.0
2018-08-18 11:32:00,89.55544,36.83724,962.806,273.2,80.7,364.8,-2.57,0.22,-45.41,112.76,78.26,299.46,312.84,113.26,77.82,299.16,312.81,1.0
2018-08-18 11:32:00,89.55544,36.83728,962.838,273.2,80.7,364.5,-2.75,0.1,-46.59,112.56,78.33,299.52,312.66,112.89,77.7,299.19,312.77,1.0
2018-08-18 11:32:00,89.55544,36.83732,962.757,273.19,80.7,365.2,-4.1,-0.04,-47.41,112.44,78.12,299.04,312.24,112.44,77.59,299.23,312.75,1.0
2018-08-18 11:32:00,89.55544,36.83735,962.79,273.19,80.7,364.9,-6.87,-0.61,-48.44,114.2,78.12,299.33,312.5,111.99,77.5,299.28,312.82,1.0
2018-08-18 11:32:00,89.55545,36.83738,962.869,273.19,80.7,364.3,-7.43,-0.67,-47.99,113.02,78.26,299.29,312.52,111.58,77.43,299.33,312.79,1.0
2018-08-18 11:32:00,89.55545,36.8374,962.92,273.19,80.7,363.8,-6.75,-0.63,-47.25,113.35,78.33,299.74,312.75,111.28,77.4,299.4,312.76,1.0
2018-08-18 11:32:00,89.55545,36.83742,962.925,273.19,80.7,363.8,-5.16,-0.64,-46.53,113.94,78.19,299.73,312.86,111.13,77.41,299.47,312.76,1.0
2018-08-18 11:32:00,89.55545,36.83744,962.925,273.19,80.7,363.8,-2.75,-0.64,-45.68,112.3,78.05,299.52,312.93,111.17,77.47,299.53,312.77,1.0
2018-08-18 11:32:00,89.55545,36.83746,962.964,273.19,80.7,363.5,-0.38,-0.43,-44.83,112.3,77.92,299.29,313.65,111.39,77.56,299.62,312.8,1.0
2018-08-18 11:32:00,89.55545,36.83749,962.915,273.19,80.7,363.9,2.06,-0.37,-43.69,112.3,78.12,299.22,312.61,111.75,77.69,299.63,312.8,1.0
2018-08-18 11:32:00,89.55545,36.83751,962.886,273.19,80.7,364.1,4.57,-0.35,-42.75,112.7,78.12,299.27,312.29,112.21,77.85,299.61,312.78,1.0
2018-08-18 11:32:00,89.55545,36.83753,962.873,273.19,80.7,364.2,3.5,-0.23,-41.95,112.56,78.19,299.27,312.66,112.71,78.01,299.57,312.75,1.0
2018-08-18 11:32:00,89.55545,36.83755,962.83,273.19,80.7,364.6,-2.22,-0.01,-41.38,112.5,78.12,299.44,312.68,113.17,78.17,299.49,312.71,1.0
2018-08-18 11:32:00,89.55545,36.83758,962.933,273.19,80.7,363.7,-4.46,-0.15,-41.92,113.35,78.12,299.61,312.68,113.54,78.3,299.39,312.66,1.0
2018-08-18 11:32:00,89.55545,36.8376,962.96,273.19,80.7,363.5,-6.44,-0.11,-42.64,112.89,78.12,299.52,312.76,113.78,78.4,299.29,312.53,1.0
2018-08-18 11:32:00,89.55545,36.83761,962.958,273.19,80.7,363.5,-3.07,-0.12,-42.5,113.48,77.92,299.25,312.76,113.87,78.43,299.19,312.53,1.0
2018-08-18 11:32:00,89.55545,36.83763,962.96,273.19,80.7,363.5,0.42,0.02,-42.18,112.5,78.19,299.54,312.66,113.82,78.41,299.09,312.55,1.0
2018-08-18 11:32:00,89.55545,36.83764,962.96,273.19,80.7,363.5,2.43,0.24,-42.05,113.48,78.05,299.55,312.66,113.68,78.33,299.03,312.57,1.0
2018-08-18 11:32:00,89.55545,36.83765,962.903,273.19,80.7,364.0,4.54,0.31,-42.13,112.11,78.26,299.55,312.76,113.48,78.19,299.02,312.59,1.0
2018-08-18 11:32:00,89.55545,36.83766,962.918,273.18,80.7,363.9,7.22,0.49,-41.79,113.22,78.26,299.64,312.76,113.29,78.02,299.05,312.63,1.0
2018-08-18 11:32:00,89.55545,36.83768,962.92,273.19,80.7,363.8,8.71,0.52,-40.59,112.96,78.26,299.73,312.76,113.15,77.82,299.12,312.67,1.0
2018-08-18 11:32:00,89.55545,36.83769,962.91,273.19,80.7,363.9,7.83,0.41,-40.79,113.42,78.12,299.45,312.85,113.09,77.62,299.23,312.65,1.0
2018-08-18 11:32:00,89.55545,36.8377,962.924,273.19,80.7,363.8,5.25,0.25,-41.56,113.15,78.12,299.74,312.57,113.14,77.45,299.4,312.58,1.0
2018-08-18 11:32:00,89.55545,36.83772,962.987,273.19,80.7,363.3,2.65,0.08,-41.64,113.02,78.12,299.64,312.77,113.28,77.32,299.6,312.48,1.0
2018-08-18 11:32:00,89.55545,36.83773,962.913,273.19,80.7,363.9,2.14,-0.14,-42.03,112.5,78.05,299.54,312.67,113.48,77.24,299.74,312.38,1.0
2018-08-18 11:32:00,89.55545,36.83774,962.942,273.18,80.7,363.7,2.67,-0.25,-42.67,112.24,78.19,299.74,312.77,113.7,77.24,299.86,312.37,1.0
2018-08-18 11:32:00,89.55545,36.83775,962.979,273.18,80.7,363.4,2.46,-0.23,-43.33,113.35,77.98,299.61,312.44,113.88,77.29,299.91,312.33,1.0
2018-08-18 11:32:00,89.55545,36.83776,962.994,273.19,80.7,363.2,1.81,-0.21,-43.87,112.7,77.92,299.6,311.47,113.97,77.4,299.9,312.28,1.0
2018-08-18 11:32:00,89.55545,36.83779,962.976,273.18,80.7,363.4,1.39,-0.31,-44.24,113.15,77.78,300.04,311.57,113.94,77.55,299.84,312.25,1.0
2018-08-18 11:32:00,89.55545,36.83783,962.914,273.18,80.7,363.9,2.5,-0.47,-44.55,114.0,77.85,299.52,311.88,113.78,77.71,299.75,312.23,1.0
2018-08-18 11:32:00,89.55545,36.83786,962.964,273.18,80.7,363.5,5.68,-0.31,-44.01,112.56,77.85,299.42,312.86,113.5,77.88,299.65,312.2,1.0
2018-08-18 11:32:00,89.55545,36.8379,963.009,273.19,80.7,363.1,8.54,-0.36,-44.32,113.55,78.05,299.54,312.81,113.13,78.03,299.65,312.13,1.0
2018-08-18 11:32:00,89.55546,36.83794,962.995,273.19,80.7,363.2,9.76,-0.33,-44.22,113.48,78.05,299.28,312.77,112.71,78.15,299.69,312.18,1.0
2018-08-18 11:32:00,89.55546,36.83798,962.939,273.19,80.7,363.7,9.71,-0.29,-43.76,112.83,78.12,299.47,312.68,112.31,78.23,299.69,312.33,1.0
2018-08-18 11:32:00,89.55546,36.83801,962.926,273.18,80.7,363.8,9.53,-0.41,-43.58,112.96,78.26,299.47,312.72,111.97,78.27,299.63,312.51,1.0
2018-08-18 11:32:00,89.55546,36.83805,962.949,273.18,80.7,363.6,8.76,-0.2,-43.87,113.28,78.05,299.56,312.35,111.74,78.27,299.66,312.65,1.0
2018-08-18 11:32:00,89.55546,36.83809,962.972,273.18,80.7,363.4,5.02,-0.27,-43.56,112.96,77.85,300.64,311.65,111.65,78.24,299.83,312.68,1.0
2018-08-18 11:32:00,89.55546,36.83812,962.96,273.18,80.7,363.5,1.9,-0.34,-43.07,113.48,77.85,300.67,311.89,111.71,78.19,299.99,312.71,1.0
2018-08-18 11:32:00,89.55546,36.83816,962.944,273.18,80.7,363.6,-0.21,-0.32,-42.22,111.78,78.05,300.35,312.39,111.9,78.13,300.13,312.72,1.0
2018-08-18 11:32:00,89.55546,36.8382,962.983,273.19,80.7,363.3,-1.62,-0.18,-41.2,112.56,78.12,299.46,312.58,112.17,78.08,300.26,312.72,1.0
2018-08-18 11:32:00,89.55546,36.83824,963.002,273.18,80.7,363.2,-1.96,-0.14,-41.5,112.89,78.05,299.58,312.69,112.5,78.03,300.36,312.71,1.0
2018-08-18 11:32:00,89.55546,36.83827,962.981,273.19,80.7,363.3,-1.29,-0.11,-41.11,113.15,77.98,300.79,312.69,112.81,78.0,300.43,312.73,1.0
2018-08-18 11:32:00,89.55546,36.8383,962.957,273.18,80.7,363.5,-1.12,-0.07,-40.9,112.89,78.05,300.19,312.69,113.07,77.98,300.37,312.81,1.0
2018-08-18 11:32:00,89.55546,36.83833,962.963,273.18,80.7,363.5,0.03,0.05,-40.86,112.37,78.05,299.73,312.79,113.23,77.97,300.23,312.86,1.0
2018-08-18 11:32:00,89.55546,36.83836,962.995,273.18,80.7,363.2,1.3,0.06,-40.84,113.94,77.85,299.46,312.78,113.28,77.97,300.1,312.87,1.0
2018-08-18 11:32:00,89.55546,36.8384,963.0,273.19,80.7,363.2,0.15,-0.28,-40.69,112.7,78.12,299.56,312.77,113.2,77.98,300.02,312.89,1.0
2018-08-18 11:32:00,89.55546,36.83843,963.035,273.19,80.7,362.9,-2.58,-0.06,-40.68,113.28,77.98,299.56,312.79,113.02,77.99,299.92,312.92,1.0
2018-08-18 11:32:00,89.55546,36.83846,963.004,273.19,80.7,363.1,-3.79,0.02,-40.38,113.55,78.12,299.56,312.78,112.77,77.99,299.71,312.95,1.0
2018-08-18 11:32:00,89.55546,36.83849,962.997,273.19,80.7,363.2,-3.74,0.04,-40.47,111.72,78.05,299.65,312.78,112.49,77.99,299.57,312.96,1.0
2018-08-18 11:32:00,89.55546,36.83852,963.031,273.19,80.7,362.9,-2.81,0.04,-40.79,112.89,78.05,299.57,312.79,112.23,77.98,299.52,312.97,1.0
2018-08-18 11:32:00,89.55546,36.83856,963.059,273.18,80.7,362.7,-0.81,0.08,-40.89,112.37,77.92,299.48,312.98,112.02,77.96,299.48,312.98,1.0
2018-08-18 11:32:00,89.55546,36.83859,962.965,273.18,80.7,363.5,2.78,0.33,-40.85,113.15,78.05,299.65,312.69,111.92,77.93,299.47,312.97,1.0
2018-08-18 11:32:00,89.55546,36.83862,963.005,273.19,80.7,363.1,6.51,0.49,-40.77,113.74,78.05,299.76,312.69,111.92,77.89,299.49,312.95,1.0
2018-08-18 11:32:00,89.55546,36.83865,963.067,273.19,80.7,362.6,7.07,0.54,-40.85,113.09,77.85,299.3,312.56,112.05,77.84,299.52,312.93,1.0
2018-08-18 11:32:00,89.55546,36.83868,963.096,273.18,80.7,362.4,5.83,0.59,-41.16,111.78,78.05,299.58,312.66,112.28,77.78,299.56,312.9,1.0
2018-08-18 11:32:00,89.55546,36.83874,963.074,273.18,80.7,362.6,4.12,0.68,-41.64,113.02,77.98,299.58,312.77,112.6,77.71,299.6,312.86,1.0
2018-08-18 11:32:00,89.55546,36.83879,963.039,273.18,80.7,362.9,2.24,0.66,-42.05,113.55,77.98,299.57,312.69,112.96,77.65,299.63,312.83,1.0
2018-08-18 11:32:00,89.55546,36.83885,962.992,273.18,80.7,363.2,3.0,0.81,-42.41,111.91,78.05,299.39,312.68,113.33,77.58,299.65,312.82,1.0
2018-08-18 11:32:00,89.55546,36.83891,963.054,273.18,80.7,362.7,2.8,0.8,-43.35,111.58,77.98,299.57,312.88,113.66,77.52,299.73,312.71,1.0
2018-08-18 11:32:00,89.55546,36.83896,963.082,273.18,80.7,362.5,2.31,0.6,-44.36,113.35,78.05,299.57,312.88,113.92,77.48,299.76,312.68,1.0
2018-08-18 11:32:00,89.55546,36.83902,963.049,273.19,80.7,362.8,2.33,0.42,-44.98,113.15,77.92,299.49,312.88,114.08,77.46,299.72,312.71,1.0
2018-08-18 11:32:00,89.55546,36.83908,963.075,273.18,80.7,362.6,3.49,0.55,-44.98,112.96,78.05,299.58,312.79,114.12,77.45,299.68,312.73,1.0
2018-08-18 11:32:00,89.55546,36.83913,963.069,273.18,80.7,362.6,4.73,0.91,-45.4,113.68,77.92,299.69,312.91,114.04,77.48,299.64,312.74,1.0
2018-08-18 11:32:00,89.55546,36.83919,963.078,273.18,80.7,362.5,6.0,0.65,-45.44,112.83,77.71,300.27,311.46,113.87,77.52,299.61,312.73,1.0
2018-08-18 11:32:00,89.55546,36.83924,963.083,273.18,80.7,362.5,7.46,0.67,-45.38,112.96,77.64,300.08,312.18,113.62,77.57,299.6,312.72,1.0
2018-08-18 11:32:00,89.55546,36.83928,963.083,273.18,80.7,362.5,7.99,0.86,-45.42,113.48,77.98,299.48,312.7,113.33,77.64,299.6,312.71,1.0
2018-08-18 11:32:00,89.55547,36.83931,963.09,273.18,80.7,362.4,7.12,0.89,-45.62,112.5,77.98,299.58,312.89,113.03,77.71,299.62,312.73,1.0
2018-08-18 11:32:00,89.55547,36.83935,963.116,273.18,80.7,362.2,6.63,0.58,-45.65,112.83,77.92,299.69,312.78,112.75,77.78,299.66,312.74,1.0
2018-08-18 11:32:00,89.55547,36.83938,963.107,273.18,80.7,362.3,5.79,0.69,-46.5,112.3,77.92,299.69,312.6,112.53,77.84,299.71,312.75,1.0
2018-08-18 11:32:00,89.55547,36.83942,963.076,273.18,80.7,362.6,7.32,0.56,-46.93,113.42,77.71,299.59,312.4,112.38,77.88,299.69,312.87,1.0
2018-08-18 11:32:00,89.55547,36.83945,963.087,273.18,80.7,362.5,8.84,0.52,-47.15,113.22,78.05,299.59,312.57,112.32,77.92,299.77,312.92,1.0
2018-08-18 11:32:00,89.55547,36.83949,963.146,273.18,80.7,362.0,9.19,0.6,-47.3,113.74,77.78,299.78,312.8,112.34,77.94,299.92,312.91,1.0
2018-08-18 11:32:00,89.55547,36.83952,963.116,273.18,80.7,362.2,8.75,0.54,-47.34,112.56,78.05,299.58,313.0,112.42,77.95,299.99,312.92,1.0
2018-08-18 11:32:00,89.55547,36.83955,963.111,273.18,80.7,362.3,7.43,0.56,-47.1,112.96,77.71,299.68,312.9,112.56,77.95,299.97,312.92,1.0
2018-08-18 11:32:00,89.55547,36.83959,963.072,273.18,80.7,362.6,6.09,0.44,-46.9,112.5,78.05,299.5,312.91,112.71,77.94,299.92,312.94,1.0
2018-08-18 11:32:00,89.55547,36.83962,963.035,273.18,80.7,362.9,6.49,0.36,-46.35,112.3,77.85,300.26,312.62,112.87,77.93,299.84,312.96,1.0
2018-08-18 11:32:00,89.55547,36.83966,963.042,273.18,80.7,362.8,7.86,0.39,-45.67,113.15,77.98,300.72,312.66,113.01,77.9,299.75,312.96,1.0
2018-08-18 11:32:00,89.55547,36.83968,963.121,273.18,80.7,362.2,8.19,0.48,-45.18,112.5,77.85,300.2,312.8,113.1,77.86,299.65,312.94,1.0
2018-08-18 11:32:00,89.55547,36.8397,963.151,273.18,80.7,361.9,6.11,0.4,-44.77,112.76,77.71,299.51,312.9,113.14,77.81,299.55,312.92,1.0
2018-08-18 11:32:00,89.55547,36.83973,963.199,273.18,80.7,361.5,6.45,0.33,-44.35,112.89,77.92,299.59,312.71,113.13,77.73,299.47,312.9,1.0
2018-08-18 11:32:00,89.55547,36.83975,963.169,273.17,80.7,361.8,7.69,0.36,-44.43,114.33,77.92,299.59,313.0,113.06,77.64,299.43,312.88,1.0
2018-08-18 11:32:00,89.55547,36.83978,963.111,273.17,80.7,362.3,9.91,0.56,-44.59,113.42,77.92,299.68,313.09,112.95,77.54,299.34,312.89,1.0
2018-08-18 11:32:00,89.55547,36.8398,963.068,273.18,80.7,362.6,11.97,0.82,-44.86,112.63,77.85,299.59,313.09,112.81,77.43,299.28,312.91,1.0
2018-08-18 11:32:00,89.55547,36.83982,962.968,273.17,80.7,363.4,10.85,0.74,-45.9,111.98,77.92,299.5,312.71,112.65,77.32,299.35,312.9,1.0
2018-08-18 11:32:00,89.55547,36.83985,963.103,273.17,80.7,362.3,11.79,0.56,-45.08,113.02,77.92,299.68,312.9,112.48,77.22,299.35,313.01,1.0
2018-08-18 11:32:00,89.55547,36.83987,963.134,273.18,80.7,362.1,9.98,0.73,-44.67,112.3,77.92,299.6,312.82,112.33,77.15,299.4,313.1,1.0
2018-08-18 11:32:00,89.55547,36.8399,963.131,273.18,80.7,362.1,8.28,0.79,-45.06,113.09,77.92,299.69,313.01,112.19,77.11,299.49,313.14,1.0
2018-08-18 11:32:00,89.55547,36.83992,963.144,273.17,80.7,362.0,7.3,0.85,-45.6,113.74,77.78,300.04,312.92,112.09,77.11,299.56,313.14,1.0
2018-08-18 11:32:00,89.55548,36.83994,963.152,273.18,80.7,361.9,6.34,1.2,-45.18,112.63,77.64,300.4,312.79,112.04,77.14,299.6,313.14,1.0
2018-08-18 11:32:00,89.55548,36.83995,963.12,273.18,80.7,362.2,6.02,1.05,-44.87,112.56,77.5,298.33,313.95,112.04,77.21,299.62,313.14,1.0
2018-08-18 11:32:00,89.55548,36.83996,963.118,273.17,80.7,362.2,4.68,1.09,-44.43,112.44,77.64,298.98,313.7,112.09,77.3,299.62,313.15,1.0
2018-08-18 11:32:00,89.55548,36.83997,963.141,273.17,80.7,362.0,3.02,1.11,-43.79,113.28,77.64,299.37,313.1,112.2,77.41,299.59,313.16,1.0
2018-08-18 11:32:00,89.55548,36.83998,963.16,273.17,80.7,361.8,1.56,1.06,-43.32,112.56,77.78,299.41,312.82,112.35,77.51,299.54,313.17,1.0
2018-08-18 11:32:00,89.55548,36.83999,963.149,273.18,80.7,361.9,0.69,0.99,-43.14,113.09,77.71,299.5,313.01,112.55,77.6,299.46,313.2,1.0
2018-08-18 11:32:00,89.55548,36.84,963.112,273.18,80.7,362.3,0.8,0.95,-42.68,113.15,77.98,299.6,312.92,112.78,77.67,299.32,313.23,1.0
2018-08-18 11:32:00,89.55548,36.84001,963.179,273.17,80.7,361.7,0.06,1.17,-42.18,111.65,77.78,299.52,312.9,113.0,77.72,299.33,313.12,1.0
2018-08-18 11:32:00,89.55548,36.84002,963.16,273.17,80.7,361.8,-1.17,1.26,-42.19,112.96,77.71,299.61,313.1,113.2,77.74,299.31,313.03,1.0
2018-08-18 11:32:00,89.55548,36.84002,963.142,273.17,80.7,362.0,-1.41,1.24,-42.02,112.5,77.71,299.52,312.82,113.36,77.75,299.3,312.98,1.0
2018-08-18 11:32:00,89.55548,36.84003,963.181,273.17,80.7,361.7,-0.77,1.25,-41.54,113.28,77.64,299.52,312.92,113.43,77.75,299.3,312.95,1.0
2018-08-18 11:32:00,89.55548,36.84004,963.156,273.17,80.7,361.9,-1.06,1.51,-41.24,112.37,77.71,299.4,312.8,113.42,77.74,299.31,312.91,1.0
2018-08-18 11:32:00,89.55548,36.84005,963.211,273.17,80.7,361.4,-1.84,1.45,-40.93,113.09,77.71,299.3,312.53,113.31,77.73,299.32,312.88,1.0
2018-08-18 11:32:00,89.55548,36.84006,963.19,273.18,80.7,361.6,-2.64,1.34,-40.61,113.02,77.71,299.33,312.77,113.1,77.73,299.33,312.85,1.0
2018-08-18 11:32:00,89.55548,36.84007,963.163,273.18,80.7,361.8,-2.8,1.31,-40.44,112.83,77.64,299.58,312.6,112.81,77.73,299.33,312.82,1.0
2018-08-18 11:32:00,89.55548,36.84008,963.186,273.17,80.7,361.6,-1.24,1.3,-40.41,113.15,77.78,299.61,312.65,112.48,77.73,299.33,312.81,1.0
2018-08-18 11:32:00,89.55548,36.8401,963.226,273.17,80.7,361.3,1.93,1.25,-40.4,112.76,77.71,299.52,312.86,112.13,77.73,299.35,312.8,1.0
2018-08-18 11:32:00,89.55548,36.84011,963.143,273.18,80.7,362.0,3.03,1.42,-40.29,113.48,77.85,299.71,312.92,111.82,77.71,299.46,312.82,1.0
2018-08-18 11:32:00,89.55548,36.84012,963.189,273.18,80.7,361.6,3.43,1.53,-40.09,112.3,77.71,299.52,313.02,111.59,77.69,299.59,312.87,1.0
2018-08-18 11:32:00,89.55548,36.84013,963.189,273.18,80.7,361.6,4.34,1.61,-39.94,112.5,77.71,299.71,313.21,111.46,77.64,299.64,312.93,1.0
2018-08-18 11:32:00,89.55548,36.84014,963.168,273.17,80.7,361.8,5.95,1.65,-39.84,112.7,77.85,299.52,313.03,111.46,77.59,299.66,313.0,1.0
2018-08-18 11:32:00,89.55548,36.84016,963.19,273.18,80.7,361.6,8.12,1.56,-39.84,112.7,77.57,299.8,313.03,111.6,77.53,299.7,313.06,1.0
2018-08-18 11:32:00,89.55548,36.84017,963.207,273.17,80.7,361.5,10.3,1.2,-40.1,112.44,77.71,300.65,312.93,111.87,77.48,299.73,313.11,1.0
2018-08-18 11:32:00,89.55548,36.84018,963.223,273.17,80.7,361.3,11.38,1.25,-39.92,113.15,77.71,300.44,312.83,112.24,77.45,299.83,313.11,1.0
2018-08-18 11:32:00,89.55548,36.84019,963.148,273.18,80.8,362.0,12.48,1.06,-40.05,111.72,77.64,299.79,312.83,112.68,77.44,299.86,313.09,1.0
2018-08-18 11:32:00,89.55548,36.8402,963.111,273.18,80.8,362.3,12.29,0.81,-40.2,112.83,77.85,299.7,312.93,113.12,77.46,299.86,313.05,1.0
2018-08-18 11:32:00,89.55548,36.84021,963.175,273.17,80.8,361.7,10.64,0.62,-40.48,112.5,77.71,299.6,312.94,113.53,77.51,299.84,313.0,1.0
2018-08-18 11:32:00,89.55548,36.84022,963.212,273.17,80.8,361.4,8.35,0.52,-41.2,112.76,77.78,299.55,312.94,113.86,77.59,299.78,312.94,1.0
2018-08-18 11:32:00,89.55548,36.84024,963.212,273.17,80.7,361.4,7.06,0.58,-41.51,112.44,77.5,300.3,312.82,114.06,77.68,299.62,312.88,1.0
2018-08-18 11:32:00,89.55548,36.84023,963.237,273.17,80.8,361.2,5.72,0.61,-41.72,113.02,77.5,299.53,312.83,114.13,77.78,299.47,312.84,1.0
2018-08-18 11:32:00,89.55549,36.84022,963.228,273.17,80.8,361.3,5.65,0.53,-41.58,113.35,77.57,299.54,312.92,114.06,77.86,299.4,312.82,1.0
2018-08-18 11:32:00,89.55549,36.84021,963.196,273.17,80.8,361.5,5.9,0.36,-41.32,113.68,77.78,299.44,313.02,113.87,77.9,299.36,312.82,1.0
2018-08-18 11:32:00,89.55549,36.8402,963.192,273.17,80.8,361.6,6.13,0.17,-41.23,111.72,77.71,299.54,313.12,113.57,77.91,299.34,312.85,1.0
2018-08-18 11:32:00,89.55549,36.8402,963.206,273.17,80.8,361.5,9.61,0.1,-41.51,113.09,77.85,299.54,312.93,113.21,77.87,299.37,312.9,1.0
2018-08-18 11:32:00,89.55549,36.84019,963.198,273.16,80.8,361.5,10.85,-0.01,-41.43,112.3,77.71,299.54,313.03,112.84,77.78,299.35,312.96,1.0
2018-08-18 11:32:00,89.55549,36.84018,963.171,273.17,80.8,361.8,10.96,0.02,-41.1,113.15,77.78,299.44,312.93,112.48,77.66,299.41,313.03,1.0
2018-08-18 11:32:00,89.55549,36.84017,963.161,273.17,80.8,361.8,10.79,0.07,-40.9,113.28,77.78,299.54,312.93,112.19,77.52,299.52,313.08,1.0
2018-08-18 11:33:00,89.55549,36.84016,963.197,273.17,80.8,361.5,10.55,0.14,-40.71,112.56,77.64,299.53,313.03,111.97,77.38,299.64,313.12,1.0
2018-08-18 11:33:00,89.55549,36.84013,963.252,273.17,80.8,361.1,9.65,0.39,-39.81,113.28,77.71,299.52,312.83,111.85,77.26,299.74,313.13,1.0
2018-08-18 11:33:00,89.55549,36.8401,963.287,273.17,80.8,360.8,6.12,0.37,-39.38,112.11,77.78,299.53,312.93,111.82,77.17,299.81,313.12,1.0
2018-08-18 11:33:00,89.55549,36.84007,963.277,273.17,80.8,360.9,4.79,0.39,-38.39,113.68,77.78,299.63,313.03,111.85,77.13,299.85,313.09,1.0
2018-08-18 11:33:00,89.55549,36.84004,963.278,273.17,80.8,360.9,4.85,0.55,-37.43,113.15,77.43,299.56,313.22,111.94,77.13,299.83,313.04,1.0
2018-08-18 11:33:00,89.55549,36.84001,963.265,273.17,80.8,361.0,6.1,0.76,-36.71,112.3,77.5,299.39,312.83,112.06,77.18,299.78,312.99,1.0
2018-08-18 11:33:00,89.55549,36.83998,963.152,273.17,80.8,361.9,8.22,0.88,-36.3,111.0,77.43,299.57,312.82,112.17,77.27,299.68,312.94,1.0
2018-08-18 11:33:00,89.5555,36.83995,963.222,273.17,80.8,361.3,9.18,1.4,-36.51,112.11,77.71,299.3,312.84,112.27,77.39,299.58,312.94,1.0
2018-08-18 11:33:00,89.5555,36.83992,963.235,273.17,80.8,361.2,6.66,1.33,-36.57,113.68,77.71,299.46,312.93,112.33,77.51,299.45,312.9,1.0
2018-08-18 11:33:00,89.5555,36.83989,963.258,273.17,80.8,361.0,5.12,1.66,-36.52,113.09,77.64,299.35,313.23,112.36,77.63,299.32,312.86,1.0
2018-08-18 11:33:00,89.5555,36.83986,963.279,273.17,80.8,360.9,4.45,2.1,-36.58,112.63,77.57,299.54,312.93,112.36,77.71,299.21,312.82,1.0
2018-08-18 11:33:00,89.5555,36.83983,963.263,273.17,80.8,361.0,3.67,2.32,-36.87,113.74,77.71,299.49,313.36,112.35,77.77,299.13,312.79,1.0
2018-08-18 11:33:00,89.5555,36.8398,963.256,273.17,80.8,361.1,2.3,2.35,-37.16,112.37,77.36,299.86,313.75,112.34,77.78,299.1,312.78,1.0
2018-08-18 11:33:00,89.5555,36.83977,963.245,273.16,80.8,361.1,0.46,2.98,-37.21,111.91,77.78,299.58,312.95,112.35,77.75,299.16,312.83,1.0
2018-08-18 11:33:00,89.5555,36.83975,963.234,273.17,80.8,361.2,2.23,2.65,-37.11,113.02,77.71,299.73,312.74,112.39,77.69,299.3,312.9,1.0
2018-08-18 11:33:00,89.5555,36.83973,963.243,273.17,80.8,361.2,4.63,2.5,-37.25,112.76,77.71,299.54,313.03,112.46,77.59,299.43,312.92,1.0
2018-08-18 11:33:00,89.5555,36.83971,963.247,273.16,80.8,361.1,6.77,2.61,-37.4,111.39,77.64,299.54,313.04,112.57,77.49,299.51,312.91,1.0
2018-08-18 11:33:00,89.5555,36.83969,963.178,273.16,80.8,361.7,9.58,2.34,-37.05,112.5,77.64,299.79,313.02,112.69,77.38,299.6,312.89,1.0
2018-08-18 11:33:00,89.5555,36.83967,963.198,273.17,80.8,361.5,11.47,2.42,-37.69,113.09,77.57,299.98,313.67,112.82,77.28,299.64,312.83,1.0
2018-08-18 11:33:00,89.5555,36.83965,963.246,273.16,80.8,361.1,11.61,2.51,-39.06,112.5,77.43,300.42,313.71,112.94,77.2,299.68,312.86,1.0
2018-08-18 11:33:00,89.5555,36.83963,963.31,273.16,80.8,360.6,11.3,2.43,-40.2,113.09,77.64,299.89,313.41,113.04,77.16,299.71,312.92,1.0
2018-08-18 11:33:00,89.5555,36.83961,963.337,273.17,80.8,360.4,10.76,2.48,-41.08,113.28,77.5,299.25,313.05,113.1,77.14,299.73,313.02,1.0
2018-08-18 11:33:00,89.5555,36.83959,963.276,273.16,80.8,360.9,9.71,2.79,-41.84,112.17,77.78,299.44,312.94,113.12,77.17,299.7,313.13,1.0
2018-08-18 11:33:00,89.5555,36.83957,963.285,273.16,80.8,360.8,7.68,2.56,-42.26,113.09,77.57,299.54,312.84,113.13,77.23,299.54,313.23,1.0
2018-08-18 11:33:00,89.5555,36.83955,963.284,273.16,80.8,360.8,4.26,2.39,-42.37,112.24,77.71,299.3,313.0,113.12,77.32,299.41,313.2,1.0
2018-08-18 11:33:00,89.5555,36.83953,963.293,273.16,80.8,360.8,3.32,2.24,-42.69,112.5,77.43,299.54,313.43,113.13,77.43,299.26,313.15,1.0
2018-08-18 11:33:00,89.5555,36.83956,963.318,273.16,80.8,360.5,4.34,2.16,-43.11,113.15,77.43,299.77,313.29,113.18,77.55,299.17,313.13,1.0
2018-08-18 11:33:00,89.5555,36.83961,963.339,273.17,80.8,360.4,6.14,2.19,-43.56,111.32,77.43,299.4,313.53,113.27,77.67,299.15,313.15,1.0
2018-08-18 11:33:00,89.5555,36.83967,963.289,273.16,80.7,360.8,7.55,2.31,-44.01,113.42,77.43,298.33,313.51,113.42,77.79,299.17,313.17,1.0
2018-08-18 11:33:00,89.5555,36.83973,963.276,273.16,80.7,360.9,7.48,2.38,-44.01,113.28,77.5,299.16,312.92,113.6,77.89,299.22,313.18,1.0
2018-08-18 11:33:00,89.5555,36.83979,963.294,273.16,80.8,360.7,11.62,2.45,-43.53,112.63,77.5,299.54,312.83,113.81,77.97,299.3,313.17,1.0
2018-08-18 11:33:00,89.5555,36.83984,963.304,273.16,80.8,360.7,13.58,2.37,-43.27,112.96,77.85,299.54,312.83,114.01,78.02,299.37,313.15,1.0
2018-08-18 11:33:00,89.5555,36.8399,963.304,273.16,80.8,360.7,12.85,2.1,-43.2,113.28,77.71,299.55,312.93,114.15,78.06,299.42,313.12,1.0
2018-08-18 11:33:00,89.5555,36.83996,963.319,273.16,80.7,360.5,11.22,1.69,-43.1,112.76,77.64,299.46,313.04,114.22,78.08,299.5,313.09,1.0
2018-08-18 11:33:00,89.5555,36.84002,963.311,273.16,80.7,360.6,9.56,1.58,-43.21,112.37,77.64,299.47,313.03,114.19,78.08,299.67,313.06,1.0
2018-08-18 11:33:00,89.5555,36.84008,963.359,273.17,80.7,360.2,8.08,1.15,-42.79,111.91,77.64,299.55,312.74,114.05,78.08,299.74,313.09,1.0
2018-08-18 11:33:00,89.5555,36.84013,963.346,273.17,80.7,360.3,7.56,1.01,-42.03,113.55,77.57,299.36,312.85,113.82,78.08,299.78,313.13,1.0
2018-08-18 11:33:00,89.5555,36.84019,963.304,273.16,80.7,360.7,6.34,0.99,-41.29,113.09,77.64,299.37,312.98,113.51,78.08,299.8,313.17,1.0
2018-08-18 11:33:00,89.5555,36.84023,963.306,273.16,80.7,360.6,4.22,0.91,-40.53,113.35,77.5,299.38,313.18,113.19,78.08,299.79,313.2,1.0
2018-08-18 11:33:00,89.5555,36.84026,963.292,273.16,80.7,360.8,4.31,0.86,-38.81,114.07,77.64,299.56,312.94,112.89,78.09,299.78,313.22,1.0
2018-08-18 11:33:00,89.5555,36.84028,963.318,273.16,80.7,360.5,5.29,0.97,-37.88,112.89,77.85,299.46,312.95,112.68,78.09,299.76,313.23,1.0
2018-08-18 11:33:00,89.5555,36.8403,963.336,273.16,80.7,360.4,6.4,0.88,-37.7,112.89,77.71,299.47,313.14,112.59,78.09,299.74,313.23,1.0
2018-08-18 11:33:00,89.5555,36.84033,963.335,273.16,80.7,360.4,6.97,0.85,-37.68,112.76,77.64,299.56,313.04,112.65,78.08,299.73,313.22,1.0
2018-08-18 11:33:00,89.5555,36.84035,963.313,273.16,80.7,360.6,7.28,0.87,-37.71,112.7,77.85,299.56,313.04,112.85,78.05,299.73,313.19,1.0
2018-08-18 11:33:00,89.5555,36.84038,963.268,273.16,80.7,361.0,8.22,0.73,-37.99,112.5,77.64,299.38,312.85,113.18,78.0,299.74,313.15,1.0
2018-08-18 11:33:00,89.5555,36.8404,963.277,273.16,80.7,360.9,8.3,0.76,-38.81,112.3,77.85,299.47,312.95,113.59,77.93,299.76,313.13,1.0
2018-08-18 11:33:00,89.5555,36.84043,963.269,273.15,80.7,360.9,9.6,0.92,-39.72,112.96,77.64,299.75,312.96,114.03,77.84,299.79,313.1,1.0
2018-08-18 11:33:00,89.5555,36.84045,963.265,273.15,80.7,361.0,9.93,0.9,-40.38,113.35,77.85,299.38,312.96,114.42,77.74,299.83,313.07,1.0
2018-08-18 11:33:00,89.5555,36.84048,963.293,273.15,80.7,360.7,9.22,0.84,-40.86,113.74,77.64,299.56,312.86,114.73,77.64,299.87,313.04,1.0
2018-08-18 11:33:00,89.5555,36.8405,963.365,273.15,80.7,360.2,8.09,0.92,-41.25,113.35,77.78,299.66,312.95,114.9,77.55,299.9,313.02,1.0
2018-08-18 11:33:00,89.5555,36.84052,963.345,273.15,80.7,360.3,7.18,0.96,-41.38,112.56,77.71,299.56,313.05,114.93,77.49,299.92,313.0,1.0
2018-08-18 11:33:00,89.5555,36.84055,963.331,273.15,80.7,360.4,6.3,1.34,-41.3,113.35,77.85,299.38,312.95,114.8,77.47,299.93,312.98,1.0
2018-08-18 11:33:00,89.5555,36.84057,963.303,273.15,80.7,360.7,7.2,1.38,-41.39,112.83,77.64,299.56,312.92,114.56,77.48,299.92,312.97,1.0
2018-08-18 11:33:00,89.5555,36.84059,963.303,273.15,80.7,360.7,8.19,1.36,-41.39,113.68,77.64,299.65,312.82,114.23,77.53,299.9,312.95,1.0
2018-08-18 11:33:00,89.55551,36.84061,963.356,273.15,80.7,360.2,7.98,1.38,-41.31,113.09,77.64,299.56,313.05,113.85,77.62,299.86,312.94,1.0
2018-08-18 11:33:00,89.55551,36.84063,963.34,273.15,80.7,360.4,6.37,1.14,-41.52,113.87,77.64,299.56,312.96,113.47,77.73,299.81,312.93,1.0
2018-08-18 11:33:00,89.55551,36.84065,963.318,273.14,80.7,360.5,6.07,1.11,-41.14,113.68,77.71,299.74,312.96,113.12,77.85,299.76,312.92,1.0
2018-08-18 11:33:00,89.55551,36.84067,963.335,273.14,80.7,360.4,5.01,1.12,-40.36,113.48,77.64,299.66,313.05,112.82,77.96,299.7,312.99,1.0
2018-08-18 11:33:00,89.55551,36.84069,963.37,273.14,80.7,360.1,4.59,1.11,-39.49,112.83,77.85,299.66,313.05,112.57,78.05,299.65,313.03,1.0
2018-08-18 11:33:00,89.55551,36.84071,963.391,273.14,80.7,359.9,5.73,1.16,-38.84,113.15,77.64,299.56,313.05,112.36,78.1,299.61,313.03,1.0
2018-08-18 11:33:00,89.55551,36.84073,963.351,273.14,80.7,360.3,7.89,1.37,-38.82,112.96,77.71,299.65,312.85,112.17,78.11,299.58,313.04,1.0
2018-08-18 11:33:00,89.55551,36.84075,963.316,273.15,80.7,360.6,9.83,1.31,-39.82,113.09,77.85,299.67,313.04,111.99,78.07,299.56,313.05,1.0
2018-08-18 11:33:00,89.55551,36.84077,963.356,273.14,80.7,360.2,10.82,1.48,-40.74,113.68,77.71,299.67,313.76,111.8,77.99,299.56,313.06,1.0
2018-08-18 11:33:00,89.55551,36.84081,963.37,273.14,80.7,360.1,9.59,1.56,-41.37,111.91,77.85,299.67,313.39,111.6,77.88,299.57,313.08,1.0
2018-08-18 11:33:00,89.55551,36.84086,963.352,273.14,80.7,360.3,7.63,1.62,-41.9,113.48,77.85,299.67,312.85,111.41,77.76,299.58,313.1,1.0
2018-08-18 11:33:00,89.55551,36.8409,963.335,273.14,80.7,360.4,6.58,1.7,-42.09,113.15,77.71,299.76,313.04,111.24,77.64,299.61,313.12,1.0
2018-08-18 11:33:00,89.55551,36.84094,963.295,273.14,80.7,360.7,7.26,1.66,-40.63,113.68,77.57,299.67,313.04,111.12,77.55,299.7,313.14,1.0
2018-08-18 11:33:00,89.55551,36.84099,963.34,273.13,80.7,360.4,8.1,1.36,-39.81,113.55,77.92,299.48,312.85,111.09,77.48,299.72,313.16,1.0
2018-08-18 11:33:00,89.55551,36.84103,963.353,273.13,80.7,360.3,9.42,1.53,-39.49,113.09,77.85,299.86,313.06,111.15,77.46,299.72,313.09,1.0
2018-08-18 11:33:00,89.55551,36.84108,963.353,273.13,80.7,360.2,10.99,1.79,-39.56,112.11,77.71,299.58,312.97,111.32,77.48,299.71,313.05,1.0
2018-08-18 11:33:00,89.55551,36.84112,963.36,273.14,80.7,360.2,12.59,1.95,-39.85,112.5,77.64,299.54,312.89,111.59,77.54,299.68,313.05,1.0
2018-08-18 11:33:00,89.55551,36.84117,963.361,273.13,80.7,360.2,13.86,1.99,-40.22,112.3,77.64,300.36,313.07,111.95,77.62,299.66,313.04,1.0
2018-08-18 11:33:00,89.55551,36.84121,963.379,273.13,80.7,360.0,13.49,2.01,-40.85,112.56,77.71,299.44,313.08,112.36,77.72,299.63,313.02,1.0
2018-08-18 11:33:00,89.55551,36.84125,963.358,273.13,80.7,360.2,11.53,2.32,-41.63,112.7,77.64,299.67,312.86,112.78,77.82,299.61,313.0,1.0
2018-08-18 11:33:00,89.55551,36.8413,963.36,273.13,80.7,360.2,9.67,2.34,-41.49,112.7,77.71,299.67,312.86,113.18,77.91,299.59,312.98,1.0
2018-08-18 11:33:00,89.55551,36.84135,963.373,273.14,80.7,360.1,7.78,2.14,-40.84,112.89,77.71,299.48,312.96,113.53,77.98,299.58,312.97,1.0
2018-08-18 11:33:00,89.55551,36.84141,963.324,273.14,80.7,360.5,5.32,2.01,-40.31,112.5,77.78,299.58,312.86,113.8,78.02,299.56,312.95,1.0
2018-08-18 11:33:00,89.55551,36.84146,963.368,273.13,80.7,360.1,4.42,1.96,-40.26,113.22,77.78,299.58,312.96,114.01,78.05,299.5,312.94,1.0
2018-08-18 11:33:00,89.55551,36.84151,963.372,273.13,80.7,360.1,6.06,1.63,-39.78,113.28,77.78,299.67,313.05,114.15,78.05,299.5,312.94,1.0
2018-08-18 11:33:00,89.55551,36.84157,963.388,273.13,80.7,360.0,7.15,1.6,-39.67,113.35,77.71,299.67,313.24,114.25,78.04,299.51,312.94,1.0
2018-08-18 11:33:00,89.55551,36.84162,963.408,273.13,80.7,359.8,8.28,1.73,-39.68,112.83,77.92,299.49,313.06,114.32,78.03,299.58,312.94,1.0
2018-08-18 11:33:00,89.55551,36.84167,963.409,273.13,80.7,359.8,9.01,1.83,-40.37,113.42,77.85,299.58,313.07,114.38,78.01,299.67,312.93,1.0
2018-08-18 11:33:00,89.55551,36.84173,963.375,273.13,80.7,360.1,7.77,1.82,-43.15,112.76,77.71,299.68,312.97,114.43,77.98,299.72,312.95,1.0
2018-08-18 11:33:00,89.55551,36.84178,963.39,273.13,80.7,359.9,7.58,1.87,-44.18,112.37,77.85,299.78,313.07,114.47,77.96,299.71,312.95,1.0
2018-08-18 11:33:00,89.55551,36.84183,963.403,273.13,80.7,359.8,5.18,1.88,-44.63,113.15,77.64,299.59,312.88,114.49,77.93,299.68,312.96,1.0
2018-08-18 11:33:00,89.55551,36.84189,963.406,273.13,80.7,359.8,1.6,1.89,-44.81,111.91,77.78,300.17,312.89,114.45,77.88,299.65,312.96,1.0
2018-08-18 11:33:00,89.55551,36.84194,963.419,273.13,80.7,359.7,-1.12,1.8,-44.97,113.09,77.71,300.62,312.64,114.34,77.82,299.62,312.95,1.0
2018-08-18 11:33:00,89.55551,36.84202,963.478,273.13,80.7,359.2,-1.29,1.51,-45.27,114.14,77.92,300.33,312.88,114.14,77.73,299.6,312.93,1.0
2018-08-18 11:33:00,89.55551,36.8421,963.377,273.13,80.7,360.1,0.18,1.4,-45.76,114.27,77.71,299.6,313.07,113.83,77.62,299.58,312.91,1.0
2018-08-18 11:33:00,89.55551,36.84218,963.391,273.13,80.7,359.9,1.31,1.65,-46.22,113.55,77.85,299.68,312.97,113.42,77.5,299.57,313.0,1.0
2018-08-18 11:33:00,89.55551,36.84226,963.407,273.13,80.7,359.8,3.07,1.81,-46.61,112.83,77.92,299.58,313.26,112.94,77.38,299.57,313.1,1.0
2018-08-18 11:33:00,89.55551,36.84234,963.388,273.13,80.7,360.0,4.16,1.89,-47.02,113.42,77.71,299.67,312.88,112.42,77.26,299.58,313.2,1.0
2018-08-18 11:33:00,89.55551,36.84242,963.356,273.13,80.7,360.2,4.26,1.89,-47.43,112.7,77.85,299.4,312.88,111.91,77.17,299.6,313.27,1.0
2018-08-18 11:33:00,89.55551,36.8425,963.461,273.13,80.7,359.4,5.89,1.68,-47.66,113.28,77.71,299.6,312.9,111.47,77.13,299.55,313.25,1.0
2018-08-18 11:33:00,89.55551,36.84258,963.38,273.12,80.7,360.0,4.46,1.53,-47.86,113.09,77.92,299.41,314.18,111.14,77.13,299.56,313.23,1.0
2018-08-18 11:33:00,89.55551,36.84266,963.4,273.13,80.7,359.9,1.93,1.52,-47.67,113.35,77.64,299.6,314.38,110.97,77.19,299.57,313.22,1.0
2018-08-18 11:33:00,89.55551,36.84274,963.433,273.13,80.7,359.6,-0.69,1.33,-47.74,112.56,77.43,300.19,314.25,110.98,77.3,299.57,313.21,1.0
2018-08-18 11:33:00,89.55551,36.84282,963.384,273.12,80.7,360.0,-3.13,0.87,-48.39,112.56,77.5,300.42,313.75,111.17,77.44,299.57,313.22,1.0
2018-08-18 11:33:00,89.55551,36.8429,963.379,273.12,80.7,360.0,-5.28,0.66,-48.92,113.15,77.64,299.41,312.68,111.51,77.62,299.57,313.23,1.0
2018-08-18 11:33:00,89.55551,36.84293,963.4,273.12,80.7,359.9,-5.2,0.79,-48.85,112.5,77.71,299.41,313.06,111.99,77.79,299.57,313.25,1.0
2018-08-18 11:33:00,89.55551,36.84295,963.39,273.12,80.7,359.9,-1.43,0.6,-48.41,112.89,77.71,299.5,312.96,112.54,77.94,299.58,313.16,1.0
2018-08-18 11:33:00,89.55551,36.84297,963.4,273.12,80.7,359.9,2.51,0.51,-47.75,112.24,77.64,299.41,313.06,113.12,78.06,299.59,313.07,1.0
2018-08-18 11:33:00,89.55551,36.84299,963.411,273.13,80.7,359.8,5.26,0.42,-47.28,113.42,77.71,299.5,313.07,113.68,78.13,299.55,312.98,1.0
2018-08-18 11:33:00,89.55551,36.84301,963.394,273.12,80.7,359.9,5.9,0.23,-47.1,112.76,77.85,299.6,312.97,114.16,78.15,299.48,312.94,1.0
2018-08-18 11:33:00,89.55551,36.84303,963.436,273.12,80.7,359.6,3.28,0.05,-46.5,113.09,77.71,299.6,312.89,114.55,78.12,299.5,312.95,1.0
2018-08-18 11:33:00,89.55551,36.84305,963.402,273.12,80.7,359.8,2.76,-0.0,-46.02,113.28,77.92,299.6,312.99,114.8,78.05,299.52,312.96,1.0
2018-08-18 11:33:00,89.55551,36.84307,963.435,273.13,80.7,359.6,3.46,-0.0,-45.33,112.7,77.71,299.6,312.88,114.91,77.96,299.52,312.95,1.0
2018-08-18 11:33:00,89.55551,36.84309,963.453,273.13,80.7,359.4,4.4,0.06,-44.95,112.83,77.78,299.42,312.88,114.87,77.86,299.52,312.92,1.0
2018-08-18 11:33:00,89.55551,36.84311,963.408,273.13,80.7,359.8,4.4,0.09,-45.09,112.96,77.71,299.7,312.98,114.7,77.76,299.52,312.88,1.0
2018-08-18 11:33:00,89.55551,36.84313,963.409,273.12,80.7,359.8,2.3,-0.05,-45.66,113.48,77.78,299.5,312.89,114.41,77.69,299.5,312.83,1.0
2018-08-18 11:33:00,89.55551,36.84315,963.423,273.13,80.7,359.7,-0.87,-0.26,-46.82,113.28,77.71,299.42,312.79,114.01,77.64,299.49,312.77,1.0
2018-08-18 11:33:00,89.55551,36.84317,963.466,273.12,80.7,359.3,-2.78,-0.24,-46.41,113.68,77.71,299.7,313.08,113.54,77.61,299.49,312.72,1.0
2018-08-18 11:33:00,89.55551,36.84319,963.455,273.12,80.7,359.4,-3.48,-0.31,-45.81,113.09,77.71,299.7,312.89,113.02,77.61,299.49,312.68,1.0
2018-08-18 11:33:00,89.55551,36.84321,963.416,273.12,80.7,359.7,-2.31,-0.41,-45.01,112.96,77.64,299.69,313.18,112.5,77.61,299.5,312.66,1.0
2018-08-18 11:33:00,89.55551,36.84324,963.451,273.12,80.7,359.4,1.25,-0.34,-43.74,113.35,77.85,299.41,312.9,112.0,77.62,299.54,312.66,1.0
2018-08-18 11:33:00,89.55551,36.84327,963.408,273.12,80.7,359.8,7.24,-0.14,-43.26,113.22,77.64,299.61,312.89,111.56,77.63,299.66,312.68,1.0
2018-08-18 11:33:00,89.55551,36.8433,963.438,273.12,80.7,359.5,12.8,-0.2,-42.33,113.35,77.71,299.52,312.99,111.21,77.62,299.76,312.71,1.0
2018-08-18 11:33:00,89.55551,36.84333,963.458,273.12,80.7,359.4,14.04,0.01,-42.38,112.96,77.92,299.52,312.89,110.97,77.59,299.85,312.82,1.0
2018-08-18 11:33:00,89.55551,36.84336,963.456,273.11,80.7,359.4,11.54,0.32,-42.6,113.35,77.71,299.52,312.9,110.87,77.55,299.94,312.93,1.0
2018-08-18 11:33:00,89.55551,36.84339,963.45,273.12,80.7,359.4,7.35,0.55,-42.3,112.76,77.78,299.65,313.1,110.9,77.5,300.01,312.98,1.0
2018-08-18 11:33:00,89.55551,36.84342,963.478,273.12,80.8,359.2,4.25,0.73,-41.72,112.5,77.71,300.57,312.92,111.06,77.46,299.97,313.0,1.0
2018-08-18 11:33:00,89.55551,36.84345,963.434,273.12,80.8,359.6,4.11,0.99,-41.31,112.24,77.71,300.4,312.82,111.32,77.42,299.93,312.99,1.0
2018-08-18 11:33:00,89.55551,36.84348,963.427,273.12,80.8,359.6,4.6,1.23,-41.49,112.3,77.57,300.27,313.65,111.67,77.39,299.87,312.98,1.0
2018-08-18 11:33:00,89.55551,36.84351,963.446,273.12,80.8,359.5,4.43,1.25,-41.97,112.56,77.57,300.32,313.6,112.06,77.38,299.82,312.96,1.0
2018-08-18 11:33:00,89.55551,36.84353,963.465,273.12,80.8,359.3,3.49,1.14,-42.64,113.35,77.57,299.99,313.1,112.46,77.39,299.78,312.93,1.0
2018-08-18 11:33:00,89.55551,36.84355,963.447,273.11,80.8,359.5,2.58,1.2,-43.63,113.28,77.85,299.71,312.8,112.83,77.41,299.75,312.91,1.0
2018-08-18 11:33:00,89.55551,36.84357,963.441,273.12,80.8,359.5,1.02,0.79,-44.41,113.15,77.78,299.62,312.99,113.13,77.45,299.69,312.9,1.0
2018-08-18 11:33:00,89.55551,36.84359,963.43,273.12,80.8,359.6,1.14,1.03,-44.89,112.17,77.71,299.62,313.09,113.37,77.5,299.67,312.9,1.0
2018-08-18 11:33:00,89.55551,36.84361,963.436,273.12,80.8,359.6,2.25,1.07,-45.16,112.5,77.64,299.64,312.71,113.51,77.56,299.67,312.84,1.0
2018-08-18 11:33:00,89.55551,36.84363,963.463,273.12,80.8,359.3,3.12,1.11,-44.95,112.76,77.5,299.34,312.81,113.58,77.61,299.66,312.81,1.0
2018-08-18 11:33:00,89.55551,36.84365,963.497,273.12,80.8,359.1,2.61,1.44,-44.06,112.5,77.5,299.43,312.62,113.58,77.66,299.64,312.82,1.0
2018-08-18 11:33:00,89.55551,36.84367,963.451,273.12,80.8,359.4,-0.17,1.82,-42.67,113.81,77.78,299.62,312.9,113.53,77.7,299.64,312.84,1.0
2018-08-18 11:33:00,89.55552,36.84369,963.437,273.12,80.8,359.6,-1.88,1.66,-41.87,113.15,77.64,299.72,312.98,113.45,77.74,299.65,312.84,1.0
2018-08-18 11:33:00,89.55552,36.84371,963.419,273.12,80.8,359.7,-3.27,1.85,-40.81,112.17,77.71,299.73,312.98,113.37,77.76,299.61,312.81,1.0
2018-08-18 11:33:00,89.55552,36.84372,963.432,273.12,80.8,359.6,-3.65,2.02,-40.58,112.3,77.71,299.63,313.02,113.3,77.77,299.55,312.77,1.0
2018-08-18 11:33:00,89.55552,36.84374,963.485,273.12,80.8,359.2,-4.0,1.97,-41.36,112.96,77.78,299.19,313.11,113.24,77.76,299.45,312.7,1.0
2018-08-18 11:33:00,89.55552,36.84377,963.468,273.12,80.8,359.3,-7.09,1.96,-41.69,113.28,77.5,298.89,312.87,113.21,77.74,299.32,312.63,1.0
2018-08-18 11:33:00,89.55552,36.84382,963.462,273.12,80.8,359.3,-8.41,1.82,-41.67,114.33,77.71,299.47,312.89,113.19,77.69,299.2,312.56,1.0
2018-08-18 11:33:00,89.55551,36.84386,963.447,273.12,80.8,359.5,-9.86,1.68,-41.72,112.37,77.71,299.45,312.79,113.18,77.61,299.1,312.51,1.0
2018-08-18 11:33:00,89.55551,36.8439,963.458,273.12,80.8,359.4,-9.24,1.5,-41.78,112.7,77.64,299.64,312.79,113.16,77.51,299.04,312.49,1.0
2018-08-18 11:33:00,89.55551,36.84395,963.469,273.12,80.8,359.3,-6.37,1.31,-42.05,112.5,77.64,299.65,312.9,113.14,77.39,299.03,312.49,1.0
2018-08-18 11:33:00,89.55551,36.84399,963.415,273.12,80.8,359.7,-2.75,1.18,-42.68,112.7,77.64,299.65,312.81,113.09,77.26,299.08,312.51,1.0
2018-08-18 11:33:00,89.55551,36.84404,963.509,273.12,80.8,359.0,-2.76,1.22,-43.14,112.3,77.71,299.56,312.89,113.01,77.13,299.21,312.59,1.0
2018-08-18 11:33:00,89.55551,36.84408,963.478,273.12,80.8,359.2,-5.19,1.12,-43.71,113.94,77.64,299.65,312.9,112.92,77.02,299.26,312.73,1.0
2018-08-18 11:33:00,89.55551,36.84412,963.442,273.12,80.8,359.5,-7.08,1.06,-44.04,113.28,77.71,299.74,312.9,112.81,76.95,299.42,312.78,1.0
2018-08-18 11:33:00,89.55551,36.84417,963.418,273.12,80.8,359.7,-7.59,1.02,-44.38,112.37,77.57,299.65,313.0,112.72,76.93,299.61,312.81,1.0
2018-08-18 11:33:00,89.55551,36.84421,963.398,273.12,80.8,359.9,-7.11,1.05,-44.74,113.74,77.64,299.46,312.91,112.65,76.96,299.74,312.85,1.0
2018-08-18 11:33:00,89.55551,36.84426,963.479,273.12,80.8,359.2,-7.48,1.39,-44.42,113.28,77.64,299.32,312.93,112.63,77.06,299.75,312.86,1.0
2018-08-18 11:33:00,89.55551,36.84429,963.507,273.12,80.8,359.0,-8.59,1.21,-43.89,112.04,77.43,298.79,313.01,112.67,77.22,299.72,312.83,1.0
2018-08-18 11:33:00,89.55551,36.84433,963.491,273.12,80.8,359.1,-8.49,1.15,-43.52,111.98,77.36,299.66,312.16,112.78,77.42,299.65,312.77,1.0
2018-08-18 11:33:00,89.55551,36.84436,963.477,273.12,80.8,359.2,-6.51,1.25,-43.27,113.74,77.23,300.37,311.95,112.95,77.65,299.56,312.7,1.0
2018-08-18 11:33:00,89.55551,36.84439,963.477,273.12,80.8,359.2,-2.84,1.35,-43.2,113.15,77.64,300.14,312.42,113.19,77.89,299.48,312.64,1.0
2018-08-18 11:33:00,89.55551,36.84443,963.449,273.12,80.8,359.5,1.03,1.21,-43.38,113.22,77.5,299.46,313.02,113.46,78.11,299.42,312.59,1.0
2018-08-18 11:33:00,89.55551,36.84446,963.425,273.12,80.8,359.6,0.84,1.33,-43.56,112.37,77.71,299.56,312.81,113.74,78.3,299.41,312.57,1.0
2018-08-18 11:33:00,89.55551,36.8445,963.465,273.12,80.8,359.3,1.17,1.18,-43.51,112.56,77.64,299.56,312.81,113.97,78.44,299.51,312.54,1.0
2018-08-18 11:33:00,89.55551,36.84453,963.464,273.12,80.8,359.3,0.48,1.02,-43.29,112.56,77.64,299.65,312.91,114.13,78.52,299.54,312.65,1.0
2018-08-18 11:33:00,89.55551,36.84456,963.445,273.12,80.8,359.5,0.01,0.92,-42.98,113.15,77.64,299.37,312.92,114.18,78.54,299.57,312.79,1.0
2018-08-18 11:33:00,89.55551,36.8446,963.492,273.12,80.8,359.1,0.27,0.89,-42.56,113.55,77.71,299.65,312.91,114.08,78.51,299.65,312.91,1.0
2018-08-18 11:33:00,89.55551,36.84463,963.552,273.12,80.8,358.6,-2.38,0.93,-41.8,113.48,77.78,299.65,312.92,113.83,78.44,299.8,313.02,1.0
2018-08-18 11:33:00,89.55551,36.84467,963.509,273.11,80.8,359.0,-0.95,1.1,-41.03,113.74,77.71,299.66,312.81,113.44,78.35,299.93,313.12,1.0
2018-08-18 11:33:00,89.55551,36.8447,963.53,273.12,80.8,358.8,1.37,1.32,-40.65,113.15,77.85,299.4,312.82,112.92,78.25,300.01,313.17,1.0
2018-08-18 11:33:00,89.55551,36.84471,963.565,273.12,80.8,358.5,2.39,1.56,-40.57,112.3,77.71,299.49,312.82,112.32,78.15,300.04,313.18,1.0
2018-08-18 11:33:00,89.55551,36.84472,963.541,273.12,80.8,358.7,1.76,1.75,-40.64,112.96,77.64,299.48,312.81,111.71,78.08,300.02,313.15,1.0
2018-08-18 11:33:00,89.55551,36.84472,963.485,273.11,80.8,359.2,0.71,1.88,-40.56,112.89,77.71,299.38,312.8,111.14,78.02,299.94,313.07,1.0
2018-08-18 11:33:00,89.55551,36.84473,963.431,273.12,80.8,359.6,0.42,1.86,-40.5,113.55,77.78,299.46,312.81,110.67,77.98,299.83,312.96,1.0
2018-08-18 11:33:00,89.55551,36.84474,963.489,273.11,80.8,359.1,1.44,1.95,-40.35,112.83,77.85,299.66,312.9,110.36,77.95,299.71,312.85,1.0
2018-08-18 11:33:00,89.55551,36.84475,963.524,273.11,80.8,358.8,2.59,1.98,-40.01,112.7,77.71,299.66,312.81,110.25,77.93,299.55,312.74,1.0
2018-08-18 11:33:00,89.55551,36.84475,963.513,273.12,80.8,358.9,3.39,1.95,-39.41,113.15,77.78,299.65,312.91,110.34,77.9,299.36,312.66,1.0
2018-08-18 11:33:00,89.55551,36.84476,963.543,273.11,80.8,358.7,3.75,1.97,-38.55,112.96,77.71,299.67,312.92,110.63,77.87,299.17,312.62,1.0
2018-08-18 11:33:00,89.55551,36.84477,963.485,273.12,80.8,359.1,3.88,2.1,-37.62,111.91,77.85,299.57,312.82,111.08,77.82,299.04,312.62,1.0
2018-08-18 11:33:00,89.55551,36.84478,963.579,273.12,80.8,358.4,6.48,2.22,-37.34,112.63,77.71,299.57,312.92,111.64,77.76,298.98,312.64,1.0
2018-08-18 11:33:00,89.55552,36.84478,963.607,273.12,80.8,358.2,7.03,2.49,-38.11,112.17,77.92,299.35,312.93,112.25,77.7,298.94,312.69,1.0
2018-08-18 11:33:00,89.55552,36.84479,963.566,273.12,80.8,358.5,5.71,2.75,-38.82,112.3,77.85,298.75,312.93,112.84,77.64,298.95,312.77,1.0
2018-08-18 11:33:00,89.55552,36.8448,963.533,273.11,80.8,358.8,3.44,2.9,-38.98,112.11,77.78,298.24,312.92,113.36,77.59,299.02,312.85,1.0
2018-08-18 11:33:00,89.55552,36.84481,963.539,273.12,80.8,358.7,0.47,3.1,-39.85,113.15,77.71,298.21,312.91,113.75,77.55,299.08,312.91,1.0
2018-08-18 11:33:00,89.55552,36.84481,963.518,273.12,80.8,358.9,0.86,2.93,-39.58,112.89,77.85,298.7,312.63,113.99,77.54,299.1,312.95,1.0
2018-08-18 11:33:00,89.55552,36.84483,963.516,273.11,80.8,358.9,1.71,2.93,-40.26,112.63,77.5,298.44,312.49,114.07,77.55,299.1,312.97,1.0
2018-08-18 11:33:00,89.55552,36.84486,963.529,273.11,80.8,358.8,2.76,2.83,-41.24,112.7,77.64,298.81,312.3,114.01,77.58,299.1,312.96,1.0
2018-08-18 11:33:00,89.55552,36.84488,963.545,273.11,80.8,358.7,3.53,2.65,-42.19,113.02,77.78,299.59,312.73,113.83,77.64,299.13,312.93,1.0
2018-08-18 11:33:00,89.55552,36.8449,963.536,273.11,80.8,358.7,3.5,2.66,-43.22,113.68,77.71,299.49,312.92,113.57,77.71,299.2,312.89,1.0
2018-08-18 11:33:00,89.55552,36.84492,963.485,273.12,80.8,359.1,2.83,2.34,-45.08,112.3,77.92,299.49,312.94,113.28,77.78,299.24,312.85,1.0
2018-08-18 11:33:00,89.55552,36.84494,963.474,273.11,80.8,359.2,1.53,2.32,-46.65,113.28,77.78,299.86,312.83,113.0,77.85,299.28,312.84,1.0
2018-08-18 11:33:00,89.55552,36.84496,963.502,273.11,80.8,359.0,0.4,2.43,-47.49,112.5,77.71,299.49,312.83,112.75,77.91,299.34,312.84,1.0
2018-08-18 11:33:00,89.55552,36.84498,963.539,273.11,80.8,358.7,-0.52,2.43,-47.96,112.11,77.64,299.49,313.03,112.57,77.95,299.39,312.85,1.0
2018-08-18 11:33:00,89.55552,36.845,963.546,273.11,80.8,358.7,-0.9,2.2,-48.3,113.28,77.85,299.38,312.74,112.46,77.99,299.41,312.87,1.0
2018-08-18 11:33:00,89.55552,36.84503,963.528,273.12,80.8,358.8,0.9,2.16,-47.92,113.68,77.71,299.57,312.94,112.42,78.01,299.45,312.89,1.0
2018-08-18 11:33:00,89.55552,36.84506,963.561,273.11,80.8,358.5,1.76,1.83,-47.14,112.04,77.71,299.49,312.64,112.45,78.01,299.5,312.91,1.0
2018-08-18 11:33:00,89.55552,36.84509,963.57,273.12,80.8,358.5,2.41,1.62,-47.47,111.98,77.92,299.49,312.93,112.54,78.01,299.57,312.93,1.0
2018-08-18 11:33:00,89.55552,36.84513,963.543,273.12,80.8,358.7,3.22,1.42,-47.75,112.56,77.64,299.77,312.94,112.65,78.0,299.62,312.93,1.0
2018-08-18 11:33:00,89.55552,36.84516,963.503,273.11,80.8,359.0,4.99,1.2,-47.61,112.96,77.85,299.59,312.94,112.79,77.99,299.66,312.92,1.0
2018-08-18 11:33:00,89.55552,36.84519,963.508,273.12,80.8,359.0,8.83,1.05,-47.64,113.28,77.71,299.77,313.03,112.92,77.98,299.69,312.91,1.0
2018-08-18 11:33:00,89.55552,36.84522,963.547,273.11,80.8,358.6,10.27,1.13,-47.22,113.87,77.92,299.49,312.92,113.05,77.96,299.7,313.0,1.0
2018-08-18 11:33:00,89.55552,36.84525,963.545,273.11,80.8,358.7,11.17,1.05,-46.58,112.7,77.85,299.49,313.12,113.15,77.94,299.69,312.99,1.0
2018-08-18 11:33:00,89.55552,36.84528,963.536,273.11,80.8,358.7,11.54,0.87,-45.88,112.63,77.85,299.68,312.94,113.23,77.92,299.67,312.96,1.0
2018-08-18 11:33:00,89.55552,36.84531,963.544,273.12,80.8,358.7,11.04,0.7,-45.26,112.11,77.71,299.59,312.94,113.29,77.89,299.64,312.93,1.0
2018-08-18 11:33:00,89.55552,36.84534,963.573,273.12,80.8,358.4,9.33,0.64,-44.9,112.37,77.78,299.59,313.02,113.31,77.86,299.61,312.92,1.0
2018-08-18 11:33:00,89.55552,36.84537,963.566,273.12,80.8,358.5,6.77,0.7,-44.7,112.96,77.92,299.59,314.06,113.32,77.82,299.58,312.92,1.0
2018-08-18 11:33:00,89.55552,36.8454,963.56,273.12,80.8,358.5,3.2,0.82,-45.29,113.35,77.57,299.49,313.14,113.3,77.78,299.44,313.01,1.0
2018-08-18 11:33:00,89.55552,36.84545,963.581,273.12,80.8,358.4,3.49,0.99,-45.91,112.11,78.05,299.5,312.83,113.26,77.75,299.38,313.06,1.0
2018-08-18 11:33:00,89.55552,36.84549,963.61,273.12,80.8,358.1,5.62,1.19,-46.44,113.48,77.71,299.7,312.93,113.22,77.73,299.32,313.07,1.0
2018-08-18 11:33:00,89.55552,36.84553,963.613,273.11,80.8,358.1,7.44,1.44,-46.76,112.83,77.85,299.79,312.83,113.16,77.72,299.19,313.07,1.0
2018-08-18 11:33:00,89.55552,36.84558,963.568,273.12,80.8,358.5,9.65,1.86,-46.65,112.63,77.92,299.54,312.87,113.09,77.73,299.09,313.05,1.0
2018-08-18 11:33:00,89.55552,36.84562,963.593,273.12,80.8,358.3,8.62,1.56,-46.77,113.68,77.64,298.4,313.89,113.02,77.76,299.01,312.91,1.0
2018-08-18 11:33:00,89.55552,36.84566,963.581,273.12,80.8,358.4,7.63,1.43,-47.49,113.02,77.71,298.88,312.85,112.94,77.81,299.02,312.85,1.0
2018-08-18 11:33:00,89.55552,36.8457,963.554,273.12,80.8,358.6,6.35,1.45,-48.51,113.09,77.78,298.86,312.65,112.85,77.87,299.02,312.82,1.0
2018-08-18 11:33:00,89.55552,36.84575,963.547,273.12,80.8,358.6,4.05,1.41,-49.51,112.7,77.92,297.98,312.85,112.76,77.96,299.01,312.79,1.0
2018-08-18 11:33:00,89.55552,36.84579,963.581,273.12,80.8,358.4,0.27,1.03,-50.15,112.11,77.85,298.21,312.84,112.65,78.05,299.03,312.78,1.0
2018-08-18 11:33:00,89.55552,36.84583,963.59,273.12,80.8,358.3,0.25,0.87,-49.85,112.76,77.85,298.54,312.85,112.55,78.14,299.04,312.77,1.0
2018-08-18 11:33:00,89.55552,36.84588,963.621,273.12,80.8,358.0,1.35,0.77,-49.82,113.22,77.71,299.39,312.86,112.44,78.23,299.16,312.7,1.0
2018-08-18 11:33:00,89.55552,36.84591,963.619,273.12,80.8,358.0,4.42,0.82,-49.15,113.02,77.64,299.24,312.85,112.34,78.3,299.19,312.69,1.0
2018-08-18 11:33:00,89.55552,36.84593,963.6,273.12,80.8,358.2,8.71,0.75,-48.07,112.96,77.92,299.1,312.94,112.24,78.37,299.24,312.73,1.0
2018-08-18 11:33:00,89.55552,36.84594,963.619,273.12,80.8,358.0,12.92,0.38,-47.02,112.17,77.98,299.51,312.65,112.17,78.41,299.35,312.78,1.0
2018-08-18 11:33:00,89.55552,36.84596,963.608,273.12,80.8,358.1,16.75,0.2,-45.79,112.5,77.92,299.51,312.94,112.12,78.43,299.45,312.82,1.0
2018-08-18 11:33:00,89.55552,36.84598,963.608,273.12,80.8,358.1,18.81,0.15,-44.41,113.81,77.71,299.79,312.85,112.09,78.43,299.52,312.84,1.0
2018-08-18 11:33:00,89.55552,36.846,963.618,273.11,80.8,358.1,18.72,0.15,-43.67,112.56,78.12,299.6,312.95,112.09,78.41,299.52,312.85,1.0
2018-08-18 11:33:00,89.55552,36.84602,963.626,273.11,80.8,358.0,16.88,0.33,-43.63,113.35,77.85,299.79,312.95,112.1,78.38,299.52,312.83,1.0
2018-08-18 11:33:00,89.55552,36.84603,963.637,273.12,80.8,357.9,14.28,0.63,-43.96,112.5,78.05,299.79,312.86,112.12,78.34,299.52,312.79,1.0
2018-08-18 11:33:00,89.55552,36.84605,963.699,273.12,80.8,357.4,12.43,0.68,-43.89,112.5,77.85,299.51,312.95,112.12,78.29,299.51,312.73,1.0
2018-08-18 11:33:00,89.55552,36.84607,963.638,273.12,80.8,357.9,10.39,1.01,-43.81,112.89,77.92,299.7,312.76,112.09,78.24,299.49,312.66,1.0
2018-08-18 11:33:00,89.55552,36.84609,963.659,273.12,80.8,357.7,9.75,1.1,-43.85,112.37,77.98,299.61,312.86,112.0,78.2,299.49,312.59,1.0
2018-08-18 11:33:00,89.55552,36.84611,963.656,273.12,80.8,357.7,10.6,1.17,-44.03,112.5,77.98,299.62,312.66,111.86,78.16,299.49,312.54,1.0
2018-08-18 11:33:00,89.55552,36.84612,963.609,273.12,80.8,358.1,12.44,1.29,-44.5,112.37,78.05,299.6,312.95,111.66,78.12,299.49,312.5,1.0
2018-08-18 11:33:00,89.55552,36.84615,963.636,273.12,80.8,357.9,14.33,1.44,-45.42,112.3,77.71,299.69,312.75,111.41,78.09,299.46,312.51,1.0
2018-08-18 11:33:00,89.55552,36.84617,963.561,273.12,80.8,358.5,14.9,1.37,-46.54,112.24,78.12,299.71,312.86,111.14,78.06,299.33,312.66,1.0
2018-08-18 11:33:00,89.55552,36.8462,963.566,273.11,80.8,358.5,15.46,1.46,-48.08,113.68,77.92,299.7,312.76,110.87,78.04,299.22,312.7,1.0
2018-08-18 11:33:00,89.55552,36.84622,963.549,273.11,80.8,358.6,16.54,1.66,-49.64,112.96,78.05,299.52,312.57,110.65,78.02,299.19,312.8,1.0
2018-08-18 11:33:00,89.55552,36.84625,963.53,273.12,80.8,358.8,18.16,1.97,-50.89,112.7,77.92,299.7,313.05,110.52,78.01,299.2,312.94,1.0
2018-08-18 11:33:00,89.55552,36.84627,963.56,273.11,80.8,358.5,19.8,2.25,-51.43,112.56,78.05,299.4,313.18,110.51,77.99,299.21,313.06,1.0
2018-08-18 11:33:00,89.55552,36.84629,963.597,273.11,80.8,358.2,20.18,2.07,-50.75,112.11,77.98,297.82,314.62,110.64,77.99,299.21,313.15,1.0
2018-08-18 11:33:00,89.55552,36.84632,963.62,273.12,80.8,358.0,18.7,1.6,-50.52,112.83,77.85,298.13,312.64,110.92,77.99,299.21,313.18,1.0
2018-08-18 11:33:00,89.55552,36.84634,963.651,273.12,80.8,357.8,16.64,1.49,-49.9,111.72,78.05,299.08,312.96,111.36,78.0,299.21,313.18,1.0
2018-08-18 11:33:00,89.55552,36.84637,963.644,273.12,80.8,357.8,15.49,1.28,-49.05,110.47,77.92,299.62,313.64,111.91,78.03,299.2,313.17,1.0
2018-08-18 11:33:00,89.55553,36.84639,963.588,273.11,80.8,358.3,15.8,0.91,-48.44,111.85,78.05,299.43,313.53,112.54,78.07,299.15,313.15,1.0
2018-08-18 11:33:00,89.55553,36.84641,963.557,273.12,80.8,358.6,17.2,0.76,-48.5,112.56,77.85,299.52,313.1,113.21,78.12,299.03,313.08,1.0
2018-08-18 11:33:00,89.55553,36.84644,963.64,273.11,80.8,357.9,19.35,0.66,-47.65,112.56,77.98,299.52,312.81,113.84,78.2,299.01,312.89,1.0
2018-08-18 11:33:00,89.55553,36.84646,963.631,273.11,80.8,357.9,22.29,0.31,-46.89,112.89,78.05,299.52,312.75,114.4,78.28,298.98,312.85,1.0
2018-08-18 11:33:00,89.55553,36.84649,963.629,273.11,80.8,358.0,22.96,0.04,-45.94,113.02,78.05,299.71,312.76,114.82,78.38,298.95,312.76,1.0
2018-08-18 11:33:00,89.55553,36.84651,963.677,273.12,80.8,357.6,21.92,-0.17,-45.01,111.85,77.78,299.02,312.96,115.09,78.48,298.93,312.65,1.0
2018-08-18 11:33:00,89.55553,36.84654,963.748,273.12,80.8,357.0,20.79,-0.38,-44.45,113.35,78.05,298.27,312.67,115.17,78.58,298.91,312.57,1.0
2018-08-18 11:33:00,89.55553,36.84658,963.65,273.12,80.8,357.8,20.34,-0.34,-44.14,112.37,78.19,298.06,312.77,115.08,78.67,298.9,312.52,1.0
2018-08-18 11:33:00,89.55553,36.84661,963.685,273.12,80.8,357.5,22.01,-0.45,-43.63,113.15,77.98,298.33,312.77,114.83,78.73,298.9,312.53,1.0
2018-08-18 11:33:00,89.55553,36.84664,963.697,273.12,80.8,357.4,23.14,-0.28,-43.59,112.3,78.12,299.03,312.97,114.44,78.77,298.91,312.55,1.0
2018-08-18 11:33:00,89.55553,36.84667,963.673,273.12,80.8,357.6,23.53,-0.02,-44.15,112.04,77.98,299.62,313.06,113.98,78.77,298.93,312.57,1.0
2018-08-18 11:33:00,89.55553,36.8467,963.644,273.12,80.8,357.8,23.72,0.23,-45.06,113.68,78.12,299.72,312.68,113.48,78.74,299.01,312.6,1.0
2018-08-18 11:33:00,89.55553,36.84674,963.642,273.11,80.8,357.9,24.88,0.59,-45.75,112.7,78.19,299.8,312.58,112.99,78.68,299.19,312.63,1.0
2018-08-18 11:33:00,89.55553,36.84677,963.664,273.11,80.8,357.7,24.29,1.13,-46.88,112.24,78.12,299.73,312.68,112.57,78.59,299.37,312.65,1.0
2018-08-18 11:33:00,89.55553,36.84679,963.665,273.11,80.8,357.7,23.76,1.58,-47.81,113.09,78.12,299.35,312.77,112.26,78.49,299.53,312.68,1.0
2018-08-18 11:33:00,89.55553,36.84681,963.655,273.11,80.8,357.7,22.4,1.82,-48.03,113.09,78.19,299.63,312.68,112.06,78.39,299.62,312.69,1.0
2018-08-18 11:33:00,89.55553,36.84682,963.648,273.11,80.8,357.8,20.8,1.87,-47.86,113.42,78.26,299.54,312.88,112.0,78.29,299.65,312.69,1.0
2018-08-18 11:33:00,89.55554,36.84684,963.653,273.11,80.8,357.8,19.63,1.85,-47.9,113.09,78.4,299.71,312.99,112.07,78.22,299.65,312.66,1.0
2018-08-18 11:33:00,89.55554,36.84685,963.596,273.11,80.8,358.2,16.48,2.09,-48.81,112.17,78.05,299.43,312.79,112.25,78.18,299.57,312.54,1.0
2018-08-18 11:33:00,89.55554,36.84686,963.618,273.11,80.8,358.0,16.52,1.89,-49.78,111.78,78.05,299.14,312.21,112.49,78.17,299.54,312.48,1.0
2018-08-18 11:33:00,89.55554,36.84688,963.61,273.11,80.8,358.1,14.58,1.89,-51.17,112.89,77.98,299.44,312.59,112.76,78.2,299.5,312.42,1.0
2018-08-18 11:33:00,89.55554,36.84689,963.582,273.11,80.8,358.3,12.77,1.91,-52.06,112.5,78.05,299.45,312.58,113.02,78.27,299.45,312.27,1.0
2018-08-18 11:33:00,89.55554,36.84691,963.601,273.11,80.8,358.2,14.26,1.71,-51.5,113.87,78.4,299.41,312.36,113.21,78.35,299.4,312.09,1.0
2018-08-18 11:33:00,89.55554,36.84692,963.606,273.11,80.8,358.1,16.01,1.68,-52.06,111.06,78.05,298.61,311.8,113.31,78.44,299.34,312.0,1.0
2018-08-18 11:33:00,89.55554,36.84694,963.623,273.11,80.8,358.0,17.9,1.66,-51.0,113.48,78.12,299.4,312.54,113.29,78.52,299.29,311.91,1.0
2018-08-18 11:33:00,89.55554,36.84695,963.632,273.11,80.8,357.9,18.65,1.33,-50.62,112.5,78.26,299.45,312.51,113.15,78.58,299.26,311.85,1.0
2018-08-18 11:33:00,89.55554,36.84697,963.6,273.11,80.8,358.2,19.42,1.33,-51.33,112.56,78.26,299.54,312.08,112.9,78.6,299.24,311.82,1.0
2018-08-18 11:33:00,89.55554,36.84698,963.561,273.11,80.8,358.5,19.77,1.6,-52.38,113.28,78.12,299.54,311.57,112.56,78.58,299.24,311.85,1.0
2018-08-18 11:33:00,89.55554,36.847,963.621,273.11,80.8,358.0,18.23,1.66,-52.67,113.28,78.26,299.54,312.89,112.17,78.51,299.29,311.98,1.0
2018-08-18 11:33:00,89.55554,36.84701,963.657,273.11,80.8,357.7,15.2,1.76,-53.09,113.02,78.26,299.73,312.89,111.78,78.4,299.42,312.14,1.0
2018-08-18 11:33:00,89.55554,36.84703,963.644,273.12,80.8,357.8,13.38,2.04,-53.56,112.96,78.26,299.74,312.8,111.41,78.27,299.49,312.24,1.0
2018-08-18 11:33:00,89.55554,36.84705,963.664,273.12,80.8,357.7,13.83,2.21,-53.82,112.7,78.26,299.83,312.7,111.11,78.13,299.55,312.33,1.0
2018-08-18 11:33:00,89.55554,36.84706,963.695,273.11,80.8,357.4,14.61,2.33,-53.83,112.7,78.26,299.63,313.06,110.89,77.99,299.61,312.48,1.0
2018-08-18 11:33:00,89.55554,36.84708,963.674,273.11,80.8,357.6,14.02,2.49,-53.8,111.72,78.12,299.54,313.28,110.77,77.88,299.66,312.64,1.0
2018-08-18 11:33:00,89.55554,36.8471,963.696,273.11,80.8,357.4,13.22,2.62,-54.39,111.78,78.26,299.73,312.51,110.74,77.8,299.69,312.69,1.0
2018-08-18 11:33:00,89.55554,36.84711,963.677,273.11,80.8,357.6,12.07,2.7,-54.52,112.96,78.19,299.45,312.9,110.79,77.77,299.66,312.69,1.0
2018-08-18 11:33:00,89.55554,36.84713,963.669,273.11,80.8,357.6,11.83,2.53,-55.03,112.11,78.26,299.54,312.41,110.9,77.78,299.59,312.53,1.0
2018-08-18 11:33:00,89.55554,36.84714,963.667,273.11,80.8,357.6,12.99,2.56,-55.77,113.09,78.12,299.55,312.51,111.05,77.83,299.53,312.38,1.0
2018-08-18 11:33:00,89.55554,36.84716,963.668,273.1,80.8,357.6,14.35,2.84,-56.55,112.56,78.19,299.76,312.69,111.22,77.91,299.47,312.25,1.0
2018-08-18 11:33:00,89.55554,36.84716,963.702,273.11,80.8,357.4,13.52,2.98,-57.14,111.98,78.05,299.5,312.5,111.4,78.01,299.4,312.08,1.0
2018-08-18 11:33:00,89.55554,36.84716,963.628,273.11,80.8,358.0,12.79,2.92,-57.53,112.37,77.92,298.92,312.42,111.58,78.12,299.34,312.0,1.0
2018-08-18 11:33:00,89.55554,36.84716,963.621,273.11,80.8,358.0,12.64,3.2,-57.95,111.72,78.12,298.89,311.53,111.78,78.22,299.29,311.97,1.0
2018-08-18 11:33:00,89.55554,36.84716,963.663,273.11,80.8,357.7,12.17,3.35,-58.7,112.96,78.19,299.23,311.59,111.99,78.3,299.2,311.98,1.0
2018-08-18 11:33:00,89.55554,36.84716,963.69,273.11,80.8,357.5,11.78,3.4,-59.5,112.83,78.26,299.57,312.81,112.21,78.36,299.13,312.0,1.0
2018-08-18 11:33:00,89.55554,36.84716,963.63,273.11,80.8,358.0,11.96,3.46,-59.94,111.65,78.19,299.76,312.62,112.46,78.4,299.13,312.03,1.0
2018-08-18 11:33:00,89.55554,36.84716,963.665,273.11,80.8,357.7,11.24,3.18,-59.82,112.76,78.26,299.57,312.52,112.71,78.43,299.18,312.17,1.0
2018-08-18 11:33:00,89.55554,36.84716,963.638,273.11,80.8,357.9,11.76,3.36,-59.8,111.78,78.26,299.47,312.62,112.97,78.46,299.31,312.23,1.0
2018-08-18 11:33:00,89.55554,36.84716,963.655,273.11,80.8,357.7,13.41,3.36,-59.86,112.04,78.12,298.87,312.52,113.2,78.48,299.44,312.44,1.0
2018-08-18 11:33:00,89.55554,36.84717,963.692,273.1,80.8,357.4,13.59,3.28,-60.17,112.63,78.33,298.68,312.27,113.4,78.51,299.52,312.63,1.0
2018-08-18 11:33:00,89.55554,36.84717,963.696,273.11,80.8,357.4,11.26,3.22,-60.56,111.78,78.05,299.38,311.52,113.54,78.55,299.58,312.72,1.0
2018-08-18 11:33:00,89.55554,36.84717,963.671,273.1,80.9,357.6,8.68,3.1,-60.1,112.56,78.05,299.56,312.62,113.62,78.61,299.63,312.76,1.0
2018-08-18 11:33:00,89.55554,36.84717,963.675,273.11,80.9,357.6,6.13,2.99,-59.66,112.7,78.26,300.0,311.64,113.64,78.68,299.66,312.75,1.0
2018-08-18 11:33:00,89.55554,36.84717,963.692,273.11,80.8,357.4,5.4,2.95,-59.35,112.37,78.33,299.72,312.23,113.62,78.76,299.67,312.71,1.0
2018-08-18 11:33:00,89.55554,36.84717,963.691,273.11,80.8,357.4,7.25,2.93,-59.19,113.15,78.12,299.56,312.62,113.57,78.85,299.73,312.63,1.0
2018-08-18 11:33:00,89.55554,36.84717,963.666,273.11,80.8,357.6,9.83,2.91,-59.02,113.22,78.26,299.74,312.43,113.53,78.93,299.8,312.59,1.0
2018-08-18 11:33:00,89.55554,36.84718,963.651,273.11,80.8,357.8,10.27,2.86,-58.6,112.17,78.33,299.55,312.63,113.5,79.01,299.81,312.58,1.0
2018-08-18 11:33:00,89.55555,36.84718,963.656,273.1,80.8,357.7,9.2,2.8,-58.26,112.7,78.33,299.56,312.52,113.51,79.07,299.8,312.5,1.0
2018-08-18 11:33:00,89.55555,36.84718,963.655,273.1,80.8,357.7,7.16,2.93,-57.66,112.56,78.33,299.56,312.72,113.56,79.12,299.75,312.56,1.0
2018-08-18 11:33:00,89.55555,36.84718,963.693,273.1,80.8,357.4,5.39,2.96,-57.55,112.44,78.47,299.56,312.52,113.61,79.14,299.73,312.59,1.0
2018-08-18 11:33:00,89.55555,36.84718,963.731,273.1,80.8,357.1,4.15,2.83,-57.59,111.72,78.4,299.56,312.71,113.65,79.15,299.72,312.61,1.0
2018-08-18 11:33:00,89.55555,36.84718,963.705,273.1,80.8,357.3,3.34,2.61,-57.3,112.63,78.26,299.76,312.8,113.63,79.14,299.72,312.66,1.0
2018-08-18 11:33:00,89.55555,36.84719,963.661,273.1,80.8,357.7,2.62,2.48,-56.63,113.35,78.54,299.56,312.71,113.52,79.11,299.71,312.7,1.0
2018-08-18 11:33:00,89.55555,36.84719,963.671,273.1,80.8,357.6,4.79,2.36,-56.0,112.3,78.33,299.76,312.92,113.29,79.06,299.69,312.74,1.0
2018-08-18 11:33:00,89.55555,36.84719,963.648,273.1,80.8,357.8,6.22,2.51,-55.8,113.09,78.4,299.56,312.62,112.92,78.99,299.67,312.77,1.0
2018-08-18 11:33:00,89.55555,36.84719,963.676,273.1,80.8,357.6,6.81,2.75,-55.68,113.35,78.47,299.56,312.66,112.44,78.9,299.65,312.78,1.0
2018-08-18 11:33:00,89.55555,36.84719,963.764,273.1,80.8,356.8,6.26,2.86,-55.56,112.96,78.47,299.85,312.68,111.89,78.8,299.63,312.77,1.0
2018-08-18 11:33:00,89.55555,36.84719,963.749,273.1,80.8,357.0,4.24,2.69,-55.58,112.83,78.54,299.38,312.63,111.33,78.7,299.62,312.74,1.0
2018-08-18 11:33:00,89.55555,36.84716,963.761,273.1,80.8,356.9,2.46,2.75,-55.83,112.76,78.47,299.56,312.32,110.83,78.59,299.61,312.7,1.0
2018-08-18 11:33:00,89.55555,36.84712,963.764,273.1,80.8,356.8,1.2,2.79,-55.04,112.37,78.54,299.47,312.52,110.47,78.5,299.61,312.65,1.0
2018-08-18 11:33:00,89.55555,36.84709,963.75,273.1,80.8,357.0,0.23,2.72,-54.29,112.37,78.47,299.76,312.62,110.31,78.42,299.56,312.52,1.0
2018-08-18 11:33:00,89.55555,36.84705,963.712,273.1,80.8,357.3,0.12,2.58,-54.07,112.5,78.54,299.67,312.62,110.36,78.37,299.5,312.34,1.0
2018-08-18 11:33:00,89.55555,36.84702,963.651,273.1,80.8,357.8,1.31,2.46,-54.39,112.56,78.47,299.76,312.72,110.65,78.37,299.49,312.18,1.0
2018-08-18 11:33:00,89.55555,36.84698,963.682,273.09,80.8,357.5,2.91,2.5,-54.44,112.11,78.47,299.74,312.92,111.12,78.39,299.53,312.15,1.0
2018-08-18 11:33:00,89.55555,36.84695,963.716,273.09,80.8,357.2,4.11,2.43,-54.8,112.24,78.33,299.48,312.52,111.72,78.46,299.57,312.13,1.0
2018-08-18 11:33:00,89.55555,36.84692,963.712,273.09,80.8,357.3,3.97,2.51,-55.44,111.45,78.54,298.77,311.92,112.35,78.55,299.6,312.12,1.0
2018-08-18 11:33:00,89.55555,36.84688,963.701,273.09,80.8,357.4,3.57,2.55,-55.57,112.24,78.33,298.62,310.92,112.94,78.67,299.61,312.11,1.0
2018-08-18 11:33:00,89.55555,36.84684,963.718,273.1,80.8,357.2,3.51,2.47,-55.02,112.3,78.33,299.08,311.03,113.38,78.78,299.61,312.11,1.0
2018-08-18 11:33:00,89.55555,36.8468,963.668,273.09,80.8,357.6,3.22,2.42,-54.93,112.89,78.54,299.49,312.53,113.64,78.89,299.6,312.1,1.0
2018-08-18 11:33:00,89.55555,36.84675,963.705,273.09,80.8,357.3,4.02,2.31,-54.94,112.96,78.54,299.57,312.73,113.68,78.97,299.58,312.03,1.0
2018-08-18 11:33:00,89.55555,36.8467,963.68,273.1,80.8,357.5,4.0,1.98,-54.79,112.37,78.54,299.67,312.73,113.52,79.02,299.56,311.95,1.0
2018-08-18 11:33:00,89.55555,36.84666,963.659,273.1,80.8,357.7,4.16,1.87,-55.01,112.56,78.54,299.57,312.72,113.2,79.03,299.62,311.96,1.0
2018-08-18 11:33:00,89.55555,36.84662,963.686,273.09,80.8,357.5,4.66,1.96,-55.22,112.83,78.47,299.76,312.52,112.8,79.01,299.7,312.05,1.0
2018-08-18 11:33:00,89.55555,36.84657,963.762,273.1,80.8,356.9,5.41,1.98,-54.93,112.96,78.54,299.68,312.67,112.38,78.96,299.75,312.17,1.0
2018-08-18 11:33:00,89.55555,36.84652,963.734,273.09,80.8,357.1,7.46,2.02,-55.13,112.17,78.68,299.85,311.8,112.03,78.9,299.8,312.19,1.0
2018-08-18 11:33:00,89.55555,36.84648,963.751,273.09,80.8,356.9,9.69,2.05,-55.25,112.96,78.74,299.57,311.31,111.8,78.83,299.82,312.21,1.0
2018-08-18 11:33:00,89.55555,36.84644,963.785,273.09,80.8,356.7,11.23,2.15,-54.97,112.17,78.54,299.76,311.44,111.72,78.77,299.83,312.2,1.0
2018-08-18 11:33:00,89.55555,36.84639,963.781,273.09,80.8,356.7,12.07,2.13,-54.53,111.78,78.54,299.48,311.8,111.79,78.72,299.85,312.17,1.0
2018-08-18 11:33:00,89.55555,36.84634,963.71,273.09,80.8,357.3,12.59,1.91,-54.24,113.15,78.54,299.88,312.06,111.99,78.69,299.86,312.12,1.0
2018-08-18 11:33:00,89.55555,36.84634,963.785,273.09,80.8,356.7,13.82,1.86,-54.28,111.13,78.47,300.27,312.73,112.27,78.68,299.85,312.06,1.0
2018-08-18 11:33:00,89.55555,36.84634,963.743,273.09,80.8,357.0,14.52,1.77,-54.76,112.63,78.54,300.03,312.73,112.6,78.68,299.84,312.07,1.0
2018-08-18 11:33:00,89.55555,36.84635,963.726,273.09,80.8,357.2,13.57,1.76,-54.99,112.37,78.61,299.67,312.64,112.92,78.69,299.83,312.09,1.0
2018-08-18 11:33:00,89.55555,36.84635,963.739,273.09,80.8,357.0,11.22,1.99,-55.34,112.44,78.68,299.67,312.35,113.2,78.7,299.8,312.11,1.0
2018-08-18 11:33:00,89.55556,36.84636,963.752,273.08,80.8,356.9,8.37,2.28,-55.67,113.09,78.47,299.58,312.35,113.43,78.71,299.78,312.13,1.0
2018-08-18 11:33:00,89.55556,36.84636,963.716,273.09,80.8,357.2,6.45,2.29,-55.6,112.96,78.54,299.76,312.83,113.6,78.71,299.75,312.14,1.0
2018-08-18 11:33:00,89.55556,36.84636,963.706,273.08,80.8,357.3,6.91,2.54,-56.69,113.15,78.68,299.67,312.63,113.73,78.71,299.69,312.15,1.0
2018-08-18 11:33:00,89.55556,36.84637,963.704,273.08,80.8,357.3,9.36,2.62,-56.53,111.91,78.68,299.58,312.63,113.84,78.7,299.67,312.19,1.0
2018-08-18 11:33:00,89.55556,36.84637,963.732,273.08,80.8,357.1,11.94,2.52,-56.26,112.63,78.68,299.76,312.54,113.95,78.7,299.68,312.18,1.0
2018-08-18 11:33:00,89.55556,36.84638,963.751,273.09,80.8,356.9,13.7,2.44,-56.2,111.65,78.68,299.58,312.53,114.07,78.71,299.69,312.17,1.0
2018-08-18 11:33:00,89.55556,36.84638,963.697,273.08,80.8,357.4,14.0,2.55,-56.4,112.76,78.47,299.86,312.54,114.19,78.74,299.7,312.23,1.0
2018-08-18 11:33:00,89.55556,36.84639,963.792,273.08,80.8,356.6,12.33,2.55,-56.61,112.7,78.68,299.76,312.53,114.29,78.79,299.72,312.27,1.0
2018-08-18 11:33:00,89.55556,36.84639,963.752,273.08,80.8,356.9,12.08,2.76,-56.17,113.09,78.54,299.78,312.73,114.35,78.85,299.73,312.29,1.0
2018-08-18 11:33:00,89.55556,36.84639,963.719,273.08,80.8,357.2,9.35,2.69,-56.25,112.76,78.54,299.5,311.67,114.34,78.91,299.74,312.28,1.0
2018-08-18 11:33:00,89.55556,36.84638,963.72,273.08,80.7,357.2,5.01,2.52,-56.26,113.15,78.54,299.68,311.57,114.22,78.98,299.7,312.25,1.0
2018-08-18 11:33:00,89.55556,36.84637,963.734,273.08,80.7,357.1,0.62,2.38,-55.84,112.76,78.68,299.49,312.24,114.0,79.03,299.61,312.2,1.0
2018-08-18 11:33:00,89.55556,36.84636,963.723,273.08,80.8,357.2,-2.74,2.17,-55.56,112.83,78.61,299.59,312.34,113.68,79.07,299.53,312.15,1.0
2018-08-18 11:33:00,89.55556,36.84635,963.698,273.07,80.8,357.4,-1.26,1.97,-54.71,113.28,78.61,299.59,312.44,113.29,79.08,299.48,312.11,1.0
2018-08-18 11:33:00,89.55556,36.84635,963.72,273.08,80.8,357.2,0.4,2.01,-54.24,113.48,78.81,299.77,312.53,112.89,79.08,299.47,312.1,1.0
2018-08-18 11:33:00,89.55556,36.84634,963.748,273.08,80.8,357.0,0.81,2.03,-53.7,113.15,78.68,299.42,312.53,112.53,79.06,299.47,312.18,1.0
2018-08-18 11:33:00,89.55556,36.84633,963.782,273.08,80.8,356.7,0.03,2.01,-53.26,111.72,78.88,298.69,312.33,112.27,79.03,299.48,312.3,1.0
2018-08-18 11:33:00,89.55556,36.84632,963.857,273.08,80.8,356.1,-1.04,2.03,-53.3,113.35,78.74,298.84,312.63,112.15,79.01,299.49,312.36,1.0
2018-08-18 11:33:00,89.55556,36.84631,963.802,273.08,80.8,356.5,-0.28,2.35,-53.75,112.76,78.74,299.25,312.54,112.2,78.99,299.5,312.44,1.0
2018-08-18 11:33:00,89.55556,36.84631,963.787,273.07,80.8,356.7,-1.15,2.56,-54.35,112.5,78.54,299.45,312.53,112.4,79.0,299.5,312.51,1.0
2018-08-18 11:33:00,89.55556,36.8463,963.768,273.07,80.8,356.8,-4.08,2.35,-57.16,112.7,78.68,299.77,312.35,112.73,79.02,299.5,312.49,1.0
2018-08-18 11:33:00,89.55556,36.8463,963.756,273.08,80.8,356.9,-6.94,2.04,-59.48,113.35,78.68,299.68,312.35,113.12,79.07,299.53,312.42,1.0
2018-08-18 11:33:00,89.55556,36.8463,963.77,273.07,80.8,356.8,-8.21,1.89,-59.75,112.7,78.68,299.77,312.53,113.5,79.12,299.59,312.35,1.0
2018-08-18 11:33:00,89.55556,36.8463,963.79,273.08,80.8,356.6,-8.55,1.75,-60.42,112.7,78.81,299.68,312.44,113.79,79.17,299.64,312.3,1.0
2018-08-18 11:33:00,89.55556,36.8463,963.814,273.07,80.8,356.4,-10.06,1.51,-60.67,112.5,78.68,299.77,312.64,113.94,79.2,299.68,312.23,1.0
2018-08-18 11:33:00,89.55556,36.8463,963.802,273.07,80.7,356.5,-11.39,1.41,-60.93,112.63,78.74,299.78,311.59,113.91,79.21,299.67,312.14,1.0
2018-08-18 11:33:00,89.55556,36.84631,963.806,273.07,80.7,356.5,-11.85,1.25,-61.33,113.42,78.95,299.78,311.58,113.68,79.19,299.67,312.05,1.0
2018-08-18 11:33:00,89.55556,36.84631,963.836,273.07,80.8,356.3,-11.24,1.05,-61.47,112.96,78.81,299.77,311.58,113.29,79.14,299.68,311.99,1.0
2018-08-18 11:33:00,89.55556,36.84631,963.811,273.07,80.7,356.5,-9.72,0.97,-60.68,113.35,78.81,299.77,312.65,112.79,79.06,299.7,311.96,1.0
2018-08-18 11:33:00,89.55556,36.84631,963.88,273.07,80.7,355.9,-8.39,0.97,-59.65,113.35,78.74,299.77,312.53,112.26,78.97,299.74,311.96,1.0
2018-08-18 11:33:00,89.55556,36.84632,963.872,273.07,80.7,356.0,-7.31,0.82,-58.67,112.96,78.95,299.6,312.63,111.76,78.88,299.67,311.93,1.0
2018-08-18 11:33:00,89.55556,36.84632,963.822,273.07,80.7,356.4,-8.09,0.81,-58.69,113.22,78.74,299.69,312.35,111.38,78.81,299.68,312.02,1.0
2018-08-18 11:33:00,89.55556,36.84632,963.78,273.07,80.7,356.7,-9.79,0.92,-58.94,112.37,78.88,299.59,312.45,111.17,78.77,299.74,312.2,1.0
2018-08-18 11:33:00,89.55556,36.84632,963.802,273.07,80.7,356.5,-11.06,1.0,-58.53,113.35,78.81,299.68,312.65,111.16,78.77,299.74,312.34,1.0
2018-08-18 11:33:00,89.55556,36.84632,963.796,273.07,80.7,356.6,-13.17,0.96,-59.05,112.04,78.74,299.98,312.74,111.35,78.81,299.72,312.39,1.0
2018-08-18 11:33:00,89.55556,36.84633,963.798,273.07,80.7,356.6,-14.73,1.19,-57.88,112.89,78.81,298.41,311.71,111.71,78.88,299.68,312.41,1.0
2018-08-18 11:33:00,89.55556,36.84633,963.793,273.07,80.7,356.6,-15.44,1.22,-57.21,111.78,78.61,299.6,311.64,112.18,78.98,299.63,312.39,1.0
2018-08-18 11:33:00,89.55556,36.84633,963.778,273.06,80.7,356.7,-15.3,1.28,-56.87,112.17,78.74,299.71,312.35,112.7,79.08,299.57,312.33,1.0
2018-08-18 11:33:00,89.55556,36.84633,963.771,273.06,80.7,356.8,-14.57,1.45,-56.4,112.89,78.81,299.79,312.26,113.19,79.17,299.52,312.21,1.0
2018-08-18 11:33:00,89.55556,36.84633,963.839,273.07,80.7,356.2,-13.92,1.38,-55.59,112.89,78.88,299.6,312.36,113.58,79.23,299.49,312.05,1.0
2018-08-18 11:33:00,89.55556,36.84633,963.791,273.07,80.7,356.6,-13.49,1.7,-55.25,113.87,78.74,299.7,312.26,113.84,79.26,299.49,311.94,1.0
2018-08-18 11:33:00,89.55556,36.84633,963.803,273.06,80.7,356.5,-11.19,1.87,-55.05,112.63,79.16,299.87,312.35,113.92,79.26,299.62,311.93,1.0
2018-08-18 11:33:00,89.55556,36.84633,963.831,273.06,80.7,356.3,-9.1,1.96,-54.87,112.37,78.88,299.87,312.35,113.83,79.22,299.7,311.92,1.0
2018-08-18 11:33:00,89.55556,36.84633,963.838,273.06,80.8,356.2,-8.22,2.11,-54.92,112.96,78.81,299.79,312.33,113.59,79.16,299.69,311.86,1.0
2018-08-18 11:33:00,89.55556,36.84633,963.81,273.06,80.7,356.5,-9.34,2.46,-55.32,112.44,78.81,299.89,311.88,113.24,79.1,299.67,311.81,1.0
2018-08-18 11:33:00,89.55556,36.84633,963.765,273.06,80.7,356.8,-14.19,2.82,-54.6,113.22,78.88,299.78,312.5,112.82,79.03,299.77,311.96,1.0
2018-08-18 11:33:00,89.55556,36.84636,963.848,273.06,80.7,356.1,-16.74,2.99,-54.97,113.28,79.02,299.69,312.55,112.4,78.99,299.81,312.09,1.0
2018-08-18 11:33:00,89.55556,36.84639,963.829,273.06,80.7,356.3,-16.24,3.1,-54.96,113.68,79.02,299.78,312.64,112.03,78.98,299.84,312.21,1.0
2018-08-18 11:33:00,89.55556,36.84642,963.783,273.06,80.7,356.7,-14.37,3.03,-55.08,112.5,78.81,299.19,311.81,111.76,78.99,299.86,312.31,1.0
2018-08-18 11:33:00,89.55556,36.84645,963.844,273.06,80.7,356.2,-12.52,2.78,-55.73,111.52,78.74,298.3,311.3,111.62,79.03,299.82,312.41,1.0
2018-08-18 11:33:00,89.55556,36.84647,963.868,273.06,80.7,356.0,-11.45,2.53,-56.31,112.76,78.68,299.45,312.79,111.63,79.09,299.75,312.5,1.0
2018-08-18 11:33:00,89.55556,36.8465,963.765,273.05,80.7,356.8,-9.63,2.71,-56.69,113.02,78.74,299.34,312.67,111.79,79.16,299.65,312.48,1.0
2018-08-18 11:33:00,89.55556,36.84653,963.731,273.05,80.7,357.1,-9.79,2.65,-56.77,112.56,79.09,299.41,312.06,112.09,79.22,299.52,312.42,1.0
2018-08-18 11:33:00,89.55556,36.84656,963.764,273.05,80.7,356.8,-10.18,2.62,-55.93,113.28,79.09,299.78,312.64,112.48,79.26,299.39,312.31,1.0
2018-08-18 11:33:00,89.55556,36.84659,963.816,273.05,80.7,356.4,-10.34,2.61,-55.14,112.17,78.95,299.87,312.26,112.94,79.28,299.34,312.19,1.0
2018-08-18 11:33:00,89.55556,36.84662,963.833,273.06,80.7,356.3,-11.11,2.35,-56.34,112.56,78.95,299.58,312.36,113.41,79.26,299.37,312.06,1.0
2018-08-18 11:33:00,89.55556,36.84665,963.837,273.06,80.7,356.2,-11.9,1.56,-59.04,112.89,79.02,299.78,312.36,113.83,79.22,299.31,311.86,1.0
2018-08-18 11:33:00,89.55556,36.84668,963.814,273.05,80.7,356.4,-11.2,1.37,-59.39,112.96,78.95,299.88,312.36,114.15,79.15,299.44,311.68,1.0
2018-08-18 11:33:00,89.55556,36.84672,963.841,273.05,80.7,356.2,-8.17,1.36,-59.62,112.11,78.81,299.87,312.75,114.35,79.07,299.53,311.59,1.0
2018-08-18 11:33:00,89.55556,36.84677,963.883,273.05,80.7,355.9,-4.23,1.47,-60.01,113.02,78.95,299.96,311.83,114.4,78.99,299.57,311.58,1.0
2018-08-18 11:33:00,89.55556,36.84681,963.857,273.05,80.7,356.1,-0.9,1.68,-60.17,112.5,79.02,299.78,311.41,114.29,78.92,299.63,311.6,1.0
2018-08-18 11:33:00,89.55556,36.84686,963.834,273.05,80.7,356.3,1.37,1.81,-59.37,113.94,79.02,299.78,312.38,114.03,78.86,299.7,311.67,1.0
2018-08-18 11:33:00,89.55556,36.84691,963.82,273.05,80.7,356.4,3.77,1.93,-58.34,112.76,78.95,300.98,311.78,113.67,78.82,299.76,311.76,1.0
2018-08-18 11:33:00,89.55556,36.84696,963.82,273.05,80.7,356.4,4.54,1.96,-57.89,112.76,78.81,300.27,311.96,113.24,78.81,299.81,311.86,1.0
2018-08-18 11:33:00,89.55556,36.847,963.845,273.05,80.7,356.2,4.83,1.87,-57.93,112.83,78.88,299.62,312.27,112.81,78.83,299.86,311.96,1.0
2018-08-18 11:33:00,89.55556,36.84705,963.892,273.05,80.8,355.8,5.15,1.81,-58.3,113.35,78.95,299.78,312.46,112.44,78.88,299.91,312.07,1.0
2018-08-18 11:33:00,89.55556,36.8471,963.923,273.05,80.7,355.5,4.83,2.06,-58.88,113.22,79.02,299.5,312.26,112.17,78.95,299.92,312.15,1.0
2018-08-18 11:33:00,89.55556,36.84715,963.869,273.05,80.8,356.0,2.78,1.86,-58.94,112.96,78.95,299.59,312.36,112.04,79.03,299.9,312.15,1.0
2018-08-18 11:33:00,89.55556,36.8472,963.868,273.04,80.7,356.0,1.45,1.91,-59.15,113.09,78.95,299.86,312.26,112.07,79.12,299.77,312.2,1.0
2018-08-18 11:33:00,89.55556,36.84724,963.874,273.04,80.7,355.9,2.05,2.04,-59.43,113.68,79.09,300.04,312.81,112.26,79.21,299.69,312.18,1.0
2018-08-18 11:33:00,89.55556,36.84729,963.883,273.04,80.7,355.9,3.72,2.07,-59.52,111.32,78.81,299.82,311.72,112.58,79.3,299.67,312.09,1.0
2018-08-18 11:33:00,89.55556,36.84733,963.926,273.04,80.7,355.5,4.71,1.9,-59.28,111.91,78.88,299.53,311.54,112.98,79.38,299.67,312.0,1.0
2018-08-18 11:33:00,89.55556,36.84738,963.906,273.05,80.7,355.7,4.19,1.78,-59.31,112.37,78.74,299.64,312.06,113.41,79.45,299.67,311.91,1.0
2018-08-18 11:33:00,89.55556,36.84742,963.872,273.05,80.7,355.9,6.43,1.72,-59.22,113.35,79.09,299.6,312.19,113.81,79.51,299.7,311.85,1.0
2018-08-18 11:33:00,89.55557,36.84746,963.878,273.05,80.8,355.9,6.99,1.68,-58.76,113.74,79.09,299.78,312.44,114.12,79.55,299.73,311.83,1.0
2018-08-18 11:33:00,89.55557,36.8475,963.876,273.05,80.8,355.9,6.5,1.64,-58.15,113.35,79.16,299.5,312.44,114.31,79.58,299.74,311.83,1.0
2018-08-18 11:33:00,89.55557,36.84755,963.844,273.04,80.7,356.2,6.26,1.59,-57.53,112.17,78.95,299.69,312.55,114.35,79.6,299.75,311.89,1.0
2018-08-18 11:33:00,89.55557,36.84759,963.87,273.04,80.7,356.0,7.93,1.52,-57.01,113.48,79.09,299.87,312.46,114.25,79.61,299.78,312.03,1.0
2018-08-18 11:33:00,89.55557,36.84763,963.872,273.05,80.7,355.9,8.86,1.52,-56.87,113.28,79.09,299.6,312.38,114.02,79.6,299.82,312.14,1.0
2018-08-18 11:33:00,89.55557,36.84768,963.885,273.04,80.7,355.8,11.46,1.64,-56.91,113.28,79.09,299.87,312.09,113.7,79.59,299.86,312.24,1.0
2018-08-18 11:33:00,89.55557,36.84772,963.892,273.04,80.7,355.8,11.94,1.75,-56.67,112.56,79.02,299.69,312.37,113.34,79.58,299.91,312.35,1.0
2018-08-18 11:33:00,89.55557,36.84776,963.893,273.04,80.7,355.8,10.09,1.86,-56.4,112.96,79.16,299.78,312.08,112.99,79.58,299.95,312.44,1.0
2018-08-18 11:33:00,89.55557,36.8478,963.911,273.04,80.8,355.6,7.93,1.99,-56.62,113.35,79.09,299.68,312.36,112.68,79.58,299.96,312.48,1.0
2018-08-18 11:33:00,89.55557,36.84781,963.921,273.04,80.8,355.5,4.35,1.77,-57.36,112.89,79.09,299.78,312.17,112.45,79.59,299.86,312.37,1.0
2018-08-18 11:33:00,89.55557,36.84782,963.945,273.03,80.7,355.3,4.36,1.89,-57.18,113.81,79.16,299.79,312.08,112.3,79.61,299.78,312.2,1.0
2018-08-18 11:33:00,89.55557,36.84784,963.947,273.03,80.7,355.3,5.22,1.94,-57.26,112.76,79.16,299.7,312.37,112.25,79.63,299.76,312.09,1.0
2018-08-18 11:33:00,89.55557,36.84785,963.916,273.03,80.8,355.6,6.5,1.97,-57.28,113.02,79.16,300.07,312.08,112.27,79.66,299.78,312.02,1.0
2018-08-18 11:33:00,89.55557,36.84787,963.871,273.04,80.7,356.0,8.34,2.1,-56.94,111.91,79.16,299.29,312.04,112.34,79.69,299.79,311.93,1.0
2018-08-18 11:33:00,89.55557,36.84788,963.878,273.03,80.7,355.9,11.03,2.43,-56.45,113.15,79.23,298.28,310.83,112.43,79.72,299.81,311.76,1.0
2018-08-18 11:33:00,89.55557,36.84789,963.905,273.03,80.7,355.7,13.82,2.32,-56.7,112.76,79.09,298.52,310.33,112.52,79.74,299.79,311.62,1.0
2018-08-18 11:33:00,89.55557,36.84791,963.92,273.03,80.7,355.5,15.31,2.32,-55.99,113.09,79.16,299.14,311.28,112.59,79.76,299.77,311.53,1.0
2018-08-18 11:33:00,89.55557,36.84792,963.921,273.03,80.7,355.5,15.88,2.34,-55.23,113.55,79.36,299.61,312.27,112.63,79.76,299.73,311.6,1.0
2018-08-18 11:33:00,89.55557,36.84794,963.915,273.03,80.8,355.6,15.76,2.27,-54.94,113.48,79.3,299.84,311.98,112.66,79.76,299.73,311.74,1.0
2018-08-18 11:33:00,89.55557,36.84795,963.933,273.03,80.8,355.4,14.62,2.13,-54.71,112.5,79.3,300.15,311.3,112.67,79.75,299.82,311.85,1.0
2018-08-18 11:33:00,89.55557,36.84796,963.946,273.04,80.8,355.3,14.21,2.16,-55.54,112.56,79.3,299.91,311.47,112.7,79.74,299.93,312.05,1.0
2018-08-18 11:33:00,89.55557,36.84798,963.941,273.03,80.8,355.4,13.13,2.39,-56.27,112.89,79.3,299.6,311.5,112.74,79.73,300.02,312.27,1.0
2018-08-18 11:33:00,89.55557,36.84799,963.94,273.03,80.8,355.4,12.98,2.53,-56.58,112.7,79.09,299.78,313.03,112.82,79.73,300.05,312.37,1.0
2018-08-18 11:33:00,89.55557,36.84801,963.921,273.03,80.7,355.5,13.21,2.62,-56.74,113.15,79.3,300.03,313.18,112.94,79.74,300.05,312.37,1.0
2018-08-18 11:33:00,89.55557,36.84802,963.854,273.03,80.8,356.1,13.0,2.75,-56.98,112.7,79.3,300.92,312.38,113.08,79.76,300.07,312.35,1.0
2018-08-18 11:33:00,89.55557,36.84803,963.934,273.02,80.8,355.4,13.37,2.89,-56.7,112.5,79.3,299.9,312.28,113.24,79.78,300.14,312.39,1.0
2018-08-18 11:33:00,89.55557,36.84804,963.884,273.03,80.8,355.8,13.22,2.6,-57.08,112.96,79.43,300.07,312.27,113.39,79.81,300.17,312.37,1.0
2018-08-18 11:33:00,89.55557,36.84806,963.889,273.02,80.8,355.8,13.12,2.66,-57.35,113.48,79.43,299.88,312.37,113.51,79.84,300.18,312.33,1.0
2018-08-18 11:33:00,89.55557,36.84807,963.919,273.02,80.8,355.6,12.95,2.64,-57.24,113.28,79.36,299.98,312.38,113.58,79.86,300.19,312.17,1.0
2018-08-18 11:33:00,89.55557,36.84808,963.91,273.02,80.8,355.6,13.01,2.41,-56.89,112.5,79.3,299.81,312.4,113.59,79.87,300.15,311.98,1.0
2018-08-18 11:33:00,89.55557,36.8481,963.873,273.02,80.8,355.9,14.14,2.39,-56.93,112.83,79.43,300.82,312.35,113.54,79.86,300.06,311.91,1.0
2018-08-18 11:33:00,89.55558,36.84811,963.843,273.01,80.8,356.2,13.77,2.53,-56.04,113.09,79.36,299.99,312.39,113.45,79.83,300.05,311.89,1.0
2018-08-18 11:33:00,89.55558,36.84812,963.846,273.02,80.8,356.2,15.31,2.22,-54.28,113.74,79.3,299.88,312.36,113.33,79.79,300.03,311.91,1.0
2018-08-18 11:33:00,89.55558,36.84816,963.865,273.02,80.8,356.0,17.26,2.03,-53.01,112.63,79.43,299.79,312.38,113.22,79.74,300.02,311.97,1.0
2018-08-18 11:33:00,89.55558,36.84819,963.891,273.02,80.8,355.8,17.87,1.96,-52.52,112.5,79.43,299.89,312.43,113.13,79.68,300.0,312.06,1.0
2018-08-18 11:33:00,89.55558,36.84823,963.922,273.02,80.8,355.5,16.08,1.64,-52.2,113.09,79.57,299.8,312.36,113.09,79.63,299.97,312.12,1.0
2018-08-18 11:33:00,89.55558,36.84827,963.941,273.02,80.7,355.4,14.53,1.68,-52.13,113.28,79.43,299.8,312.26,113.12,79.6,299.89,312.05,1.0
2018-08-18 11:33:00,89.55558,36.8483,963.934,273.03,80.8,355.4,15.59,1.61,-52.26,113.35,79.43,299.79,312.08,113.21,79.59,299.88,312.08,1.0
2018-08-18 11:33:00,89.55558,36.84834,963.926,273.03,80.8,355.5,16.41,1.7,-52.46,112.5,79.43,299.89,312.38,113.35,79.61,299.89,312.09,1.0
2018-08-18 11:33:00,89.55558,36.84838,963.912,273.03,80.8,355.6,17.08,1.75,-52.8,113.61,79.43,299.98,311.99,113.52,79.66,299.91,312.06,1.0
2018-08-18 11:33:00,89.55558,36.84841,963.881,273.02,80.8,355.9,17.92,1.66,-53.28,112.76,79.5,299.79,311.87,113.68,79.73,299.92,312.01,1.0
2018-08-18 11:33:00,89.55558,36.84845,963.892,273.02,80.8,355.8,18.52,1.79,-53.52,112.37,79.3,299.78,310.41,113.82,79.83,299.94,311.95,1.0
2018-08-18 11:33:00,89.55558,36.84849,963.87,273.01,80.8,356.0,18.01,2.07,-53.83,113.15,79.36,299.51,311.51,113.89,79.93,299.96,311.87,1.0
2018-08-18 11:33:00,89.55558,36.84852,963.914,273.02,80.8,355.6,18.21,2.02,-54.12,113.55,79.5,300.08,312.07,113.88,80.03,299.98,311.81,1.0
2018-08-18 11:33:00,89.55558,36.84856,963.942,273.02,80.8,355.4,17.88,2.03,-54.55,113.48,79.5,299.8,312.27,113.8,80.12,299.99,311.76,1.0
2018-08-18 11:33:00,89.55558,36.84859,963.918,273.01,80.8,355.6,17.62,2.22,-55.09,113.09,79.5,299.8,312.38,113.65,80.19,300.0,311.75,1.0
2018-08-18 11:33:00,89.55558,36.84862,963.955,273.01,80.8,355.3,19.35,2.39,-55.57,113.48,79.64,299.7,312.38,113.45,80.22,300.02,311.79,1.0
2018-08-18 11:33:00,89.55558,36.84865,963.935,273.01,80.8,355.4,20.92,2.62,-55.55,112.44,79.5,299.89,311.99,113.24,80.22,300.03,311.9,1.0
2018-08-18 11:33:00,89.55558,36.84868,963.928,273.01,80.8,355.5,20.39,2.54,-55.84,113.09,79.71,299.98,312.27,113.05,80.2,300.04,311.92,1.0
2018-08-18 11:33:00,89.55558,36.84871,963.895,273.01,80.8,355.8,18.83,2.54,-56.21,113.15,79.5,299.98,312.37,112.89,80.15,300.05,311.94,1.0
2018-08-18 11:33:00,89.55558,36.84874,963.869,273.01,80.8,356.0,16.81,2.58,-56.62,113.81,79.5,299.9,312.27,112.8,80.09,300.05,311.99,1.0
2018-08-18 11:33:00,89.55558,36.84878,963.918,273.01,80.8,355.6,14.67,2.52,-56.93,113.15,79.71,299.9,311.98,112.78,80.02,300.05,312.06,1.0
2018-08-18 11:33:00,89.55558,36.84881,963.953,273.01,80.8,355.3,12.83,2.48,-56.56,113.55,79.57,299.8,311.3,112.81,79.96,300.02,312.1,1.0
2018-08-18 11:33:00,89.55558,36.84884,963.933,273.01,80.8,355.4,10.43,2.35,-57.88,112.37,79.78,300.0,311.31,112.89,79.91,300.01,312.1,1.0
2018-08-18 11:33:00,89.55558,36.84887,963.944,273.01,80.8,355.3,9.6,2.32,-57.54,113.02,79.57,300.0,311.37,112.97,79.87,300.0,312.07,1.0
2018-08-18 11:33:00,89.55558,36.8489,963.959,273.01,80.8,355.2,11.73,2.34,-56.5,113.15,79.71,299.9,311.95,113.04,79.84,299.99,312.02,1.0
2018-08-18 11:33:00,89.55558,36.84893,963.926,273.0,80.8,355.5,16.62,2.34,-55.72,113.28,79.57,300.01,312.2,113.06,79.83,299.98,311.95,1.0
2018-08-18 11:33:00,89.55558,36.84894,963.858,273.01,80.8,356.1,21.72,2.23,-55.35,112.37,79.5,299.77,312.17,113.02,79.82,299.97,311.91,1.0
2018-08-18 11:33:00,89.55558,36.84894,963.884,273.0,80.8,355.8,26.73,2.05,-54.75,112.83,79.71,299.76,312.08,112.93,79.8,299.97,311.95,1.0
2018-08-18 11:33:00,89.55558,36.84895,963.916,273.01,80.8,355.6,28.53,2.08,-54.76,113.81,79.57,299.89,312.37,112.78,79.77,299.96,312.01,1.0
2018-08-18 11:33:00,89.55558,36.84895,963.918,273.01,80.8,355.6,28.67,2.12,-54.87,113.61,79.71,299.79,312.38,112.6,79.74,299.96,312.07,1.0
2018-08-18 11:33:00,89.55558,36.84895,963.903,273.0,80.8,355.7,28.2,2.13,-54.76,113.15,79.64,299.89,312.09,112.43,79.69,299.95,312.08,1.0
2018-08-18 11:33:00,89.55558,36.84895,963.936,273.0,80.8,355.4,27.54,2.1,-54.42,112.7,79.78,299.99,312.18,112.29,79.64,299.95,312.01,1.0
2018-08-18 11:33:00,89.55558,36.84896,963.97,273.0,80.8,355.1,24.55,2.18,-54.82,113.87,79.57,300.17,312.28,112.22,79.6,299.96,311.99,1.0
2018-08-18 11:33:00,89.55558,36.84896,963.941,273.0,80.8,355.4,23.8,2.08,-53.68,112.56,79.71,299.89,312.18,112.23,79.57,299.94,312.01,1.0
2018-08-18 11:33:00,89.55558,36.84896,963.891,273.0,80.8,355.8,24.25,2.17,-53.1,112.56,79.78,299.8,312.28,112.33,79.56,299.91,312.03,1.0
2018-08-18 11:33:00,89.55558,36.84897,963.88,273.0,80.8,355.9,25.19,2.28,-52.73,113.15,79.64,299.89,311.65,112.52,79.59,299.88,312.02,1.0
2018-08-18 11:33:00,89.55558,36.84897,963.951,273.0,80.8,355.3,26.22,2.24,-52.08,112.63,79.57,299.88,311.02,112.78,79.66,299.85,312.0,1.0
2018-08-18 11:33:00,89.55558,36.84897,963.924,273.0,80.8,355.5,27.36,2.24,-51.85,112.17,79.5,299.78,311.61,113.08,79.77,299.82,311.97,1.0
2018-08-18 11:33:00,89.55558,36.84896,963.936,273.0,80.8,355.4,28.24,2.02,-51.02,113.28,79.57,299.71,312.31,113.4,79.91,299.8,311.94,1.0
2018-08-18 11:33:00,89.55558,36.84895,963.945,273.0,80.8,355.3,26.48,1.85,-49.39,113.22,79.57,300.09,312.09,113.7,80.08,299.79,311.9,1.0
2018-08-18 11:33:00,89.55558,36.84894,963.937,273.0,80.8,355.4,23.92,1.89,-48.84,113.09,79.71,299.9,312.28,113.95,80.25,299.8,311.88,1.0
2018-08-18 11:33:00,89.55558,36.84893,963.917,273.0,80.8,355.6,21.71,2.13,-50.33,113.55,79.78,300.08,312.09,114.15,80.41,299.82,311.91,1.0
2018-08-18 11:33:00,89.55558,36.84892,963.912,273.0,80.8,355.6,20.14,2.47,-53.86,113.02,79.71,299.72,312.28,114.28,80.55,299.86,312.01,1.0
2018-08-18 11:33:00,89.55558,36.84891,963.908,272.99,80.8,355.6,16.94,2.95,-53.78,113.02,79.71,300.19,312.57,114.34,80.65,299.91,312.07,1.0
2018-08-18 11:33:00,89.55558,36.8489,963.897,272.99,80.8,355.7,14.71,3.0,-54.78,112.7,79.64,300.0,312.09,114.34,80.71,299.95,312.09,1.0
2018-08-18 11:33:00,89.55558,36.84889,963.906,272.99,80.8,355.7,14.59,2.82,-55.13,113.42,79.85,299.81,312.28,114.28,80.73,299.99,312.11,1.0
2018-08-18 11:33:00,89.55558,36.84888,963.934,272.99,80.8,355.4,15.82,2.73,-55.1,113.48,79.92,299.91,312.09,114.17,80.7,300.02,312.11,1.0
2018-08-18 11:33:00,89.55558,36.84887,963.953,272.99,80.8,355.3,17.1,2.87,-55.28,113.42,79.85,299.91,312.18,114.02,80.63,300.03,312.09,1.0
2018-08-18 11:33:00,89.55559,36.84886,963.957,272.99,80.8,355.2,18.17,2.67,-54.06,112.56,79.78,300.0,312.28,113.84,80.54,300.01,312.05,1.0
2018-08-18 11:33:00,89.55559,36.84885,963.976,272.99,80.8,355.1,15.91,2.87,-54.61,113.15,80.06,299.81,312.09,113.63,80.43,299.98,311.92,1.0
2018-08-18 11:33:00,89.55559,36.84884,963.953,272.99,80.8,355.3,13.0,2.79,-54.83,113.48,79.85,299.91,312.17,113.39,80.31,299.94,311.77,1.0
2018-08-18 11:33:00,89.55559,36.84883,963.945,272.99,80.8,355.3,11.17,2.76,-54.97,113.28,79.92,299.91,312.37,113.13,80.19,299.89,311.66,1.0
2018-08-18 11:33:00,89.55559,36.84882,963.996,272.99,80.8,354.9,11.27,2.85,-55.27,113.42,79.92,300.0,312.29,112.86,80.07,299.84,311.6,1.0
2018-08-18 11:33:00,89.55559,36.84881,963.988,272.98,80.8,355.0,13.14,2.64,-55.45,113.74,79.78,299.81,311.98,112.6,79.97,299.81,311.55,1.0
2018-08-18 11:33:00,89.55559,36.84881,963.96,272.98,80.8,355.2,13.23,2.63,-54.98,113.48,79.92,299.9,311.23,112.35,79.87,299.79,311.53,1.0
2018-08-18 11:33:00,89.55559,36.84882,963.932,272.98,80.8,355.4,15.07,2.35,-53.96,112.83,79.78,299.9,311.13,112.14,79.78,299.79,311.54,1.0
2018-08-18 11:33:00,89.55559,36.84882,963.93,272.98,80.8,355.5,17.29,2.1,-53.5,112.89,79.99,300.0,311.85,111.99,79.7,299.81,311.57,1.0
2018-08-18 11:33:00,89.55559,36.84883,963.951,272.98,80.8,355.3,18.99,2.11,-53.63,112.7,79.92,300.0,312.09,111.91,79.62,299.86,311.59,1.0
2018-08-18 11:33:00,89.55559,36.84884,963.963,272.98,80.8,355.2,19.61,2.39,-53.75,113.48,79.92,299.91,312.28,111.91,79.56,299.93,311.58,1.0
2018-08-18 11:33:00,89.55559,36.84884,963.978,272.98,80.8,355.1,18.31,2.53,-53.99,113.28,79.92,300.09,312.09,111.99,79.52,299.98,311.64,1.0
2018-08-18 11:33:00,89.55559,36.84885,963.95,272.98,80.8,355.3,15.85,2.76,-54.65,112.3,79.78,299.91,312.0,112.12,79.49,300.03,311.75,1.0
2018-08-18 11:33:00,89.55559,36.84886,963.926,272.98,80.8,355.5,14.51,2.85,-55.23,113.48,79.92,299.81,312.3,112.29,79.49,300.06,311.86,1.0
2018-08-18 11:33:00,89.55559,36.84886,963.919,272.98,80.8,355.6,13.62,2.86,-55.56,112.89,79.71,300.14,311.72,112.48,79.52,300.07,311.91,1.0
2018-08-18 11:33:00,89.55559,36.84887,963.941,272.97,80.8,355.4,12.02,2.84,-55.81,113.48,79.78,299.93,311.0,112.66,79.59,300.06,311.91,1.0
2018-08-18 11:33:00,89.55559,36.84887,963.977,272.98,80.8,355.1,11.37,2.51,-57.55,112.44,79.78,299.8,311.8,112.79,79.68,300.05,311.91,1.0
2018-08-18 11:33:00,89.55559,36.84887,963.982,272.98,80.8,355.0,12.36,2.4,-56.82,113.02,79.99,300.1,312.18,112.87,79.81,300.04,311.91,1.0
2018-08-18 11:33:00,89.55559,36.84888,963.971,272.98,80.8,355.1,13.45,2.21,-56.54,113.09,79.85,300.09,312.27,112.89,79.96,300.03,311.9,1.0
2018-08-18 11:33:00,89.55559,36.84888,963.936,272.98,80.8,355.4,12.63,2.0,-56.41,112.3,79.71,299.79,312.03,112.86,80.13,300.02,311.89,1.0
2018-08-18 11:33:00,89.55559,36.84889,963.896,272.98,80.8,355.7,10.41,1.93,-56.25,112.83,79.57,299.53,311.73,112.78,80.3,299.99,311.91,1.0
2018-08-18 11:33:00,89.55559,36.84889,963.95,272.98,80.8,355.3,9.74,2.18,-56.11,113.74,79.78,299.83,312.09,112.7,80.46,299.94,311.96,1.0
2018-08-18 11:33:00,89.55559,36.84889,963.933,272.97,80.8,355.4,7.49,2.06,-56.26,113.42,79.99,299.91,312.07,112.62,80.6,299.92,311.94,1.0
2018-08-18 11:33:00,89.55559,36.8489,963.922,272.98,80.8,355.5,5.17,1.94,-57.08,113.09,79.92,300.1,312.17,112.57,80.71,299.89,311.91,1.0
2018-08-18 11:33:00,89.55559,36.8489,963.915,272.98,80.8,355.6,3.64,1.97,-57.6,112.7,80.06,299.91,312.08,112.56,80.79,299.85,311.87,1.0
2018-08-18 11:33:00,89.55559,36.8489,963.924,272.97,80.8,355.5,2.98,2.09,-57.41,112.89,79.99,299.91,312.27,112.6,80.82,299.8,311.81,1.0
2018-08-18 11:33:00,89.55559,36.84891,963.977,272.97,80.8,355.1,3.13,2.15,-56.58,112.76,80.06,300.0,311.88,112.68,80.79,299.71,311.75,1.0
2018-08-18 11:33:00,89.55559,36.84889,964.044,272.97,80.8,354.5,4.55,2.0,-56.11,112.56,79.78,300.0,312.27,112.77,80.72,299.62,311.69,1.0
2018-08-18 11:33:00,89.55559,36.84886,964.019,272.97,80.8,354.7,5.33,2.32,-55.44,112.76,80.06,300.0,311.88,112.85,80.59,299.51,311.74,1.0
2018-08-18 11:33:00,89.55559,36.84883,963.981,272.97,80.8,355.0,6.55,2.3,-55.03,112.63,79.99,300.1,312.27,112.91,80.43,299.44,311.73,1.0
2018-08-18 11:33:00,89.55559,36.8488,963.934,272.97,80.8,355.4,6.64,2.29,-54.45,113.15,80.06,299.73,312.08,112.93,80.23,299.4,311.72,1.0
2018-08-18 11:33:00,89.55559,36.84878,963.889,272.97,80.8,355.8,5.6,2.45,-53.55,113.48,80.12,299.51,312.18,112.89,80.01,299.39,311.74,1.0
2018-08-18 11:33:00,89.55559,36.84875,963.934,272.96,80.8,355.4,5.73,2.54,-52.62,113.02,80.06,299.71,312.05,112.81,79.79,299.4,311.79,1.0
2018-08-18 11:33:00,89.55559,36.84872,963.903,272.97,80.8,355.7,7.48,2.54,-51.74,112.11,79.99,299.52,313.07,112.69,79.59,299.44,311.85,1.0
2018-08-18 11:33:00,89.55559,36.84869,963.857,272.96,80.8,356.1,7.5,2.72,-51.33,113.55,79.99,299.66,312.19,112.56,79.43,299.45,311.92,1.0
2018-08-18 11:33:00,89.55559,36.84867,963.877,272.96,80.8,355.9,7.05,2.69,-51.01,113.42,79.99,299.82,311.97,112.44,79.31,299.44,311.97,1.0
2018-08-18 11:33:00,89.55559,36.84864,963.941,272.96,80.8,355.4,5.92,2.58,-51.09,112.89,80.06,299.9,312.27,112.37,79.26,299.44,311.99,1.0
2018-08-18 11:33:00,89.55559,36.84861,963.895,272.96,80.8,355.7,3.34,2.73,-51.99,112.89,79.92,299.9,311.98,112.36,79.29,299.46,311.96,1.0
2018-08-18 11:33:00,89.5556,36.84858,963.946,272.96,80.8,355.3,2.8,2.67,-51.7,111.91,79.99,300.01,311.87,112.41,79.38,299.51,311.91,1.0
2018-08-18 11:33:00,89.5556,36.84856,963.931,272.95,80.8,355.4,3.83,2.72,-51.32,113.48,79.92,299.42,311.77,112.52,79.55,299.55,311.74,1.0
2018-08-18 11:33:00,89.5556,36.84854,963.891,272.95,80.8,355.8,4.9,2.69,-50.61,112.04,79.78,298.97,311.42,112.67,79.76,299.54,311.61,1.0
2018-08-18 11:33:00,89.5556,36.84851,963.869,272.96,80.8,356.0,5.77,2.61,-50.01,112.76,79.64,298.82,311.29,112.84,80.01,299.51,311.52,1.0
2018-08-18 11:33:00,89.5556,36.84849,963.959,272.95,80.8,355.2,6.5,2.56,-50.26,112.3,79.64,298.67,311.39,112.97,80.28,299.47,311.45,1.0
2018-08-18 11:33:00,89.5556,36.84847,963.912,272.95,80.8,355.6,7.95,2.51,-50.58,113.87,79.99,299.46,311.89,113.06,80.52,299.46,311.41,1.0
2018-08-18 11:33:00,89.5556,36.84845,963.851,272.95,80.8,356.1,9.16,2.6,-50.45,113.02,79.99,299.82,311.79,113.07,80.74,299.46,311.43,1.0
2018-08-18 11:33:00,89.5556,36.84843,963.861,272.96,80.8,356.0,8.03,2.69,-50.9,113.15,80.12,299.92,311.97,113.0,80.9,299.54,311.5,1.0
2018-08-18 11:33:00,89.5556,36.84841,963.915,272.96,80.8,355.6,6.59,2.57,-51.43,113.28,80.06,299.92,312.26,112.85,80.99,299.68,311.65,1.0
2018-08-18 11:33:00,89.5556,36.84839,963.964,272.95,80.8,355.2,6.42,2.36,-51.65,111.91,80.06,299.92,312.26,112.66,81.03,299.85,311.85,1.0
2018-08-18 11:33:00,89.5556,36.84837,963.966,272.95,80.8,355.2,8.04,2.48,-51.48,112.56,79.99,300.01,311.87,112.45,81.0,300.01,312.06,1.0
2018-08-18 11:33:00,89.5556,36.84834,963.889,272.95,80.8,355.8,8.81,2.31,-51.32,113.35,80.19,300.09,312.07,112.26,80.92,300.12,312.23,1.0
2018-08-18 11:33:00,89.5556,36.84832,963.859,272.95,80.8,356.0,6.44,1.98,-51.42,112.56,80.06,299.71,311.78,112.15,80.81,300.21,312.37,1.0
2018-08-18 11:33:00,89.5556,36.8483,963.886,272.95,80.8,355.8,4.29,1.81,-51.54,113.02,80.19,299.91,312.24,112.14,80.69,300.28,312.46,1.0
2018-08-18 11:33:00,89.5556,36.84828,963.928,272.94,80.8,355.5,4.03,1.85,-51.7,113.09,80.06,299.82,312.0,112.26,80.57,300.32,312.48,1.0
2018-08-18 11:33:00,89.5556,36.84827,963.919,272.95,80.8,355.5,5.73,1.98,-51.89,112.63,80.12,299.91,311.7,112.49,80.46,300.31,312.44,1.0
2018-08-18 11:33:00,89.5556,36.84825,963.952,272.95,80.8,355.3,6.71,1.72,-51.58,112.56,80.12,299.82,311.89,112.83,80.38,300.27,312.34,1.0
2018-08-18 11:33:00,89.5556,36.84823,963.938,272.95,80.8,355.4,7.4,1.66,-51.13,112.96,80.19,299.81,311.85,113.23,80.32,300.21,312.21,1.0
2018-08-18 11:33:00,89.5556,36.84822,963.916,272.95,80.8,355.6,6.35,1.64,-50.82,111.98,80.19,299.91,312.01,113.65,80.29,300.14,312.1,1.0
2018-08-18 11:33:00,89.5556,36.8482,963.906,272.95,80.8,355.6,5.84,1.72,-50.4,112.83,79.99,300.11,312.08,114.03,80.27,300.07,311.98,1.0
2018-08-18 11:33:00,89.5556,36.84818,963.922,272.95,80.8,355.5,6.74,1.82,-49.64,112.7,80.26,300.01,311.98,114.32,80.27,300.02,311.86,1.0
2018-08-18 11:33:00,89.5556,36.84816,963.959,272.95,80.8,355.2,7.1,1.61,-48.42,113.42,80.06,300.19,311.98,114.48,80.26,299.96,311.8,1.0
2018-08-18 11:33:00,89.5556,36.84815,963.896,272.94,80.8,355.7,8.26,1.48,-48.28,112.7,80.12,299.92,312.07,114.48,80.25,299.95,311.81,1.0
2018-08-18 11:33:00,89.5556,36.84813,963.91,272.94,80.8,355.6,9.16,1.59,-48.36,113.55,80.12,299.86,312.39,114.33,80.22,299.97,311.85,1.0
2018-08-18 11:33:00,89.5556,36.84811,963.944,272.94,80.8,355.3,10.59,1.63,-48.48,112.89,80.33,300.06,312.2,114.04,80.18,300.0,311.95,1.0
2018-08-18 11:33:00,89.5556,36.84809,963.937,272.94,80.8,355.4,11.99,1.53,-48.68,113.28,80.12,299.72,312.16,113.65,80.13,300.04,312.07,1.0
2018-08-18 11:33:00,89.5556,36.84808,963.872,272.94,80.8,355.9,11.96,1.41,-49.05,113.09,80.19,299.6,311.87,113.18,80.08,300.06,312.19,1.0
2018-08-18 11:33:00,89.5556,36.84806,963.975,272.94,80.8,355.1,9.74,1.39,-48.96,113.15,80.26,299.74,312.08,112.71,80.03,300.06,312.31,1.0
2018-08-18 11:33:00,89.5556,36.84804,963.954,272.94,80.8,355.3,8.92,1.43,-48.64,112.63,80.12,300.17,311.79,112.26,79.99,300.03,312.4,1.0
2018-08-18 11:33:00,89.5556,36.84801,963.943,272.94,80.8,355.3,10.27,1.36,-48.66,113.28,80.06,299.65,311.98,111.89,79.97,299.99,312.42,1.0
2018-08-18 11:33:00,89.5556,36.84798,963.954,272.94,80.8,355.3,12.09,1.32,-48.69,113.02,79.92,299.83,312.27,111.61,79.97,299.93,312.41,1.0
2018-08-18 11:33:00,89.5556,36.84796,963.929,272.94,80.8,355.5,12.67,1.43,-48.42,112.96,80.19,299.74,311.7,111.44,79.99,299.88,312.4,1.0
2018-08-18 11:33:00,89.5556,36.84793,963.891,272.93,80.8,355.8,12.87,1.61,-48.53,112.7,80.19,299.92,311.79,111.38,80.04,299.84,312.35,1.0
2018-08-18 11:33:00,89.5556,36.8479,963.884,272.94,80.8,355.8,12.25,2.02,-49.13,112.7,80.12,300.11,311.7,111.42,80.1,299.82,312.28,1.0
2018-08-18 11:33:00,89.5556,36.84787,963.928,272.94,80.8,355.5,11.93,2.09,-49.26,112.7,80.12,300.02,312.08,111.53,80.18,299.8,312.2,1.0
2018-08-18 11:33:00,89.5556,36.84784,963.957,272.94,80.8,355.2,12.21,2.09,-49.17,113.15,80.12,300.02,311.99,111.7,80.25,299.8,312.12,1.0
2018-08-18 11:33:00,89.5556,36.84781,963.93,272.94,80.8,355.4,13.54,2.16,-49.1,112.7,80.19,299.92,312.1,111.9,80.32,299.83,312.04,1.0
2018-08-18 11:33:00,89.5556,36.84778,963.882,272.93,80.8,355.9,18.36,2.33,-49.41,112.96,80.12,300.03,311.98,112.12,80.37,299.87,311.97,1.0
2018-08-18 11:33:00,89.5556,36.84774,963.925,272.94,80.8,355.5,20.56,2.26,-49.11,111.98,80.26,300.1,312.08,112.34,80.4,299.91,311.92,1.0
2018-08-18 11:33:00,89.5556,36.84769,963.914,272.93,80.9,355.6,21.13,2.51,-47.92,112.63,79.99,299.92,311.98,112.57,80.4,299.95,311.87,1.0
2018-08-18 11:33:00,89.5556,36.84765,963.902,272.93,80.9,355.7,18.85,2.76,-48.49,112.56,80.12,299.83,312.08,112.78,80.38,299.97,311.84,1.0
2018-08-18 11:33:00,89.5556,36.8476,963.904,272.93,80.9,355.7,15.2,2.93,-49.98,113.09,80.12,300.11,311.98,112.99,80.33,299.97,311.81,1.0
2018-08-18 11:33:00,89.5556,36.84755,963.898,272.93,80.9,355.7,12.31,3.07,-50.66,112.76,80.26,299.92,312.27,113.18,80.26,299.95,311.8,1.0
2018-08-18 11:33:00,89.5556,36.84751,963.953,272.93,80.9,355.3,10.72,3.03,-51.02,112.96,80.12,299.74,312.27,113.35,80.18,299.91,311.78,1.0
2018-08-18 11:33:00,89.5556,36.84746,963.884,272.93,80.9,355.8,10.41,3.05,-50.36,113.15,80.19,300.11,311.89,113.48,80.09,299.87,311.79,1.0
2018-08-18 11:33:00,89.5556,36.84742,963.855,272.93,80.9,356.1,11.54,3.01,-49.53,111.98,80.26,299.92,312.37,113.56,80.01,299.82,311.79,1.0
2018-08-18 11:33:00,89.5556,36.84737,963.86,272.93,80.9,356.0,13.51,2.83,-48.57,113.09,80.19,300.1,312.08,113.56,79.93,299.78,311.79,1.0
2018-08-18 11:33:00,89.5556,36.84732,963.851,272.93,80.9,356.1,15.44,2.56,-47.89,112.89,80.33,299.82,311.98,113.48,79.86,299.76,311.79,1.0
2018-08-18 11:33:00,89.5556,36.84728,963.84,272.93,80.9,356.2,16.4,2.57,-48.64,112.96,80.12,299.82,311.99,113.32,79.81,299.76,311.8,1.0
2018-08-18 11:33:00,89.5556,36.84723,963.837,272.93,80.9,356.2,15.88,2.84,-48.74,112.56,80.12,300.0,312.17,113.07,79.77,299.76,311.89,1.0
2018-08-18 11:33:00,89.5556,36.84718,963.874,272.92,80.9,355.9,15.27,2.86,-49.47,112.56,80.06,300.05,312.03,112.75,79.75,299.76,311.95,1.0
2018-08-18 11:33:00,89.5556,36.84715,963.884,272.92,80.9,355.8,13.36,2.89,-50.45,112.7,79.71,299.93,311.99,112.39,79.74,299.75,311.99,1.0
2018-08-18 11:33:00,89.5556,36.84713,963.845,272.93,80.9,356.1,10.81,2.92,-50.74,113.55,80.12,299.94,311.79,112.02,79.74,299.76,312.01,1.0
2018-08-18 11:33:00,89.5556,36.84711,963.841,272.92,80.9,356.2,9.44,2.78,-49.59,113.48,80.19,299.83,311.91,111.7,79.75,299.79,312.01,1.0
2018-08-18 11:33:00,89.5556,36.84709,963.851,272.92,80.9,356.1,9.38,2.7,-50.01,112.89,80.33,299.73,312.68,111.44,79.77,299.82,312.01,1.0
2018-08-18 11:33:00,89.5556,36.84707,963.902,272.92,80.9,355.7,9.48,2.6,-50.41,112.7,80.12,299.49,312.38,111.3,79.78,299.82,312.01,1.0
2018-08-18 11:33:00,89.5556,36.84705,963.875,272.92,80.9,355.9,10.37,2.51,-50.75,111.91,80.06,299.31,312.24,111.28,79.8,299.79,312.01,1.0
2018-08-18 11:33:00,89.5556,36.84703,963.814,272.92,80.9,356.4,12.15,2.51,-51.14,112.11,79.85,299.51,311.93,111.38,79.83,299.76,312.03,1.0
2018-08-18 11:33:00,89.5556,36.84701,963.897,272.92,80.9,355.7,13.93,2.67,-51.77,112.89,80.19,299.83,311.88,111.6,79.87,299.74,312.05,1.0
2018-08-18 11:33:00,89.5556,36.84698,963.875,272.93,80.9,355.9,11.42,2.8,-52.69,113.28,80.12,299.94,311.88,111.91,79.92,299.73,312.06,1.0
2018-08-18 11:33:00,89.5556,36.84696,963.876,272.92,80.9,355.9,7.81,2.9,-52.99,112.37,80.12,300.03,311.8,112.26,79.98,299.73,312.01,1.0
2018-08-18 11:33:00,89.5556,36.84694,963.892,272.92,80.9,355.8,5.31,2.83,-53.72,112.37,79.78,299.61,312.08,112.62,80.05,299.78,311.98,1.0
2018-08-18 11:33:00,89.5556,36.84692,963.89,272.92,80.9,355.8,4.02,2.68,-53.94,111.72,79.92,299.81,311.98,112.94,80.13,299.84,311.97,1.0
2018-08-18 11:33:00,89.5556,36.84691,963.859,272.92,80.9,356.0,3.32,2.59,-53.46,112.44,80.19,300.02,312.08,113.19,80.21,299.89,311.98,1.0
2018-08-18 11:33:00,89.5556,36.8469,963.883,272.92,80.9,355.8,1.89,2.61,-53.4,113.61,80.12,299.84,311.7,113.35,80.3,299.91,312.02,1.0
2018-08-18 11:33:00,89.5556,36.8469,963.834,272.92,80.9,356.2,-1.16,2.37,-53.42,112.56,80.12,299.94,311.9,113.41,80.37,299.93,312.06,1.0
2018-08-18 11:33:00,89.5556,36.84689,963.862,272.92,81.0,356.0,0.3,2.61,-53.11,112.5,79.92,300.03,311.99,113.39,80.43,299.94,312.09,1.0
2018-08-18 11:33:00,89.5556,36.84688,963.864,272.92,81.0,356.0,2.04,2.75,-52.9,113.09,80.19,299.94,312.27,113.3,80.47,299.96,312.13,1.0
2018-08-18 11:33:00,89.5556,36.84687,963.837,272.92,81.0,356.2,3.52,2.68,-52.82,112.83,79.99,299.84,311.98,113.18,80.49,299.97,312.16,1.0
2018-08-18 11:33:00,89.5556,36.84687,963.884,272.92,81.0,355.8,5.82,2.53,-52.68,112.56,80.19,300.03,312.08,113.06,80.48,299.94,312.19,1.0
2018-08-18 11:33:00,89.5556,36.84686,963.846,272.92,81.0,356.1,8.41,2.64,-52.5,112.96,80.19,300.03,311.98,112.97,80.43,299.91,312.2,1.0
2018-08-18 11:33:00,89.5556,36.84685,963.863,272.92,81.0,356.0,11.51,2.41,-52.28,113.09,80.19,299.94,312.19,112.93,80.37,299.89,312.21,1.0
2018-08-18 11:33:00,89.5556,36.84684,963.854,272.92,81.0,356.1,13.82,2.23,-52.33,112.11,80.19,299.93,312.18,112.94,80.29,299.86,312.19,1.0
2018-08-18 11:33:00,89.5556,36.84684,963.842,272.92,81.0,356.2,13.81,2.1,-52.43,112.37,79.99,299.93,311.98,113.01,80.19,299.85,312.17,1.0
2018-08-18 11:33:00,89.5556,36.84683,963.871,272.92,81.0,355.9,11.05,1.98,-52.5,112.3,80.19,299.84,312.09,113.12,80.09,299.85,312.12,1.0
2018-08-18 11:33:00,89.5556,36.84682,963.854,272.91,81.0,356.1,8.41,1.75,-53.02,112.63,80.06,299.94,311.8,113.25,80.0,299.85,312.07,1.0
2018-08-18 11:33:00,89.5556,36.84678,963.871,272.92,81.0,355.9,7.09,1.71,-53.16,113.15,80.12,299.93,311.61,113.37,79.91,299.87,312.0,1.0
2018-08-18 11:33:00,89.5556,36.84675,963.87,272.91,81.0,355.9,7.45,1.8,-52.61,113.22,80.19,299.84,312.0,113.46,79.85,299.89,312.02,1.0
2018-08-18 11:33:00,89.5556,36.84671,963.834,272.91,81.0,356.2,9.49,1.75,-51.66,113.48,80.12,300.12,311.8,113.49,79.8,299.91,312.02,1.0
2018-08-18 11:33:00,89.5556,36.84668,963.79,272.91,81.0,356.6,11.93,1.64,-51.16,112.3,80.12,299.74,311.98,113.47,79.78,299.92,311.99,1.0
2018-08-18 11:33:00,89.5556,36.84664,963.81,272.92,81.0,356.4,12.75,1.81,-52.08,113.28,80.12,299.91,311.79,113.37,79.77,299.93,311.98,1.0
2018-08-18 11:33:00,89.5556,36.84661,963.858,272.91,81.0,356.0,10.77,1.79,-51.6,112.5,80.19,299.92,312.27,113.23,79.79,299.92,311.99,1.0
2018-08-18 11:33:00,89.5556,36.84658,963.865,272.92,81.0,356.0,9.14,1.81,-51.29,112.56,79.92,299.88,312.64,113.04,79.82,299.91,312.03,1.0
2018-08-18 11:33:00,89.5556,36.84654,963.86,272.92,81.0,356.0,6.0,1.76,-51.52,112.37,79.99,299.87,312.56,112.84,79.87,299.88,312.14,1.0
2018-08-18 11:33:00,89.5556,36.84651,963.851,272.91,81.0,356.1,2.94,1.71,-51.84,112.89,79.99,299.84,312.09,112.63,79.93,299.89,312.26,1.0
2018-08-18 11:33:00,89.5556,36.84647,963.825,272.91,81.0,356.3,2.35,1.8,-51.7,113.42,80.19,299.84,311.99,112.46,80.0,299.92,312.35,1.0
2018-08-18 11:33:00,89.5556,36.84644,963.84,272.91,81.0,356.2,3.59,2.01,-51.9,112.7,79.99,299.84,312.07,112.31,80.06,299.91,312.44,1.0
2018-08-18 11:33:00,89.5556,36.8464,963.821,272.91,81.0,356.3,4.79,2.0,-51.18,113.42,79.99,300.12,311.79,112.22,80.12,299.91,312.49,1.0
2018-08-18 11:33:00,89.5556,36.84637,963.846,272.91,81.0,356.1,5.91,2.07,-51.23,112.83,80.19,299.8,312.5,112.17,80.17,299.92,312.45,1.0
2018-08-18 11:33:00,89.5556,36.84633,963.858,272.91,81.0,356.0,6.62,1.99,-51.79,112.5,80.12,300.26,312.28,112.16,80.21,299.94,312.4,1.0
2018-08-18 11:33:00,89.5556,36.8463,963.819,272.91,81.0,356.4,6.49,1.8,-52.55,112.83,80.12,300.5,312.03,112.18,80.22,299.96,312.37,1.0
2018-08-18 11:33:00,89.5556,36.84624,963.862,272.91,81.0,356.0,5.16,1.89,-53.6,112.17,79.99,299.83,312.36,112.23,80.21,299.98,312.32,1.0
2018-08-18 11:33:00,89.5556,36.84618,963.903,272.91,81.0,355.7,3.03,1.97,-52.53,113.35,80.12,299.92,312.01,112.28,80.18,299.99,312.25,1.0
2018-08-18 11:33:00,89.5556,36.84612,963.876,272.91,81.0,355.9,-0.39,1.75,-54.56,112.5,80.06,299.94,312.09,112.33,80.13,299.99,312.17,1.0
2018-08-18 11:33:00,89.5556,36.84607,963.849,272.91,81.0,356.1,-2.84,1.73,-56.08,111.98,80.06,299.84,312.0,112.36,80.04,299.97,312.04,1.0
2018-08-18 11:33:00,89.5556,36.84601,963.858,272.91,81.0,356.0,-3.72,1.8,-56.42,112.63,80.12,299.85,312.28,112.38,79.95,299.91,311.93,1.0
2018-08-18 11:33:00,89.5556,36.84595,963.883,272.91,81.0,355.8,-3.64,1.57,-56.62,112.89,80.06,299.86,312.0,112.39,79.83,299.82,311.86,1.0
2018-08-18 11:33:00,89.5556,36.84589,963.89,272.91,81.0,355.8,-3.17,1.66,-56.18,113.42,80.12,299.95,312.19,112.4,79.71,299.78,311.8,1.0
2018-08-18 11:33:00,89.5556,36.84583,963.86,272.91,81.0,356.0,-3.47,1.56,-55.83,113.28,80.06,300.14,311.9,112.41,79.59,299.73,311.67,1.0
2018-08-18 11:33:00,89.5556,36.84578,963.815,272.91,81.0,356.4,-2.14,1.71,-55.04,112.37,80.12,299.95,312.1,112.45,79.48,299.7,311.65,1.0
2018-08-18 11:33:00,89.5556,36.84576,963.779,272.91,81.0,356.7,1.48,1.93,-54.27,112.76,79.99,299.86,312.0,112.52,79.39,299.69,311.62,1.0
2018-08-18 11:33:00,89.5556,36.84573,963.763,272.91,81.0,356.8,5.71,2.02,-53.94,112.37,80.12,299.86,312.1,112.63,79.33,299.69,311.55,1.0
2018-08-18 11:33:00,89.5556,36.84571,963.748,272.91,81.0,356.9,4.94,2.01,-54.03,112.11,80.12,300.15,312.09,112.79,79.3,299.71,311.6,1.0
2018-08-18 11:33:00,89.5556,36.84568,963.82,272.91,81.0,356.4,3.65,2.26,-53.94,112.3,79.85,299.69,311.22,113.0,79.31,299.75,311.66,1.0
2018-08-18 11:33:00,89.5556,36.84566,963.823,272.9,81.0,356.3,2.67,2.44,-54.17,112.56,79.78,299.91,311.29,113.23,79.36,299.74,311.71,1.0
2018-08-18 11:33:00,89.5556,36.84563,963.799,272.9,81.0,356.5,3.46,2.56,-54.05,112.7,79.92,299.99,311.47,113.48,79.45,299.75,311.76,1.0
2018-08-18 11:33:00,89.5556,36.84561,963.802,272.91,81.1,356.5,4.86,2.53,-53.61,113.15,79.78,299.86,310.58,113.72,79.56,299.79,311.79,1.0
2018-08-18 11:33:00,89.5556,36.84558,963.853,272.91,81.1,356.1,3.17,2.24,-53.6,113.48,80.06,299.87,312.0,113.92,79.7,299.81,311.8,1.0
2018-08-18 11:33:00,89.5556,36.84556,963.852,272.91,81.1,356.1,2.21,2.63,-53.83,113.09,79.99,299.97,312.08,114.04,79.85,299.8,311.78,1.0
2018-08-18 11:33:00,89.5556,36.84553,963.893,272.91,81.1,355.7,1.51,2.7,-54.43,112.56,79.78,298.98,311.88,114.06,80.0,299.76,311.85,1.0
2018-08-18 11:33:00,89.5556,36.84551,963.877,272.91,81.1,355.9,1.13,2.48,-55.01,112.89,79.92,299.33,311.69,113.97,80.13,299.68,311.82,1.0
2018-08-18 11:33:00,89.5556,36.84548,963.795,272.9,81.0,356.6,0.48,2.24,-55.57,111.72,80.06,299.87,311.81,113.76,80.22,299.59,311.79,1.0
2018-08-18 11:33:00,89.5556,36.84546,963.81,272.9,81.1,356.4,-0.6,2.27,-56.26,113.28,79.92,299.96,312.0,113.45,80.27,299.48,311.81,1.0
2018-08-18 11:33:00,89.5556,36.84544,963.772,272.9,81.1,356.7,1.3,1.88,-56.26,112.7,80.06,299.87,311.71,113.06,80.26,299.37,311.74,1.0
2018-08-18 11:33:00,89.5556,36.84543,963.851,272.9,81.1,356.1,3.33,1.69,-56.21,113.68,79.85,299.59,312.1,112.62,80.19,299.28,311.67,1.0
2018-08-18 11:33:00,89.5556,36.84542,963.882,272.91,81.1,355.8,4.58,1.78,-56.17,112.44,79.99,299.96,312.0,112.2,80.07,299.27,311.63,1.0
2018-08-18 11:33:00,89.5556,36.8454,963.857,272.91,81.1,356.0,4.83,1.86,-56.15,113.48,80.06,299.97,312.1,111.83,79.89,299.28,311.62,1.0
2018-08-18 11:33:00,89.5556,36.84539,963.814,272.9,81.1,356.4,4.07,1.82,-56.18,113.09,79.99,299.97,312.1,111.55,79.69,299.28,311.65,1.0
2018-08-18 11:33:00,89.5556,36.84537,963.775,272.9,81.1,356.7,2.52,1.84,-56.31,113.02,79.92,299.87,312.1,111.41,79.47,299.29,311.72,1.0
2018-08-18 11:33:00,89.5556,36.84536,963.852,272.9,81.1,356.1,0.58,1.75,-56.27,112.83,79.92,300.16,312.09,111.43,79.27,299.29,311.78,1.0
2018-08-18 11:33:00,89.5556,36.84534,963.849,272.9,81.1,356.1,-1.23,1.64,-56.99,112.5,79.99,299.87,312.0,111.59,79.09,299.3,311.76,1.0
2018-08-18 11:33:00,89.5556,36.84533,963.84,272.9,81.1,356.2,-2.78,1.51,-57.6,112.37,79.92,299.97,312.29,111.87,78.96,299.34,311.67,1.0
2018-08-18 11:33:00,89.5556,36.84531,963.862,272.9,81.1,356.0,-4.01,1.4,-57.72,112.3,79.99,299.5,312.1,112.25,78.88,299.4,311.57,1.0
2018-08-18 11:33:00,89.5556,36.8453,963.857,272.9,81.1,356.0,-4.65,1.35,-57.47,112.11,79.99,299.46,312.4,112.67,78.88,299.44,311.54,1.0
2018-08-18 11:33:00,89.5556,36.84527,963.801,272.9,81.1,356.5,-0.81,1.55,-57.11,112.83,79.78,299.05,311.91,113.08,78.94,299.42,311.48,1.0
2018-08-18 11:33:00,89.5556,36.84524,963.828,272.9,81.1,356.3,3.24,1.53,-56.9,112.24,79.57,298.63,311.12,113.42,79.05,299.45,311.43,1.0
2018-08-18 11:33:00,89.5556,36.8452,963.84,272.9,81.1,356.2,4.76,1.5,-56.82,113.09,79.71,298.83,309.81,113.66,79.2,299.46,311.37,1.0
2018-08-18 11:33:00,89.5556,36.84517,963.832,272.9,81.1,356.2,3.86,1.48,-56.81,112.7,79.64,299.2,310.28,113.75,79.38,299.45,311.29,1.0
2018-08-18 11:33:00,89.55559,36.84514,963.856,272.9,81.1,356.1,1.45,1.43,-56.92,113.55,79.57,298.91,311.1,113.7,79.57,299.43,311.21,1.0
2018-08-18 11:33:00,89.55559,36.8451,963.886,272.9,81.1,355.8,-1.49,1.47,-57.47,113.74,79.85,298.5,311.32,113.52,79.75,299.44,311.13,1.0
2018-08-18 11:33:00,89.55559,36.84507,963.832,272.9,81.1,356.2,-2.9,1.49,-57.44,112.17,79.64,299.52,311.63,113.22,79.91,299.5,311.04,1.0
2018-08-18 11:33:00,89.55559,36.84504,963.856,272.9,81.1,356.1,-3.32,1.59,-56.92,113.15,79.92,299.61,311.71,112.84,80.05,299.55,311.16,1.0
2018-08-18 11:33:00,89.55559,36.845,963.888,272.9,81.1,355.8,-3.67,1.53,-56.32,112.56,79.78,299.8,312.1,112.44,80.15,299.59,311.4,1.0
2018-08-18 11:33:00,89.55559,36.84497,963.862,272.89,81.1,356.0,-3.89,1.3,-56.02,111.65,79.92,299.9,312.0,112.07,80.23,299.67,311.62,1.0
2018-08-18 11:33:00,89.55559,36.84494,963.841,272.9,81.1,356.2,-2.82,1.19,-56.28,113.68,79.99,300.0,311.95,111.76,80.28,299.77,311.77,1.0
2018-08-18 11:33:00,89.55559,36.8449,963.798,272.89,81.1,356.5,0.6,1.23,-55.99,112.37,79.78,300.03,311.07,111.55,80.31,299.92,311.92,1.0
2018-08-18 11:33:00,89.55559,36.84487,963.806,272.89,81.1,356.5,1.05,1.36,-56.27,113.09,79.78,299.49,311.69,111.48,80.33,300.01,312.03,1.0
2018-08-18 11:33:00,89.55559,36.84485,963.803,272.89,81.2,356.5,-0.19,1.47,-56.61,113.28,79.78,299.41,311.96,111.53,80.33,300.09,312.12,1.0
2018-08-18 11:33:00,89.55559,36.84483,963.795,272.89,81.1,356.5,-1.83,1.47,-56.71,111.52,79.78,299.79,311.93,111.72,80.31,300.15,312.18,1.0
2018-08-18 11:33:00,89.55559,36.84481,963.89,272.9,81.1,355.8,-2.25,1.4,-56.54,113.09,79.71,300.26,312.1,112.02,80.28,300.21,312.22,1.0
2018-08-18 11:33:00,89.55559,36.84478,963.789,272.9,81.1,356.6,-1.91,1.57,-55.9,112.89,79.92,299.98,312.1,112.39,80.23,300.25,312.24,1.0
2018-08-18 11:33:00,89.55559,36.84476,963.781,272.89,81.1,356.7,-2.09,1.38,-55.94,112.56,79.92,299.7,312.01,112.8,80.16,300.25,312.32,1.0
2018-08-18 11:33:00,89.55559,36.84474,963.818,272.89,81.1,356.4,-4.4,1.17,-56.35,112.04,79.92,300.16,311.72,113.21,80.08,300.29,312.29,1.0
2018-08-18 11:33:00,89.55559,36.84472,963.838,272.9,81.1,356.2,-6.97,0.96,-56.77,112.3,79.99,300.07,312.1,113.57,79.98,300.3,312.23,1.0
2018-08-18 11:33:00,89.55559,36.8447,963.802,272.9,81.2,356.5,-8.6,0.79,-56.91,112.76,79.99,299.98,312.01,113.84,79.87,300.25,312.22,1.0
2018-08-18 11:33:00,89.55559,36.84467,963.779,272.9,81.2,356.7,-10.34,0.89,-56.78,113.02,79.92,299.98,312.1,113.99,79.77,300.18,312.21,1.0
2018-08-18 11:33:00,89.55559,36.84465,963.81,272.9,81.2,356.4,-8.59,1.0,-56.93,113.09,79.99,299.98,311.9,114.0,79.68,300.1,312.2,1.0
2018-08-18 11:33:00,89.5556,36.84463,963.832,272.89,81.2,356.2,-6.74,0.85,-58.0,112.89,79.99,299.89,312.11,113.88,79.6,300.01,312.19,1.0
2018-08-18 11:33:00,89.5556,36.84461,963.848,272.89,81.2,356.1,-6.7,0.73,-58.61,112.56,79.71,299.99,312.1,113.63,79.55,299.92,312.17,1.0
2018-08-18 11:33:00,89.5556,36.84458,963.863,272.9,81.2,356.0,-9.3,0.71,-58.29,112.3,79.85,299.71,312.0,113.3,79.53,299.84,312.15,1.0
2018-08-18 11:33:00,89.5556,36.84456,963.868,272.9,81.2,355.9,-14.0,0.66,-57.62,113.74,79.78,299.69,312.3,112.92,79.54,299.76,312.11,1.0
2018-08-18 11:33:00,89.5556,36.84454,963.808,272.9,81.2,356.4,-14.98,0.63,-57.82,112.3,79.71,299.97,311.82,112.55,79.57,299.7,312.07,1.0
2018-08-18 11:33:00,89.5556,36.84452,963.785,272.89,81.2,356.6,-12.58,0.54,-57.62,112.7,79.78,299.89,312.11,112.24,79.63,299.65,312.02,1.0
2018-08-18 11:33:00,89.5556,36.84452,963.777,272.89,81.2,356.7,-10.93,0.48,-57.35,113.74,79.78,299.99,311.81,112.03,79.7,299.63,311.99,1.0
2018-08-18 11:33:00,89.5556,36.84451,963.781,272.9,81.2,356.7,-9.77,0.5,-57.4,113.15,79.92,300.08,311.9,111.95,79.77,299.63,311.98,1.0
2018-08-18 11:33:00,89.55559,36.8445,963.8,272.9,81.2,356.5,-7.7,0.63,-57.8,112.89,79.85,299.8,312.0,112.02,79.83,299.62,311.93,1.0
2018-08-18 11:33:00,89.55559,36.84449,963.758,272.9,81.2,356.9,-4.62,0.84,-57.38,111.98,79.99,299.7,312.1,112.23,79.89,299.51,311.78,1.0
2018-08-18 11:33:00,89.55559,36.84448,963.812,272.9,81.2,356.4,-4.89,0.97,-57.15,111.98,79.78,299.99,312.0,112.53,79.92,299.43,311.72,1.0
2018-08-18 11:33:00,89.55559,36.84447,963.785,272.9,81.2,356.6,-5.78,0.78,-57.09,112.5,79.92,299.98,312.12,112.88,79.94,299.45,311.74,1.0
2018-08-18 11:33:00,89.55559,36.84446,963.761,272.89,81.2,356.8,-5.68,0.75,-57.04,112.5,79.92,299.89,312.31,113.22,79.95,299.5,311.8,1.0
2018-08-18 11:33:00,89.55559,36.84445,963.824,272.89,81.2,356.3,-4.48,0.94,-56.84,113.28,79.78,299.66,311.58,113.5,79.94,299.55,311.85,1.0
2018-08-18 11:33:00,89.55559,36.84445,963.8,272.89,81.2,356.5,-4.15,0.76,-56.49,112.63,79.71,298.01,310.49,113.65,79.92,299.58,311.9,1.0
2018-08-18 11:33:00,89.55559,36.84446,963.817,272.89,81.2,356.4,-5.9,0.74,-56.57,113.09,79.71,298.21,310.63,113.66,79.9,299.59,311.93,1.0
2018-08-18 11:33:00,89.55559,36.84447,963.851,272.9,81.2,356.1,-6.38,0.7,-57.4,112.7,79.92,299.44,311.48,113.52,79.87,299.58,311.94,1.0
2018-08-18 11:33:00,89.55559,36.84448,963.862,272.9,81.2,356.0,-5.87,0.84,-58.02,113.28,79.92,299.99,312.01,113.24,79.83,299.56,311.91,1.0
2018-08-18 11:33:00,89.55559,36.84449,963.843,272.89,81.2,356.2,-5.75,0.95,-58.32,113.48,79.85,299.81,312.0,112.88,79.8,299.53,311.86,1.0
2018-08-18 11:33:00,89.55559,36.8445,963.818,272.9,81.2,356.4,-7.16,0.7,-58.63,112.37,79.85,299.91,312.02,112.5,79.77,299.54,311.87,1.0
2018-08-18 11:33:00,89.55559,36.84451,963.754,272.9,81.2,356.9,-6.51,0.71,-58.53,112.63,79.92,299.73,311.92,112.15,79.75,299.66,311.99,1.0
2018-08-18 11:33:00,89.55559,36.84452,963.772,272.89,81.2,356.7,-5.09,0.55,-58.9,112.89,79.92,299.99,312.21,111.91,79.74,299.77,312.05,1.0
2018-08-18 11:33:00,89.55559,36.84454,963.801,272.89,81.2,356.5,-4.15,0.33,-58.7,112.7,79.78,299.99,312.02,111.79,79.74,299.8,312.07,1.0
2018-08-18 11:33:00,89.55559,36.84455,963.821,272.89,81.2,356.3,-4.82,0.28,-58.44,112.7,79.71,299.81,312.11,111.83,79.75,299.78,312.08,1.0
2018-08-18 11:33:00,89.55559,36.84456,963.827,272.89,81.2,356.3,-7.32,0.44,-58.55,113.22,79.92,300.0,312.02,111.99,79.78,299.77,312.12,1.0
2018-08-18 11:33:00,89.55559,36.84457,963.797,272.9,81.2,356.5,-9.73,0.32,-58.5,112.04,79.92,299.9,312.12,112.24,79.82,299.76,312.16,1.0
2018-08-18 11:33:00,89.55559,36.84457,963.827,272.89,81.2,356.3,-8.57,0.53,-58.52,113.09,79.71,299.99,312.02,112.5,79.88,299.75,312.21,1.0
2018-08-18 11:33:00,89.55559,36.84457,963.824,272.89,81.2,356.3,-6.45,0.49,-58.47,111.91,79.92,299.9,312.3,112.71,79.94,299.74,312.25,1.0
2018-08-18 11:33:00,89.55559,36.84456,963.81,272.89,81.2,356.4,-3.94,0.54,-58.51,112.76,79.71,299.9,312.11,112.81,79.99,299.73,312.27,1.0
2018-08-18 11:33:00,89.55559,36.84456,963.818,272.89,81.2,356.4,-2.82,0.71,-58.62,112.56,79.78,299.71,312.3,112.75,80.03,299.73,312.28,1.0
2018-08-18 11:33:00,89.55559,36.84456,963.856,272.9,81.2,356.0,-4.72,0.78,-58.67,112.96,79.92,300.1,311.92,112.52,80.05,299.72,312.27,1.0
2018-08-18 11:33:00,89.55559,36.84455,963.803,272.9,81.2,356.5,-4.56,0.67,-59.1,112.83,79.71,299.9,312.11,112.13,80.04,299.72,312.23,1.0
2018-08-18 11:33:00,89.55559,36.84455,963.803,272.9,81.2,356.5,-3.72,0.57,-58.78,113.09,79.99,299.8,312.02,111.64,79.99,299.73,312.19,1.0
2018-08-18 11:33:00,89.55559,36.84454,963.812,272.9,81.2,356.4,-3.37,0.62,-58.8,112.96,79.92,299.9,311.92,111.12,79.9,299.76,312.14,1.0
2018-08-18 11:33:00,89.55559,36.84454,963.815,272.89,81.2,356.4,-4.09,0.73,-59.0,112.83,79.85,299.9,312.02,110.65,79.79,299.78,312.1,1.0
2018-08-18 11:33:00,89.55559,36.84454,963.809,272.89,81.2,356.4,-5.66,0.77,-59.04,112.89,79.92,299.9,312.02,110.31,79.66,299.79,312.07,1.0
2018-08-18 11:33:00,89.55559,36.84453,963.742,272.9,81.2,357.0,-6.32,0.7,-58.94,112.3,79.99,299.73,312.11,110.18,79.53,299.71,312.08,1.0
2018-08-18 11:33:00,89.55559,36.84453,963.771,272.89,81.2,356.7,-6.66,0.6,-58.44,112.17,79.92,299.73,312.02,110.27,79.4,299.84,312.07,1.0
2018-08-18 11:33:00,89.55559,36.84452,963.789,272.89,81.2,356.6,-6.68,0.56,-58.02,111.39,79.78,299.91,312.21,110.59,79.31,299.9,312.08,1.0
2018-08-18 11:33:00,89.55559,36.84452,963.787,272.89,81.2,356.6,-6.99,0.57,-57.6,112.04,79.78,300.01,312.12,111.11,79.25,299.9,312.09,1.0
2018-08-18 11:33:00,89.55559,36.8445,963.774,272.89,81.2,356.7,-7.45,0.55,-57.24,112.7,79.85,299.39,312.1,111.76,79.23,299.88,312.11,1.0
2018-08-18 11:33:00,89.55559,36.84449,963.746,272.89,81.2,357.0,-7.15,0.45,-57.13,111.98,79.57,298.47,312.48,112.46,79.26,299.86,312.13,1.0
2018-08-18 11:33:00,89.55559,36.84448,963.803,272.89,81.2,356.5,-6.09,0.72,-56.71,112.63,79.57,300.87,311.69,113.13,79.32,299.82,312.14,1.0
2018-08-18 11:33:00,89.55559,36.84447,963.809,272.89,81.2,356.4,-6.82,0.81,-56.73,111.91,79.78,300.29,311.91,113.68,79.42,299.79,312.16,1.0
2018-08-18 11:33:00,89.55559,36.84446,963.774,272.89,81.2,356.7,-9.31,0.62,-57.06,111.98,79.78,299.91,312.19,114.06,79.54,299.76,312.17,1.0
2018-08-18 11:33:00,89.55559,36.84445,963.748,272.89,81.2,356.9,-11.85,0.52,-56.95,113.28,79.85,299.91,312.1,114.26,79.66,299.71,312.15,1.0
2018-08-18 11:33:00,89.55559,36.84444,963.757,272.89,81.3,356.9,-12.91,0.78,-56.16,113.09,79.78,299.91,312.3,114.27,79.79,299.68,312.11,1.0
2018-08-18 11:33:00,89.55559,36.84443,963.775,272.89,81.3,356.7,-12.09,0.53,-56.91,112.37,79.85,299.91,312.1,114.12,79.89,299.81,312.09,1.0
2018-08-18 11:33:00,89.55559,36.84442,963.812,272.89,81.3,356.4,-10.55,0.63,-57.02,112.3,79.71,299.91,311.83,113.87,79.98,299.75,312.09,1.0
2018-08-18 11:33:00,89.55559,36.8444,963.807,272.89,81.3,356.4,-8.22,0.56,-56.92,112.56,79.78,300.01,312.22,113.58,80.04,299.74,312.1,1.0
2018-08-18 11:33:00,89.55559,36.84439,963.771,272.89,81.3,356.7,-5.63,0.46,-56.84,112.44,79.64,299.52,311.84,113.29,80.09,299.78,312.11,1.0
2018-08-18 11:33:00,89.55559,36.84437,963.751,272.89,81.3,356.9,-4.3,0.51,-56.95,112.76,79.71,299.16,311.56,113.05,80.1,299.82,312.1,1.0
2018-08-18 11:33:00,89.55559,36.84434,963.844,272.89,81.3,356.1,-7.3,0.62,-57.37,112.96,79.78,299.93,312.32,112.9,80.1,299.83,312.04,1.0
2018-08-18 11:33:00,89.55559,36.8443,963.796,272.89,81.3,356.5,-6.66,0.66,-56.94,113.02,79.85,299.82,311.93,112.82,80.07,299.83,311.99,1.0
2018-08-18 11:33:00,89.55559,36.84426,963.795,272.89,81.3,356.5,-6.47,0.71,-56.35,112.7,79.92,299.73,312.22,112.81,80.02,299.81,311.93,1.0
2018-08-18 11:33:00,89.55559,36.84423,963.801,272.89,81.3,356.5,-5.1,0.64,-55.61,112.3,79.71,300.2,312.18,112.83,79.95,299.78,311.87,1.0
2018-08-18 11:33:00,89.55559,36.84419,963.809,272.89,81.3,356.4,-3.74,0.48,-54.9,112.17,79.92,299.73,312.26,112.88,79.87,299.77,311.83,1.0
2018-08-18 11:33:00,89.55559,36.84416,963.894,272.89,81.3,355.7,-4.81,0.36,-54.49,112.3,79.92,299.82,311.86,112.9,79.77,299.79,311.82,1.0
2018-08-18 11:33:00,89.55559,36.84412,963.824,272.89,81.3,356.3,-3.85,0.29,-53.99,112.7,79.78,299.74,312.0,112.9,79.65,299.75,311.79,1.0
2018-08-18 11:33:00,89.55559,36.84409,963.859,272.89,81.3,356.0,-2.73,0.13,-53.46,113.48,79.78,299.74,312.12,112.86,79.54,299.72,311.77,1.0
2018-08-18 11:33:00,89.55559,36.84405,963.877,272.89,81.3,355.9,-2.07,0.21,-53.03,112.3,79.78,300.01,312.02,112.8,79.43,299.7,311.78,1.0
2018-08-18 11:33:00,89.55559,36.84401,963.839,272.89,81.3,356.2,-1.18,0.42,-52.51,112.89,79.78,299.82,312.31,112.72,79.35,299.66,311.75,1.0
2018-08-18 11:33:00,89.55559,36.84398,963.765,272.89,81.3,356.8,0.43,0.58,-51.71,112.76,79.71,299.72,312.02,112.66,79.28,299.59,311.71,1.0
2018-08-18 11:33:00,89.55559,36.84394,963.846,272.88,81.3,356.1,-0.33,0.64,-49.43,113.48,79.92,299.81,312.03,112.63,79.26,299.65,311.85,1.0
2018-08-18 11:33:00,89.55559,36.84391,963.812,272.89,81.3,356.4,-1.77,0.66,-49.61,111.98,79.64,299.91,312.13,112.64,79.27,299.65,311.9,1.0
2018-08-18 11:33:00,89.55559,36.84387,963.794,272.89,81.3,356.6,-4.23,0.69,-49.73,112.7,79.85,299.91,312.03,112.7,79.31,299.64,311.92,1.0
2018-08-18 11:33:00,89.55559,36.84384,963.782,272.89,81.3,356.7,-5.53,0.71,-49.87,112.96,79.71,299.43,311.7,112.78,79.38,299.63,311.93,1.0
2018-08-18 11:33:00,89.55559,36.84379,963.754,272.89,81.3,356.9,-4.9,0.72,-50.08,111.52,79.5,298.9,310.98,112.87,79.47,299.62,311.91,1.0
2018-08-18 11:33:00,89.55559,36.84375,963.852,272.88,81.3,356.1,-2.9,0.8,-49.97,112.83,79.57,300.22,312.82,112.93,79.56,299.6,311.88,1.0
2018-08-18 11:33:00,89.55559,36.84371,963.752,272.89,81.3,356.9,-1.39,0.65,-49.56,112.5,79.85,299.98,311.84,112.95,79.64,299.59,311.84,1.0
2018-08-18 11:33:00,89.55559,36.84367,963.754,272.89,81.3,356.9,-0.59,0.47,-48.94,113.35,79.71,299.92,312.02,112.9,79.69,299.6,311.86,1.0
2018-08-18 11:33:00,89.55559,36.84362,963.816,272.89,81.3,356.4,-0.89,0.56,-48.47,112.56,79.71,300.02,311.83,112.77,79.73,299.62,311.9,1.0
2018-08-18 11:33:00,89.55559,36.84358,963.87,272.89,81.3,355.9,-1.23,0.79,-48.19,113.09,79.71,299.74,312.31,112.56,79.73,299.68,311.97,1.0
2018-08-18 11:33:00,89.55558,36.84354,963.86,272.89,81.3,356.0,-0.68,0.86,-48.06,112.89,79.71,299.92,312.12,112.31,79.71,299.76,312.03,1.0
2018-08-18 11:34:00,89.55558,36.84349,963.846,272.89,81.3,356.1,-2.75,0.66,-48.52,112.7,79.78,299.63,311.73,112.03,79.68,299.63,311.88,1.0
2018-08-18 11:34:00,89.55558,36.84345,963.853,272.89,81.3,356.1,-5.93,0.82,-48.21,112.76,79.71,299.83,312.44,111.78,79.65,299.64,311.99,1.0
2018-08-18 11:34:00,89.55558,36.84343,963.873,272.89,81.3,355.9,-7.28,0.92,-47.57,112.3,79.78,299.88,312.91,111.58,79.63,299.67,312.08,1.0
2018-08-18 11:34:00,89.55558,36.8434,963.895,272.89,81.3,355.7,-6.89,0.89,-47.09,112.96,79.71,299.88,312.5,111.48,79.63,299.67,312.14,1.0
2018-08-18 11:34:00,89.55558,36.84338,963.896,272.89,81.3,355.7,-5.28,0.78,-47.01,112.76,79.78,299.57,311.8,111.49,79.66,299.65,312.18,1.0
2018-08-18 11:34:00,89.55558,36.84335,963.816,272.88,81.3,356.4,-2.86,0.77,-47.16,111.85,79.5,298.36,310.89,111.62,79.71,299.6,312.21,1.0
2018-08-18 11:34:00,89.55558,36.84333,963.859,272.89,81.3,356.0,-2.28,0.83,-46.58,111.32,79.64,299.12,312.46,111.87,79.78,299.45,312.22,1.0
2018-08-18 11:34:00,89.55558,36.8433,963.836,272.89,81.3,356.2,-3.32,0.69,-46.49,113.61,79.57,299.58,312.41,112.19,79.85,299.3,312.15,1.0
2018-08-18 11:34:00,89.55558,36.84328,963.828,272.89,81.3,356.3,-3.14,0.5,-46.45,112.37,79.78,299.73,311.85,112.56,79.91,299.21,312.07,1.0
2018-08-18 11:34:00,89.55558,36.84326,963.869,272.89,81.3,355.9,-1.65,0.43,-46.19,113.22,79.85,300.01,312.14,112.93,79.95,299.16,312.02,1.0
2018-08-18 11:34:00,89.55558,36.84323,963.848,272.88,81.3,356.1,-1.04,0.57,-45.58,112.37,79.78,299.6,312.24,113.26,79.96,299.16,312.04,1.0
2018-08-18 11:34:00,89.55558,36.84321,963.852,272.89,81.3,356.1,1.22,0.25,-44.34,112.04,79.71,298.84,311.94,113.51,79.94,299.27,312.15,1.0
2018-08-18 11:34:00,89.55558,36.84318,963.901,272.89,81.3,355.7,3.31,0.31,-44.12,111.91,79.71,298.9,312.04,113.65,79.88,299.31,312.1,1.0
2018-08-18 11:34:00,89.55558,36.84314,963.891,272.89,81.3,355.8,4.84,0.35,-44.22,113.68,79.71,299.61,312.04,113.68,79.8,299.35,312.09,1.0
2018-08-18 11:34:00,89.55558,36.84304,963.859,272.89,81.3,356.0,5.89,0.46,-44.3,112.17,79.71,299.94,311.95,113.6,79.7,299.44,312.08,1.0
2018-08-18 11:34:00,89.55558,36.84293,963.898,272.88,81.3,355.7,6.2,0.74,-44.28,112.96,79.71,299.74,311.96,113.41,79.61,299.59,312.03,1.0
2018-08-18 11:34:00,89.55558,36.84283,963.911,272.89,81.3,355.6,4.65,0.89,-44.54,112.7,79.92,299.94,312.05,113.15,79.54,299.68,312.14,1.0
2018-08-18 11:34:00,89.55558,36.84272,963.877,272.88,81.3,355.9,5.17,0.67,-43.84,112.3,79.78,299.64,312.34,112.83,79.5,299.87,312.14,1.0
2018-08-18 11:34:00,89.55558,36.84262,963.889,272.88,81.3,355.8,5.62,0.43,-43.3,113.55,79.78,299.83,311.86,112.5,79.49,300.02,312.08,1.0
2018-08-18 11:34:00,89.55558,36.84252,963.935,272.88,81.3,355.4,6.3,0.33,-43.03,113.22,79.85,300.47,311.63,112.19,79.51,300.09,312.0,1.0
2018-08-18 11:34:00,89.55558,36.84242,963.981,272.89,81.3,355.0,7.01,0.39,-43.06,112.04,79.36,300.92,311.24,111.9,79.57,300.1,311.93,1.0
2018-08-18 11:34:00,89.55558,36.84231,963.931,272.87,81.3,355.4,6.23,0.56,-43.57,111.91,79.57,299.91,312.78,111.66,79.64,300.1,311.86,1.0
2018-08-18 11:34:00,89.55558,36.84221,963.886,272.88,81.3,355.8,4.37,0.55,-44.27,113.15,79.64,300.82,312.0,111.48,79.72,300.06,311.81,1.0
2018-08-18 11:34:00,89.55558,36.8421,963.873,272.88,81.3,355.9,4.1,0.5,-44.77,112.56,79.71,300.7,311.71,111.36,79.8,300.05,311.78,1.0
2018-08-18 11:34:00,89.55558,36.842,963.889,272.88,81.3,355.8,3.48,0.41,-45.03,112.3,79.71,300.51,312.02,111.3,79.86,300.1,311.73,1.0
2018-08-18 11:34:00,89.55558,36.8419,963.915,272.88,81.4,355.6,3.35,0.32,-45.04,112.7,79.78,300.53,312.16,111.29,79.9,300.09,311.77,1.0
2018-08-18 11:34:00,89.55558,36.84178,963.917,272.88,81.4,355.6,5.15,0.24,-44.81,112.17,79.78,300.06,312.25,111.34,79.92,300.01,311.9,1.0
2018-08-18 11:34:00,89.55558,36.84167,963.915,272.88,81.4,355.6,7.78,0.02,-44.18,113.15,79.78,299.75,312.25,111.43,79.92,300.07,311.83,1.0
2018-08-18 11:34:00,89.55558,36.84155,963.98,272.88,81.4,355.0,8.84,-0.07,-44.07,111.78,79.92,299.75,312.14,111.57,79.91,300.05,311.9,1.0
2018-08-18 11:34:00,89.55558,36.84143,963.984,272.88,81.4,355.0,7.24,-0.17,-44.49,113.28,79.78,300.07,311.44,111.75,79.9,300.04,312.02,1.0
2018-08-18 11:34:00,89.55558,36.84132,963.955,272.88,81.4,355.2,5.1,-0.35,-46.4,111.78,79.64,299.5,311.31,111.99,79.9,300.02,312.09,1.0
2018-08-18 11:34:00,89.55558,36.8412,963.953,272.88,81.4,355.3,3.65,-0.41,-49.23,112.37,79.57,299.4,311.74,112.28,79.9,300.0,312.1,1.0
2018-08-18 11:34:00,89.55558,36.84108,963.962,272.88,81.4,355.2,1.66,0.15,-50.05,111.58,79.71,299.87,311.28,112.61,79.92,299.96,312.07,1.0
2018-08-18 11:34:00,89.55558,36.84097,963.981,272.88,81.4,355.0,-3.99,-0.77,-52.01,112.96,79.71,299.42,311.75,112.99,79.95,299.92,311.98,1.0
2018-08-18 11:34:00,89.55558,36.84085,963.993,272.88,81.4,354.9,-6.32,-0.87,-52.06,112.37,79.78,299.94,311.87,113.39,79.99,299.87,311.87,1.0
2018-08-18 11:34:00,89.55557,36.84073,964.006,272.88,81.4,354.8,-7.91,-1.01,-51.63,112.3,79.71,299.66,312.26,113.8,80.02,299.74,311.8,1.0
2018-08-18 11:34:00,89.55557,36.84062,964.028,272.88,81.4,354.6,-8.35,-1.25,-51.37,111.98,79.78,299.75,312.06,114.18,80.05,299.64,311.72,1.0
2018-08-18 11:34:00,89.55557,36.8405,964.07,272.88,81.4,354.3,-5.29,-1.05,-51.24,113.22,79.92,299.81,312.04,114.51,80.06,299.66,311.64,1.0
2018-08-18 11:34:00,89.55557,36.84038,964.059,272.88,81.4,354.4,-3.13,-1.03,-50.48,112.7,79.78,299.55,311.98,114.77,80.05,299.64,311.66,1.0
2018-08-18 11:34:00,89.55557,36.84028,963.996,272.88,81.4,354.9,-1.62,-0.93,-50.14,112.7,79.92,299.88,311.74,114.93,80.02,299.67,311.67,1.0
2018-08-18 11:34:00,89.55557,36.84017,963.937,272.88,81.4,355.4,-0.55,-0.61,-49.58,113.28,79.71,299.19,311.91,114.97,79.99,299.73,311.72,1.0
2018-08-18 11:34:00,89.55557,36.84007,963.945,272.88,81.4,355.3,0.03,-0.29,-49.09,112.3,79.78,299.21,312.2,114.91,79.94,299.82,311.75,1.0
2018-08-18 11:34:00,89.55557,36.83996,964.051,272.88,81.4,354.5,0.16,-0.22,-48.99,112.63,79.85,299.84,312.16,114.76,79.89,299.96,311.78,1.0
2018-08-18 11:34:00,89.55557,36.83986,964.015,272.88,81.4,354.8,0.56,-0.37,-48.98,112.24,79.71,299.94,312.35,114.52,79.86,300.14,311.9,1.0
2018-08-18 11:34:00,89.55557,36.83975,964.042,272.88,81.4,354.5,-0.49,-0.36,-50.0,112.89,79.85,299.58,312.26,114.24,79.83,300.23,312.01,1.0
2018-08-18 11:34:00,89.55557,36.83965,964.035,272.88,81.4,354.6,-2.4,-0.32,-49.7,112.89,79.92,299.95,311.87,113.95,79.83,300.27,312.08,1.0
2018-08-18 11:34:00,89.55557,36.83954,963.986,272.88,81.4,355.0,-3.49,-0.28,-49.19,114.66,79.78,300.14,311.75,113.68,79.85,300.34,312.13,1.0
2018-08-18 11:34:00,89.55557,36.83944,963.937,272.88,81.4,355.4,-2.54,-0.2,-48.86,113.02,79.64,300.21,310.91,113.44,79.88,300.36,312.11,1.0
2018-08-18 11:34:00,89.55557,36.83933,964.014,272.88,81.4,354.8,1.09,0.01,-47.83,112.44,79.78,300.89,311.77,113.25,79.93,300.28,312.01,1.0
2018-08-18 11:34:00,89.55557,36.83923,963.982,272.88,81.4,355.0,4.03,0.15,-46.52,113.61,79.78,300.08,311.76,113.11,79.99,300.21,311.95,1.0
2018-08-18 11:34:00,89.55557,36.83912,964.014,272.88,81.4,354.8,7.44,0.3,-45.16,112.17,79.99,299.86,312.06,113.0,80.05,300.19,311.88,1.0
2018-08-18 11:34:00,89.55557,36.83902,964.024,272.88,81.4,354.7,7.98,0.48,-44.39,112.37,79.78,299.94,312.06,112.89,80.11,300.19,311.81,1.0
2018-08-18 11:34:00,89.55556,36.83891,964.009,272.88,81.4,354.8,6.01,0.74,-44.33,113.48,79.99,299.61,311.79,112.75,80.16,300.14,311.81,1.0
2018-08-18 11:34:00,89.55556,36.83876,964.058,272.88,81.4,354.4,3.64,1.08,-44.66,113.28,79.57,299.29,311.44,112.55,80.19,300.04,311.86,1.0
2018-08-18 11:34:00,89.55556,36.83858,964.06,272.88,81.4,354.4,2.32,1.26,-44.31,112.56,79.92,299.73,311.76,112.26,80.22,299.9,311.87,1.0
2018-08-18 11:34:00,89.55556,36.8384,964.108,272.88,81.4,354.0,-0.88,1.37,-44.91,112.24,79.92,300.48,312.07,111.89,80.22,299.89,311.9,1.0
2018-08-18 11:34:00,89.55556,36.83821,964.121,272.88,81.4,353.9,-2.31,1.54,-45.05,113.68,79.85,300.75,312.17,111.44,80.22,299.91,311.94,1.0
2018-08-18 11:34:00,89.55556,36.83802,964.088,272.88,81.4,354.2,-1.71,1.5,-44.59,113.28,79.99,300.36,312.07,110.93,80.2,299.96,312.0,1.0
2018-08-18 11:34:00,89.55556,36.83784,964.042,272.88,81.4,354.5,0.4,1.27,-43.86,113.09,79.78,300.03,311.97,110.42,80.18,300.03,312.08,1.0
2018-08-18 11:34:00,89.55556,36.83766,964.069,272.89,81.4,354.3,2.89,1.65,-43.5,112.11,79.92,300.04,312.07,109.96,80.14,300.12,312.19,1.0
2018-08-18 11:34:00,89.55556,36.83747,964.127,272.89,81.4,353.8,4.62,1.27,-44.86,113.48,79.92,299.75,312.16,109.61,80.11,300.17,312.22,1.0
2018-08-18 11:34:00,89.55556,36.83728,964.105,272.88,81.4,354.0,5.32,1.08,-44.78,113.42,79.92,299.76,312.07,109.41,80.07,300.15,312.22,1.0
2018-08-18 11:34:00,89.55556,36.83711,964.041,272.88,81.4,354.5,6.48,1.03,-44.44,111.39,79.92,299.94,312.16,109.4,80.03,300.09,312.2,1.0
2018-08-18 11:34:00,89.55556,36.83698,964.027,272.88,81.4,354.7,8.4,1.05,-44.35,111.58,79.85,299.94,311.88,109.61,79.99,300.04,312.15,1.0
2018-08-18 11:34:00,89.55556,36.83684,964.156,272.88,81.4,353.6,10.16,1.11,-44.27,112.17,79.99,299.85,312.17,110.03,79.96,300.0,312.07,1.0
2018-08-18 11:34:00,89.55555,36.83671,964.156,272.88,81.4,353.6,8.95,1.07,-43.52,112.7,79.85,299.97,312.08,110.64,79.93,299.94,311.98,1.0
2018-08-18 11:34:00,89.55555,36.83658,964.154,272.88,81.4,353.6,4.15,0.96,-44.29,112.37,79.99,299.68,312.07,111.39,79.89,299.85,311.87,1.0
2018-08-18 11:34:00,89.55555,36.83645,964.15,272.88,81.4,353.7,0.38,0.65,-44.83,111.58,79.92,299.78,312.25,112.22,79.86,299.68,311.69,1.0
2018-08-18 11:34:00,89.55555,36.83631,964.128,272.88,81.4,353.8,-0.9,0.36,-45.92,111.91,79.92,299.77,312.15,113.06,79.83,299.5,311.48,1.0
2018-08-18 11:34:00,89.55555,36.83618,964.073,272.88,81.4,354.3,0.39,0.24,-47.93,111.98,79.92,299.94,312.16,113.85,79.78,299.38,311.3,1.0
2018-08-18 11:34:00,89.55555,36.83605,964.1,272.88,81.4,354.1,2.02,0.01,-47.26,112.83,79.85,299.95,311.86,114.53,79.73,299.29,311.2,1.0
2018-08-18 11:34:00,89.55555,36.83592,964.12,272.88,81.5,353.9,2.98,0.11,-46.85,112.89,79.99,299.95,312.26,115.04,79.66,299.22,311.11,1.0
2018-08-18 11:34:00,89.55555,36.83578,964.181,272.88,81.5,353.4,4.65,0.13,-46.44,113.22,79.92,299.31,311.31,115.35,79.57,299.15,311.05,1.0
2018-08-18 11:34:00,89.55555,36.83565,964.225,272.88,81.5,353.0,5.84,0.08,-46.02,111.39,79.78,298.92,311.01,115.43,79.48,299.12,311.03,1.0
2018-08-18 11:34:00,89.55555,36.83552,964.174,272.88,81.5,353.5,6.19,-0.02,-46.12,113.09,79.71,299.49,311.07,115.3,79.37,299.15,311.02,1.0
2018-08-18 11:34:00,89.55555,36.83539,964.146,272.88,81.5,353.7,7.74,-0.1,-47.76,112.89,79.85,299.67,311.88,114.97,79.27,299.21,311.02,1.0
2018-08-18 11:34:00,89.55554,36.83527,964.183,272.88,81.5,353.4,9.31,-0.05,-47.42,112.37,79.99,300.04,312.26,114.46,79.19,299.24,311.12,1.0
2018-08-18 11:34:00,89.55554,36.83514,964.146,272.88,81.5,353.7,7.76,0.0,-48.59,113.15,79.92,299.36,311.87,113.82,79.14,299.31,311.24,1.0
2018-08-18 11:34:00,89.55554,36.83502,964.138,272.88,81.5,353.8,5.66,-0.1,-49.24,112.3,79.99,299.59,311.87,113.11,79.13,299.45,311.54,1.0
2018-08-18 11:34:00,89.55554,36.83489,964.161,272.88,81.5,353.6,3.19,-0.25,-49.27,113.22,79.92,300.01,311.62,112.37,79.19,299.59,311.89,1.0
2018-08-18 11:34:00,89.55554,36.83477,964.104,272.88,81.5,354.0,-0.01,-0.26,-49.34,113.87,79.5,299.98,311.4,111.66,79.3,299.67,312.09,1.0
2018-08-18 11:34:00,89.55554,36.83464,964.163,272.88,81.5,353.6,0.07,-0.27,-48.74,112.89,79.57,299.14,311.86,111.05,79.48,299.8,312.2,1.0
2018-08-18 11:34:00,89.55554,36.83452,964.216,272.88,81.5,353.1,0.9,-0.7,-50.06,112.17,79.71,299.35,311.53,110.58,79.71,299.87,312.21,1.0
2018-08-18 11:34:00,89.55554,36.83439,964.249,272.88,81.5,352.9,1.16,-0.81,-50.8,112.89,79.71,299.54,312.49,110.28,79.97,299.9,312.21,1.0
2018-08-18 11:34:00,89.55554,36.83426,964.247,272.88,81.5,352.9,-0.22,-0.74,-50.9,111.85,79.64,299.42,312.85,110.18,80.25,299.87,312.19,1.0
2018-08-18 11:34:00,89.55554,36.83414,964.204,272.87,81.5,353.2,-3.26,-0.66,-50.68,112.96,79.71,299.6,311.6,110.29,80.52,299.81,312.16,1.0
2018-08-18 11:34:00,89.55554,36.83402,964.279,272.87,81.5,352.6,-5.61,-0.34,-49.94,112.11,79.78,300.89,311.5,110.59,80.74,299.74,312.15,1.0
2018-08-18 11:34:00,89.55554,36.83389,964.183,272.88,81.5,353.4,-6.36,-0.48,-49.91,112.11,79.92,300.58,311.48,111.04,80.9,299.74,312.07,1.0
2018-08-18 11:34:00,89.55554,36.83376,964.208,272.88,81.5,353.2,-5.74,-0.5,-49.7,111.98,79.99,300.25,311.65,111.59,80.97,299.74,312.03,1.0
2018-08-18 11:34:00,89.55554,36.83364,964.23,272.88,81.5,353.0,-5.41,-0.51,-49.4,112.83,79.99,299.96,312.18,112.19,80.96,299.75,311.92,1.0
2018-08-18 11:34:00,89.55553,36.83351,964.191,272.88,81.5,353.3,-6.46,-0.44,-48.92,112.3,79.92,299.86,312.18,112.76,80.87,299.81,311.85,1.0
2018-08-18 11:34:00,89.55553,36.83338,964.238,272.88,81.5,352.9,-9.2,-0.18,-48.15,112.37,80.12,299.75,312.19,113.25,80.71,299.88,311.94,1.0
2018-08-18 11:34:00,89.55553,36.83325,964.269,272.88,81.5,352.7,-12.14,-0.44,-48.08,112.63,79.85,299.76,311.89,113.61,80.5,299.89,312.09,1.0
2018-08-18 11:34:00,89.55553,36.83313,964.272,272.88,81.5,352.7,-10.92,-0.44,-48.49,111.78,80.06,299.67,311.97,113.8,80.28,299.93,312.31,1.0
2018-08-18 11:34:00,89.55553,36.833,964.28,272.88,81.5,352.6,-8.62,-0.45,-48.74,112.17,79.92,299.77,312.16,113.8,80.08,300.0,312.48,1.0
2018-08-18 11:34:00,89.55553,36.83287,964.286,272.88,81.5,352.6,-5.84,-0.48,-48.81,112.63,80.06,299.77,312.17,113.64,79.91,300.09,312.6,1.0
2018-08-18 11:34:00,89.55553,36.83274,964.272,272.88,81.5,352.7,-2.95,-0.48,-48.84,112.96,79.92,299.97,312.18,113.34,79.81,300.17,312.71,1.0
2018-08-18 11:34:00,89.55553,36.83261,964.331,272.88,81.5,352.2,-2.22,-0.5,-48.68,113.68,79.99,299.97,312.37,112.94,79.77,300.22,312.76,1.0
2018-08-18 11:34:00,89.55553,36.83249,964.368,272.88,81.5,351.9,-3.06,-0.5,-48.11,113.09,79.99,299.77,312.18,112.49,79.81,300.22,312.75,1.0
2018-08-18 11:34:00,89.55553,36.83236,964.322,272.88,81.5,352.3,-4.35,-0.51,-47.7,112.44,79.99,299.43,311.82,112.05,79.9,300.17,312.66,1.0
2018-08-18 11:34:00,89.55553,36.83225,964.259,272.88,81.5,352.8,-5.82,-0.53,-47.7,111.39,79.92,299.36,311.35,111.67,80.03,300.09,312.52,1.0
2018-08-18 11:34:00,89.55552,36.83214,964.25,272.88,81.5,352.9,-7.48,-0.54,-47.95,112.63,79.71,299.7,311.89,111.4,80.17,299.98,312.35,1.0
2018-08-18 11:34:00,89.55552,36.83203,964.254,272.88,81.5,352.8,-9.38,-0.44,-47.81,112.37,79.92,299.78,311.88,111.24,80.31,299.86,312.16,1.0
2018-08-18 11:34:00,89.55552,36.83192,964.244,272.88,81.5,352.9,-9.0,-0.68,-47.46,112.3,79.99,299.77,311.89,111.23,80.42,299.74,312.0,1.0
2018-08-18 11:34:00,89.55552,36.8318,964.281,272.88,81.5,352.6,-6.83,-0.87,-47.25,113.09,80.12,299.96,311.98,111.36,80.48,299.66,311.87,1.0
2018-08-18 11:34:00,89.55552,36.83169,964.293,272.88,81.5,352.5,-3.33,-1.1,-46.97,112.11,79.99,299.67,311.98,111.61,80.5,299.63,311.84,1.0
2018-08-18 11:34:00,89.55552,36.83158,964.266,272.88,81.5,352.7,0.34,-1.3,-46.56,111.45,80.06,299.77,312.08,111.98,80.48,299.61,311.86,1.0
2018-08-18 11:34:00,89.55552,36.83147,964.262,272.88,81.5,352.8,2.68,-1.37,-46.18,113.28,80.06,299.69,312.36,112.42,80.43,299.55,311.9,1.0
2018-08-18 11:34:00,89.55552,36.83136,964.305,272.88,81.5,352.4,0.65,-1.06,-47.37,112.63,79.99,300.16,311.89,112.91,80.37,299.54,311.99,1.0
2018-08-18 11:34:00,89.55552,36.83124,964.346,272.89,81.5,352.1,-1.79,-1.37,-48.36,112.44,80.19,299.98,312.37,113.42,80.31,299.61,312.08,1.0
2018-08-18 11:34:00,89.55552,36.83113,964.343,272.89,81.5,352.1,-5.15,-1.81,-49.64,111.98,79.99,299.98,312.0,113.9,80.27,299.71,312.18,1.0
2018-08-18 11:34:00,89.55552,36.83102,964.328,272.88,81.5,352.2,-8.38,-2.13,-50.59,111.72,80.06,299.61,312.1,114.32,80.25,299.78,312.24,1.0
2018-08-18 11:34:00,89.55552,36.83091,964.354,272.88,81.5,352.0,-10.4,-2.2,-50.88,112.37,80.12,298.9,312.19,114.63,80.26,299.81,312.26,1.0
2018-08-18 11:34:00,89.55552,36.8308,964.368,272.88,81.5,351.9,-10.29,-1.96,-51.13,112.89,80.06,299.32,312.08,114.81,80.28,299.8,312.24,1.0
2018-08-18 11:34:00,89.55552,36.83069,964.398,272.88,81.6,351.6,-6.42,-2.28,-51.34,113.28,79.99,299.82,312.19,114.81,80.31,299.75,312.17,1.0
2018-08-18 11:34:00,89.55552,36.83053,964.377,272.88,81.6,351.8,-6.43,-2.23,-52.03,112.5,80.06,300.1,311.9,114.63,80.33,299.68,312.08,1.0
2018-08-18 11:34:00,89.55552,36.83032,964.343,272.88,81.6,352.1,-8.98,-2.22,-52.0,113.15,79.99,299.9,312.28,114.26,80.33,299.58,311.91,1.0
2018-08-18 11:34:00,89.55552,36.83011,964.338,272.87,81.6,352.1,-12.1,-2.35,-51.47,112.96,80.06,299.88,311.98,113.72,80.29,299.54,311.75,1.0
2018-08-18 11:34:00,89.55551,36.8299,964.359,272.87,81.6,352.0,-13.73,-2.4,-51.95,112.3,80.19,299.79,312.08,113.05,80.22,299.6,311.66,1.0
2018-08-18 11:34:00,89.55551,36.82968,964.415,272.88,81.6,351.5,-13.06,-2.45,-53.17,113.28,80.06,299.78,312.09,112.32,80.12,299.65,311.62,1.0
2018-08-18 11:34:00,89.55551,36.82947,964.397,272.87,81.6,351.7,-12.61,-2.41,-52.11,112.5,80.19,299.69,312.19,111.58,80.0,299.64,311.61,1.0
2018-08-18 11:34:00,89.55551,36.82926,964.4,272.87,81.6,351.6,-10.51,-1.98,-51.21,113.68,80.19,299.79,311.64,110.92,79.87,299.63,311.63,1.0
2018-08-18 11:34:00,89.55551,36.82904,964.413,272.87,81.6,351.5,-8.27,-1.55,-50.24,112.24,80.12,300.02,311.5,110.42,79.76,299.66,311.68,1.0
2018-08-18 11:34:00,89.55551,36.82883,964.352,272.87,81.6,352.0,-7.73,-1.56,-48.57,112.3,80.06,300.44,312.19,110.14,79.68,299.73,311.73,1.0
2018-08-18 11:34:00,89.55551,36.82862,964.412,272.87,81.6,351.5,-5.97,-1.22,-47.79,112.5,80.12,300.4,312.0,110.11,79.65,299.8,311.77,1.0
2018-08-18 11:34:00,89.55551,36.82845,964.418,272.87,81.6,351.5,-8.4,-1.01,-47.8,112.83,80.19,299.98,311.9,110.33,79.67,299.9,311.8,1.0
2018-08-18 11:34:00,89.55551,36.82828,964.448,272.87,81.6,351.2,-11.54,-1.07,-48.02,113.22,79.92,299.97,312.09,110.79,79.73,299.99,311.8,1.0
2018-08-18 11:34:00,89.55551,36.82811,964.457,272.88,81.6,351.2,-14.15,-1.03,-48.26,111.78,79.78,299.58,311.98,111.43,79.83,300.05,311.87,1.0
2018-08-18 11:34:00,89.55551,36.82794,964.396,272.87,81.6,351.7,-15.34,-0.87,-48.58,110.6,79.99,299.59,311.87,112.17,79.95,300.07,311.98,1.0
2018-08-18 11:34:00,89.5555,36.82778,964.4,272.88,81.6,351.6,-14.12,-1.28,-49.24,112.44,79.78,299.2,311.55,112.93,80.08,300.02,312.0,1.0
2018-08-18 11:34:00,89.5555,36.8276,964.386,272.88,81.6,351.8,-7.78,-0.99,-48.84,113.09,80.06,299.65,311.88,113.63,80.19,299.97,311.94,1.0
2018-08-18 11:34:00,89.5555,36.82744,964.376,272.87,81.6,351.8,-4.68,-1.31,-48.76,111.39,80.19,299.51,311.8,114.2,80.28,299.93,311.9,1.0
2018-08-18 11:34:00,89.5555,36.82727,964.384,272.87,81.6,351.8,-3.12,-1.6,-48.52,113.61,80.19,299.87,312.77,114.6,80.34,299.89,311.88,1.0
2018-08-18 11:34:00,89.5555,36.8271,964.411,272.87,81.6,351.5,-2.24,-1.75,-48.3,112.44,80.12,299.77,313.25,114.82,80.36,299.85,311.9,1.0
2018-08-18 11:34:00,89.5555,36.82693,964.449,272.88,81.6,351.2,-2.13,-2.09,-48.67,112.76,80.06,300.06,312.88,114.86,80.35,299.82,311.94,1.0
2018-08-18 11:34:00,89.5555,36.82676,964.378,272.87,81.6,351.8,-1.15,-2.47,-49.72,113.35,80.12,299.68,312.13,114.76,80.33,299.81,312.0,1.0
2018-08-18 11:34:00,89.5555,36.82661,964.478,272.88,81.6,351.0,-2.95,-2.41,-50.55,112.3,79.99,299.87,311.88,114.57,80.31,299.78,312.07,1.0
2018-08-18 11:34:00,89.5555,36.82648,964.501,272.88,81.6,350.8,-4.95,-2.17,-50.98,113.28,80.12,299.97,312.08,114.33,80.29,299.74,312.12,1.0
2018-08-18 11:34:00,89.5555,36.82635,964.458,272.88,81.6,351.2,-6.53,-1.94,-50.79,111.78,79.99,299.78,311.79,114.09,80.28,299.7,312.09,1.0
2018-08-18 11:34:00,89.5555,36.82622,964.469,272.88,81.6,351.1,-7.1,-1.77,-49.95,113.28,80.26,299.88,312.07,113.86,80.28,299.65,311.98,1.0
2018-08-18 11:34:00,89.5555,36.82608,964.505,272.88,81.6,350.8,-4.44,-1.63,-48.78,113.35,79.99,299.97,311.88,113.66,80.28,299.6,311.85,1.0
2018-08-18 11:34:00,89.5555,36.82595,964.527,272.88,81.6,350.6,-1.01,-1.58,-48.4,112.76,80.06,300.06,311.88,113.49,80.28,299.55,311.77,1.0
2018-08-18 11:34:00,89.5555,36.82582,964.542,272.88,81.6,350.5,0.25,-1.62,-48.26,113.15,80.12,299.78,312.09,113.31,80.25,299.56,311.68,1.0
2018-08-18 11:34:00,89.5555,36.82569,964.538,272.88,81.6,350.5,-2.14,-1.59,-48.48,113.09,79.99,299.78,311.9,113.11,80.2,299.56,311.59,1.0
2018-08-18 11:34:00,89.5555,36.82556,964.521,272.88,81.6,350.7,-6.93,-1.53,-49.26,111.78,80.12,299.79,312.38,112.88,80.1,299.54,311.52,1.0
2018-08-18 11:34:00,89.5555,36.82543,964.552,272.88,81.6,350.4,-10.28,-1.72,-50.78,112.3,80.12,299.89,311.8,112.61,79.96,299.53,311.48,1.0
2018-08-18 11:34:00,89.5555,36.8253,964.529,272.87,81.6,350.6,-12.63,-2.1,-52.09,113.09,80.26,299.89,311.9,112.31,79.79,299.55,311.47,1.0
2018-08-18 11:34:00,89.55549,36.82517,964.551,272.87,81.6,350.4,-13.58,-2.22,-52.66,113.87,80.12,300.47,311.6,112.01,79.61,299.53,311.53,1.0
2018-08-18 11:34:00,89.55549,36.82504,964.59,272.87,81.6,350.1,-14.19,-2.28,-52.78,112.96,80.19,300.15,311.81,111.74,79.44,299.51,311.58,1.0
2018-08-18 11:34:00,89.55549,36.82489,964.59,272.88,81.6,350.1,-13.42,-2.37,-52.61,113.22,80.12,299.87,312.3,111.54,79.29,299.58,311.64,1.0
2018-08-18 11:34:00,89.55549,36.82473,964.498,272.88,81.6,350.8,-9.93,-2.48,-52.17,113.74,80.12,299.69,312.1,111.44,79.21,299.72,311.77,1.0
2018-08-18 11:34:00,89.55549,36.82457,964.505,272.88,81.6,350.8,-5.11,-2.71,-51.22,111.91,80.06,299.8,312.11,111.48,79.19,299.76,311.8,1.0
2018-08-18 11:34:00,89.55549,36.82442,964.535,272.87,81.6,350.5,0.07,-2.95,-50.63,112.76,79.92,299.04,312.42,111.64,79.26,299.86,311.82,1.0
2018-08-18 11:34:00,89.55549,36.82425,964.608,272.87,81.6,349.9,4.28,-3.01,-49.63,111.85,79.71,298.59,311.28,111.92,79.4,299.85,311.81,1.0
2018-08-18 11:34:00,89.55549,36.8241,964.64,272.88,81.6,349.7,6.16,-2.93,-48.68,111.72,79.71,299.45,311.12,112.28,79.62,299.84,311.79,1.0
2018-08-18 11:34:00,89.55549,36.82394,964.549,272.88,81.6,350.4,5.26,-2.85,-48.55,112.76,79.85,300.35,311.7,112.68,79.89,299.88,311.76,1.0
2018-08-18 11:34:00,89.55549,36.82378,964.6,272.88,81.6,350.0,3.78,-3.01,-49.83,112.76,79.92,299.55,311.43,113.06,80.18,299.88,311.72,1.0
2018-08-18 11:34:00,89.55549,36.82362,964.552,272.87,81.6,350.4,2.14,-2.86,-48.6,112.37,80.12,300.5,311.47,113.39,80.47,299.88,311.67,1.0
2018-08-18 11:34:00,89.55549,36.82346,964.514,272.88,81.6,350.7,0.38,-2.93,-49.56,112.89,79.99,300.38,311.39,113.62,80.73,299.95,311.61,1.0
2018-08-18 11:34:00,89.55549,36.8233,964.547,272.88,81.6,350.4,-2.84,-2.95,-49.97,113.42,80.19,300.23,311.69,113.75,80.94,300.05,311.62,1.0
2018-08-18 11:34:00,89.55548,36.82314,964.622,272.88,81.6,349.8,-5.23,-2.99,-49.46,113.55,79.99,300.46,311.81,113.77,81.08,300.1,311.7,1.0
2018-08-18 11:34:00,89.55548,36.82301,964.588,272.88,81.6,350.1,-2.8,-3.29,-49.44,112.76,80.06,300.2,311.8,113.69,81.14,300.08,311.82,1.0
2018-08-18 11:34:00,89.55548,36.82289,964.621,272.87,81.6,349.8,-2.49,-3.4,-48.89,112.89,80.12,300.0,311.99,113.54,81.14,300.18,312.03,1.0
2018-08-18 11:34:00,89.55548,36.82277,964.625,272.88,81.6,349.8,-3.59,-3.09,-49.16,113.35,80.12,299.8,311.9,113.33,81.07,300.2,312.16,1.0
2018-08-18 11:34:00,89.55548,36.82265,964.592,272.88,81.6,350.1,-4.61,-3.11,-49.14,111.45,80.19,299.79,312.09,113.08,80.96,300.24,312.26,1.0
2018-08-18 11:34:00,89.55548,36.82253,964.578,272.88,81.6,350.2,-6.01,-3.25,-48.91,112.3,79.99,299.79,312.54,112.8,80.81,300.26,312.33,1.0
2018-08-18 11:34:00,89.55548,36.82241,964.663,272.88,81.6,349.5,-8.03,-3.22,-48.89,111.98,80.4,299.69,312.99,112.49,80.64,300.28,312.35,1.0
2018-08-18 11:34:00,89.55548,36.82229,964.761,272.88,81.6,348.7,-9.11,-3.23,-49.64,113.87,80.12,299.8,312.92,112.16,80.47,300.34,312.34,1.0
2018-08-18 11:34:00,89.55548,36.82217,964.719,272.88,81.6,349.0,-9.09,-3.33,-49.19,113.81,80.33,299.98,312.2,111.81,80.3,300.34,312.31,1.0
2018-08-18 11:34:00,89.55548,36.82205,964.705,272.88,81.6,349.1,-10.5,-3.25,-49.16,112.96,80.19,299.8,311.89,111.45,80.15,300.31,312.26,1.0
2018-08-18 11:34:00,89.55548,36.82193,964.723,272.88,81.6,349.0,-11.0,-3.29,-49.09,113.28,80.19,299.98,311.9,111.1,80.02,300.26,312.21,1.0
2018-08-18 11:34:00,89.55548,36.82181,964.737,272.88,81.6,348.9,-9.87,-3.58,-49.09,111.78,80.12,299.93,312.1,110.79,79.91,300.2,312.12,1.0
2018-08-18 11:34:00,89.55548,36.82169,964.697,272.88,81.6,349.2,-8.79,-4.09,-50.17,112.3,80.19,300.77,311.91,110.57,79.83,300.16,311.97,1.0
2018-08-18 11:34:00,89.55548,36.82157,964.622,272.87,81.6,349.8,-9.97,-3.92,-49.79,112.5,80.19,300.1,311.8,110.48,79.78,300.12,311.84,1.0
2018-08-18 11:34:00,89.55548,36.82145,964.634,272.88,81.7,349.7,-10.55,-3.95,-49.92,112.37,80.12,299.8,312.1,110.57,79.76,300.18,311.86,1.0
2018-08-18 11:34:00,89.55548,36.82133,964.655,272.88,81.7,349.6,-10.62,-4.01,-49.53,112.96,80.19,299.62,311.91,110.84,79.78,300.24,311.89,1.0
2018-08-18 11:34:00,89.55548,36.82118,964.676,272.88,81.7,349.4,-10.21,-4.14,-49.08,112.83,79.99,299.81,312.1,111.3,79.83,300.25,311.9,1.0
2018-08-18 11:34:00,89.55548,36.821,964.786,272.87,81.7,348.5,-9.57,-4.39,-49.48,112.44,80.26,299.81,311.9,111.92,79.91,300.24,311.91,1.0
2018-08-18 11:34:00,89.55548,36.82082,964.768,272.87,81.7,348.6,-10.63,-4.04,-49.18,112.04,80.06,299.72,311.74,112.62,80.02,300.19,311.91,1.0
2018-08-18 11:34:00,89.55548,36.82064,964.799,272.87,81.7,348.4,-11.52,-3.96,-49.13,111.06,79.99,300.8,312.09,113.32,80.15,300.28,311.89,1.0
2018-08-18 11:34:00,89.55548,36.82046,964.768,272.87,81.6,348.6,-12.25,-4.1,-49.06,112.24,79.99,300.56,312.07,113.94,80.29,300.34,311.86,1.0
2018-08-18 11:34:00,89.55547,36.82028,964.709,272.87,81.6,349.1,-13.41,-3.99,-48.98,112.89,80.19,299.8,311.82,114.38,80.43,300.35,311.82,1.0
2018-08-18 11:34:00,89.55547,36.8201,964.81,272.88,81.7,348.3,-14.33,-3.36,-48.87,113.09,80.26,299.91,311.72,114.59,80.56,300.37,311.79,1.0
2018-08-18 11:34:00,89.55547,36.81991,964.737,272.87,81.7,348.9,-11.2,-3.25,-48.23,112.56,80.06,300.02,311.92,114.54,80.66,300.37,311.76,1.0
2018-08-18 11:34:00,89.55547,36.81974,964.78,272.87,81.7,348.5,-9.25,-2.92,-48.23,112.11,80.26,300.85,311.81,114.23,80.72,300.37,311.75,1.0
2018-08-18 11:34:00,89.55547,36.81955,964.764,272.88,81.7,348.7,-8.61,-2.54,-48.6,113.02,80.12,300.44,312.2,113.73,80.75,300.31,311.73,1.0
2018-08-18 11:34:00,89.55547,36.8194,964.784,272.88,81.7,348.5,-8.09,-2.33,-49.0,113.42,80.19,299.81,312.01,113.11,80.75,300.27,311.73,1.0
2018-08-18 11:34:00,89.55547,36.81926,964.858,272.88,81.7,347.9,-7.7,-2.22,-49.22,113.81,80.26,299.81,311.82,112.48,80.71,300.28,311.79,1.0
2018-08-18 11:34:00,89.55547,36.81912,964.783,272.88,81.7,348.5,-8.6,-1.98,-49.14,112.56,80.26,300.0,311.82,111.94,80.65,300.29,311.87,1.0
2018-08-18 11:34:00,89.55547,36.81898,964.781,272.88,81.7,348.5,-12.97,-1.91,-49.59,113.15,80.19,299.72,311.83,111.57,80.58,300.25,311.95,1.0
2018-08-18 11:34:00,89.55547,36.81884,964.75,272.88,81.7,348.8,-18.04,-2.17,-50.16,111.91,80.19,300.52,311.64,111.41,80.5,300.14,312.01,1.0
2018-08-18 11:34:00,89.55546,36.8187,964.741,272.88,81.7,348.9,-24.71,-2.31,-50.58,111.32,80.4,300.49,312.06,111.47,80.44,300.08,312.06,1.0
2018-08-18 11:34:00,89.55546,36.81856,964.767,272.88,81.7,348.7,-27.91,-2.52,-51.07,112.76,80.19,300.6,311.96,111.72,80.39,300.08,312.14,1.0
2018-08-18 11:34:00,89.55546,36.81842,964.808,272.88,81.7,348.3,-23.38,-2.97,-51.81,112.7,80.33,300.16,311.93,112.08,80.37,300.12,312.25,1.0
2018-08-18 11:34:00,89.55546,36.81828,964.82,272.87,81.7,348.2,-17.13,-2.99,-52.3,112.5,80.19,300.19,311.72,112.48,80.36,300.11,312.35,1.0
2018-08-18 11:34:00,89.55546,36.81814,964.84,272.87,81.7,348.1,-15.49,-2.81,-51.87,112.17,80.26,299.81,311.82,112.83,80.37,300.11,312.42,1.0
2018-08-18 11:34:00,89.55546,36.81801,964.853,272.87,81.7,347.9,-16.0,-2.49,-51.0,112.37,80.19,299.99,312.01,113.07,80.4,300.09,312.39,1.0
2018-08-18 11:34:00,89.55546,36.81787,964.855,272.87,81.7,347.9,-16.31,-2.36,-50.0,113.09,80.12,300.33,312.51,113.17,80.43,300.07,312.34,1.0
2018-08-18 11:34:00,89.55546,36.81773,964.855,272.87,81.7,347.9,-14.77,-2.49,-49.15,112.5,80.33,300.32,313.32,113.14,80.46,300.07,312.31,1.0
2018-08-18 11:34:00,89.55546,36.81759,964.899,272.87,81.7,347.6,-10.78,-2.55,-48.65,113.35,80.33,299.89,313.18,113.01,80.49,300.09,312.3,1.0
2018-08-18 11:34:00,89.55546,36.81745,964.948,272.87,81.7,347.2,-9.85,-2.34,-48.81,112.7,80.33,299.8,313.26,112.86,80.52,300.23,312.38,1.0
2018-08-18 11:34:00,89.55546,36.81732,964.909,272.87,81.7,347.5,-12.52,-2.63,-48.72,113.28,80.19,299.9,312.41,112.75,80.54,300.37,312.45,1.0
2018-08-18 11:34:00,89.55546,36.81718,964.915,272.87,81.7,347.4,-16.88,-2.76,-48.85,112.3,80.47,299.91,311.7,112.74,80.56,300.43,312.51,1.0
2018-08-18 11:34:00,89.55546,36.81704,964.977,272.86,81.7,346.9,-20.78,-2.76,-49.26,111.91,80.19,299.81,312.09,112.89,80.59,300.42,312.5,1.0
2018-08-18 11:34:00,89.55546,36.81691,964.952,272.87,81.6,347.1,-22.31,-2.98,-49.74,112.7,80.4,299.98,311.92,113.17,80.62,300.43,312.42,1.0
2018-08-18 11:34:00,89.55545,36.81677,964.958,272.87,81.6,347.1,-22.28,-3.06,-49.7,112.5,80.19,301.06,313.0,113.56,80.66,300.52,312.36,1.0
2018-08-18 11:34:00,89.55545,36.81663,964.951,272.87,81.6,347.1,-21.7,-3.11,-50.1,112.11,80.12,301.04,312.06,113.98,80.7,300.52,312.25,1.0
2018-08-18 11:34:00,89.55545,36.8165,964.964,272.87,81.6,347.0,-20.77,-3.26,-50.18,112.56,80.47,300.4,311.87,114.34,80.75,300.51,312.19,1.0
2018-08-18 11:34:00,89.55545,36.81636,964.988,272.86,81.6,346.8,-18.44,-3.28,-50.03,113.28,80.4,300.42,311.92,114.55,80.8,300.51,312.16,1.0
2018-08-18 11:34:00,89.55545,36.81622,964.986,272.86,81.6,346.9,-14.54,-3.03,-50.03,112.83,80.4,300.96,312.03,114.56,80.85,300.54,312.12,1.0
2018-08-18 11:34:00,89.55545,36.81608,964.933,272.85,81.6,347.3,-12.0,-2.96,-50.65,112.37,80.33,301.27,312.4,114.32,80.89,300.57,312.07,1.0
2018-08-18 11:34:00,89.55545,36.81593,964.95,272.86,81.6,347.2,-16.23,-2.88,-50.38,113.35,80.33,300.11,311.91,113.86,80.93,300.53,311.98,1.0
2018-08-18 11:34:00,89.55545,36.81579,964.939,272.86,81.6,347.2,-20.26,-2.87,-50.49,113.61,80.4,300.0,312.2,113.25,80.95,300.49,311.94,1.0
2018-08-18 11:34:00,89.55545,36.81564,964.953,272.86,81.6,347.1,-23.82,-2.93,-50.53,113.15,80.54,300.09,311.92,112.57,80.96,300.51,311.94,1.0
2018-08-18 11:34:00,89.55545,36.8155,965.006,272.86,81.6,346.7,-25.43,-3.16,-50.59,112.7,80.33,300.0,311.72,111.96,80.95,300.55,311.97,1.0
2018-08-18 11:34:00,89.55545,36.81535,964.968,272.86,81.6,347.0,-23.16,-3.72,-51.27,113.68,80.4,300.09,311.82,111.51,80.94,300.52,312.01,1.0
2018-08-18 11:34:00,89.55544,36.8152,965.04,272.86,81.6,346.4,-21.57,-4.04,-51.83,112.76,80.47,299.99,312.11,111.32,80.92,300.5,312.01,1.0
2018-08-18 11:34:00,89.55544,36.81506,965.044,272.85,81.6,346.4,-16.73,-3.65,-51.88,113.35,80.47,300.1,311.82,111.43,80.89,300.56,311.98,1.0
2018-08-18 11:34:00,89.55544,36.81491,965.008,272.85,81.6,346.7,-14.16,-3.36,-51.43,110.93,80.61,299.81,312.01,111.81,80.87,300.59,311.99,1.0
2018-08-18 11:34:00,89.55544,36.81477,964.988,272.85,81.6,346.8,-12.82,-3.28,-50.95,112.5,80.4,299.99,311.82,112.41,80.85,300.59,312.0,1.0
2018-08-18 11:34:00,89.55544,36.81462,965.036,272.86,81.6,346.5,-10.73,-3.24,-50.91,112.24,80.61,300.22,312.12,113.12,80.84,300.55,311.98,1.0
2018-08-18 11:34:00,89.55544,36.81448,964.987,272.86,81.6,346.9,-13.7,-3.23,-51.06,112.7,80.33,300.84,311.93,113.8,80.83,300.45,311.96,1.0
2018-08-18 11:34:00,89.55544,36.81433,965.002,272.85,81.6,346.7,-15.22,-3.46,-50.35,113.02,80.61,300.98,311.01,114.35,80.82,300.36,311.93,1.0
2018-08-18 11:34:00,89.55544,36.8142,965.022,272.85,81.6,346.6,-16.05,-3.41,-50.59,111.98,80.4,300.97,311.57,114.64,80.81,300.29,311.9,1.0
2018-08-18 11:34:00,89.55544,36.81408,965.041,272.85,81.5,346.4,-15.71,-3.54,-50.99,113.68,80.54,300.77,311.64,114.64,80.79,300.25,311.88,1.0
2018-08-18 11:34:00,89.55544,36.81395,965.071,272.85,81.5,346.2,-15.22,-3.91,-50.81,114.07,80.54,300.67,311.82,114.32,80.77,300.25,311.87,1.0
2018-08-18 11:34:00,89.55544,36.81383,965.1,272.84,81.5,345.9,-17.89,-3.73,-50.22,113.48,80.61,299.97,312.03,113.75,80.73,300.28,311.85,1.0
2018-08-18 11:34:00,89.55544,36.8137,965.096,272.85,81.5,346.0,-18.96,-3.64,-49.64,112.5,80.54,300.08,311.82,113.02,80.7,300.35,311.86,1.0
2018-08-18 11:34:00,89.55544,36.81358,965.128,272.85,81.5,345.7,-19.42,-3.69,-49.64,113.28,80.54,300.09,312.11,112.25,80.66,300.42,312.05,1.0
2018-08-18 11:34:00,89.55544,36.81345,965.109,272.85,81.5,345.9,-19.88,-3.64,-49.27,112.5,80.61,300.0,311.92,111.55,80.62,300.44,312.23,1.0
2018-08-18 11:34:00,89.55544,36.81333,965.035,272.85,81.5,346.5,-20.85,-3.5,-48.82,112.96,80.54,300.09,312.01,111.02,80.6,300.43,312.38,1.0
2018-08-18 11:34:00,89.55544,36.8132,965.039,272.85,81.5,346.4,-22.69,-3.41,-49.23,112.89,80.47,300.18,311.59,110.75,80.6,300.44,312.52,1.0
2018-08-18 11:34:00,89.55544,36.81308,965.063,272.84,81.5,346.2,-24.64,-2.99,-48.97,112.7,80.47,300.81,311.81,110.75,80.61,300.53,312.62,1.0
2018-08-18 11:34:00,89.55543,36.81295,965.11,272.84,81.5,345.9,-25.63,-3.24,-48.57,113.09,80.61,300.95,312.56,110.99,80.66,300.53,312.66,1.0
2018-08-18 11:34:00,89.55543,36.81282,965.178,272.84,81.5,345.3,-27.63,-3.27,-48.62,112.44,80.61,300.2,312.95,111.42,80.73,300.5,312.67,1.0
2018-08-18 11:34:00,89.55543,36.8127,965.207,272.84,81.5,345.1,-28.95,-3.42,-49.07,111.65,80.47,300.0,312.59,111.96,80.82,300.44,312.65,1.0
2018-08-18 11:34:00,89.55543,36.81258,965.14,272.84,81.5,345.6,-27.7,-3.92,-49.49,112.56,80.68,300.13,312.63,112.52,80.92,300.37,312.64,1.0
2018-08-18 11:34:00,89.55543,36.81245,965.153,272.84,81.5,345.5,-24.78,-3.84,-49.05,112.5,80.54,300.62,312.6,113.03,81.02,300.3,312.63,1.0
2018-08-18 11:34:00,89.55543,36.81229,965.236,272.84,81.5,344.8,-22.98,-3.98,-49.06,112.44,80.47,300.12,312.03,113.44,81.12,300.15,312.63,1.0
2018-08-18 11:34:00,89.55543,36.81211,965.239,272.84,81.5,344.8,-21.31,-3.87,-48.77,112.7,80.47,300.09,312.11,113.72,81.2,300.03,312.54,1.0
2018-08-18 11:34:00,89.55543,36.81194,965.191,272.84,81.5,345.2,-18.95,-3.73,-48.38,113.48,80.74,300.19,312.12,113.9,81.25,300.02,312.43,1.0
2018-08-18 11:34:00,89.55543,36.81176,965.15,272.84,81.4,345.5,-16.19,-3.77,-48.05,113.68,80.61,299.91,312.22,113.99,81.26,300.1,312.34,1.0
2018-08-18 11:34:00,89.55543,36.81158,965.149,272.83,81.4,345.5,-14.32,-3.99,-47.75,112.5,80.68,300.0,312.11,114.04,81.24,300.13,312.24,1.0
2018-08-18 11:34:00,89.55543,36.81141,965.071,272.83,81.4,346.2,-13.83,-3.48,-47.47,113.74,80.74,300.19,312.2,114.09,81.19,300.12,312.18,1.0
2018-08-18 11:34:00,89.55543,36.81123,965.14,272.83,81.4,345.6,-14.25,-3.65,-47.29,111.58,80.68,300.19,311.92,114.16,81.1,300.17,312.18,1.0
2018-08-18 11:34:00,89.55542,36.81106,965.194,272.83,81.4,345.2,-16.07,-3.74,-47.67,111.91,80.81,300.45,312.11,114.24,81.01,300.24,312.09,1.0
2018-08-18 11:34:00,89.55542,36.81088,965.173,272.83,81.4,345.3,-18.62,-3.78,-48.43,113.35,80.68,300.82,311.81,114.32,80.91,300.29,312.0,1.0
2018-08-18 11:34:00,89.55542,36.81073,965.16,272.83,81.4,345.4,-20.48,-4.21,-49.14,112.7,80.61,300.09,311.93,114.35,80.82,300.34,311.94,1.0
2018-08-18 11:34:00,89.55542,36.81062,965.258,272.82,81.4,344.6,-21.33,-4.56,-50.15,113.42,80.74,300.0,312.0,114.29,80.75,300.35,311.77,1.0
2018-08-18 11:34:00,89.55542,36.8105,965.238,272.83,81.4,344.8,-21.39,-4.45,-49.97,113.42,80.81,300.1,311.82,114.1,80.71,300.35,311.71,1.0
2018-08-18 11:34:00,89.55542,36.81038,965.26,272.83,81.4,344.6,-21.45,-4.56,-49.71,113.09,80.74,300.0,311.58,113.75,80.7,300.33,311.68,1.0
2018-08-18 11:34:00,89.55542,36.81027,965.286,272.82,81.4,344.4,-21.71,-4.55,-49.78,113.09,80.54,300.06,311.28,113.27,80.73,300.26,311.65,1.0
2018-08-18 11:34:00,89.55542,36.81015,965.251,272.82,81.4,344.7,-21.92,-4.38,-50.13,112.37,80.54,299.94,311.44,112.67,80.78,300.18,311.66,1.0
2018-08-18 11:34:00,89.55542,36.81004,965.277,272.82,81.4,344.5,-21.32,-4.84,-50.25,113.35,80.68,299.92,310.57,112.04,80.84,300.22,311.76,1.0
2018-08-18 11:34:00,89.55542,36.80992,965.365,272.82,81.4,343.8,-21.39,-5.07,-50.94,113.28,80.74,300.01,311.67,111.46,80.91,300.21,311.76,1.0
2018-08-18 11:34:00,89.55542,36.80981,965.32,272.82,81.4,344.1,-19.2,-5.16,-51.47,115.05,80.74,300.1,312.21,111.01,80.97,300.21,311.74,1.0
2018-08-18 11:34:00,89.55542,36.80969,965.281,272.82,81.4,344.5,-16.55,-5.2,-51.45,112.63,80.81,300.29,312.1,110.77,81.02,300.23,311.8,1.0
2018-08-18 11:34:00,89.55542,36.80958,965.315,272.81,81.4,344.2,-14.67,-5.21,-51.18,112.17,80.88,300.21,312.52,110.79,81.05,300.24,311.86,1.0
2018-08-18 11:34:00,89.55542,36.80946,965.31,272.82,81.4,344.2,-14.17,-5.18,-51.3,111.65,80.47,300.59,312.99,111.08,81.05,300.25,311.87,1.0
2018-08-18 11:34:00,89.55542,36.80935,965.38,272.82,81.4,343.6,-11.59,-4.6,-51.09,111.98,80.74,299.9,311.67,111.62,81.04,300.27,311.98,1.0
2018-08-18 11:34:00,89.55542,36.80923,965.311,272.81,81.4,344.2,-10.03,-4.56,-51.4,112.89,80.74,300.2,312.1,112.34,81.01,300.18,311.82,1.0
2018-08-18 11:34:00,89.55542,36.80911,965.29,272.81,81.4,344.4,-9.83,-4.57,-51.97,112.63,80.88,300.2,312.1,113.16,80.98,300.13,311.71,1.0
2018-08-18 11:34:00,89.55542,36.80899,965.321,272.82,81.4,344.1,-10.41,-4.47,-52.92,112.96,80.74,300.0,312.01,113.98,80.95,300.1,311.73,1.0
2018-08-18 11:34:00,89.55542,36.80888,965.287,272.81,81.4,344.4,-11.24,-4.33,-53.99,112.96,80.81,300.19,312.29,114.69,80.94,300.05,311.77,1.0
2018-08-18 11:34:00,89.55542,36.80876,965.373,272.81,81.3,343.7,-12.41,-4.51,-53.32,112.76,80.81,300.01,312.09,115.22,80.95,299.94,311.74,1.0
2018-08-18 11:34:00,89.55541,36.80864,965.368,272.81,81.3,343.8,-12.26,-4.52,-52.6,112.63,80.81,299.23,310.21,115.52,80.98,299.89,311.79,1.0
2018-08-18 11:34:00,89.55541,36.80852,965.35,272.81,81.3,343.9,-12.16,-4.35,-51.9,113.15,80.61,299.58,311.0,115.57,81.02,299.79,311.88,1.0
2018-08-18 11:34:00,89.55541,36.8084,965.348,272.81,81.3,343.9,-11.5,-4.29,-51.1,113.55,80.68,300.19,312.65,115.37,81.07,299.71,311.96,1.0
2018-08-18 11:34:00,89.55541,36.80829,965.367,272.81,81.3,343.8,-10.12,-4.35,-50.46,113.35,80.88,300.01,312.88,114.99,81.11,299.71,312.0,1.0
2018-08-18 11:34:00,89.55541,36.80817,965.397,272.81,81.3,343.5,-8.65,-4.16,-50.76,113.28,80.74,300.1,312.78,114.47,81.15,299.7,312.05,1.0
2018-08-18 11:34:00,89.55541,36.80805,965.339,272.81,81.3,344.0,-9.13,-4.53,-50.69,113.48,80.81,300.11,312.61,113.89,81.17,299.64,312.1,1.0
2018-08-18 11:34:00,89.55541,36.80793,965.364,272.81,81.3,343.8,-10.37,-4.35,-50.47,112.96,80.81,299.41,312.7,113.3,81.16,299.7,312.38,1.0
2018-08-18 11:34:00,89.55541,36.80782,965.398,272.81,81.3,343.5,-11.94,-4.15,-49.51,112.96,80.95,299.89,312.24,112.76,81.13,299.72,312.6,1.0
2018-08-18 11:34:00,89.55541,36.80771,965.405,272.81,81.3,343.5,-12.65,-4.05,-48.16,114.07,80.88,300.01,312.19,112.31,81.08,299.66,312.66,1.0
2018-08-18 11:34:00,89.55541,36.8076,965.411,272.8,81.3,343.4,-11.62,-3.94,-47.36,112.83,80.81,300.04,312.2,111.96,81.01,299.59,312.59,1.0
2018-08-18 11:34:00,89.55541,36.80748,965.438,272.8,81.3,343.2,-10.87,-3.83,-47.84,112.63,81.09,298.92,311.9,111.71,80.95,299.59,312.55,1.0
2018-08-18 11:34:00,89.55541,36.80737,965.426,272.8,81.3,343.3,-11.63,-4.29,-48.87,112.04,80.74,299.23,312.72,111.57,80.9,299.55,312.51,1.0
2018-08-18 11:34:00,89.55541,36.80726,965.484,272.8,81.3,342.8,-11.93,-4.09,-49.32,113.74,80.74,298.99,313.07,111.51,80.88,299.57,312.46,1.0
2018-08-18 11:34:00,89.55541,36.80714,965.537,272.8,81.3,342.4,-12.89,-3.86,-49.47,112.89,80.61,298.83,312.4,111.53,80.9,299.53,312.49,1.0
2018-08-18 11:34:00,89.55541,36.80703,965.505,272.81,81.3,342.6,-14.92,-4.01,-49.65,112.89,80.88,298.79,311.9,111.63,80.95,299.39,312.62,1.0
2018-08-18 11:34:00,89.55541,36.80692,965.526,272.8,81.3,342.5,-16.36,-4.11,-49.94,113.87,80.95,299.82,312.09,111.81,81.04,299.26,312.76,1.0
2018-08-18 11:34:00,89.55541,36.8068,965.523,272.8,81.3,342.5,-19.65,-4.08,-49.4,113.35,80.88,299.83,312.0,112.07,81.15,299.32,312.8,1.0
2018-08-18 11:34:00,89.55541,36.80669,965.552,272.8,81.3,342.2,-18.48,-3.89,-48.51,112.56,81.02,300.19,312.2,112.42,81.28,299.4,312.74,1.0
2018-08-18 11:34:00,89.55541,36.80658,965.568,272.8,81.3,342.1,-16.6,-3.69,-48.36,112.83,80.74,299.86,312.57,112.85,81.4,299.51,312.66,1.0
2018-08-18 11:34:00,89.55541,36.80649,965.547,272.8,81.3,342.3,-14.76,-3.67,-48.71,111.91,80.81,298.98,313.01,113.34,81.51,299.68,312.61,1.0
2018-08-18 11:34:00,89.55541,36.8064,965.531,272.79,81.3,342.4,-11.04,-4.0,-48.46,112.5,80.81,298.7,313.25,113.87,81.59,299.87,312.62,1.0
2018-08-18 11:34:00,89.55541,36.80632,965.553,272.79,81.3,342.2,-6.89,-4.03,-48.23,111.78,81.02,299.91,312.29,114.41,81.62,299.98,312.62,1.0
2018-08-18 11:34:00,89.55541,36.80623,965.541,272.8,81.3,342.3,-4.31,-4.02,-48.29,112.96,80.95,300.29,311.9,114.89,81.62,300.11,312.62,1.0
2018-08-18 11:34:00,89.55541,36.80615,965.561,272.8,81.3,342.2,-4.55,-3.91,-48.57,114.2,80.95,300.01,312.19,115.28,81.58,300.22,312.63,1.0
2018-08-18 11:34:00,89.55541,36.80606,965.589,272.79,81.3,342.0,-5.29,-3.71,-49.0,113.87,81.02,300.1,312.19,115.54,81.51,300.34,312.59,1.0
2018-08-18 11:34:00,89.55541,36.80597,965.564,272.79,81.3,342.2,-4.63,-3.48,-49.58,113.61,80.95,300.19,312.09,115.63,81.42,300.48,312.5,1.0
2018-08-18 11:34:00,89.55541,36.80589,965.583,272.79,81.3,342.0,-4.4,-3.56,-50.37,112.76,81.09,300.01,312.09,115.56,81.33,300.59,312.4,1.0
2018-08-18 11:34:00,89.55541,36.8058,965.586,272.79,81.3,342.0,-4.39,-3.38,-50.62,112.76,81.16,300.19,312.19,115.32,81.25,300.57,312.41,1.0
2018-08-18 11:34:00,89.55541,36.80572,965.66,272.79,81.3,341.4,-4.66,-2.99,-50.59,113.28,81.02,300.1,312.09,114.96,81.19,300.51,312.43,1.0
2018-08-18 11:34:00,89.55541,36.80563,965.696,272.79,81.3,341.1,-5.62,-2.52,-50.31,113.42,80.95,300.19,312.38,114.52,81.16,300.42,312.43,1.0
2018-08-18 11:34:00,89.55541,36.80554,965.625,272.79,81.3,341.7,-6.56,-2.15,-49.95,113.94,81.02,300.0,312.18,114.06,81.15,300.32,312.45,1.0
2018-08-18 11:34:00,89.55541,36.80546,965.67,272.78,81.3,341.3,-5.81,-2.1,-49.79,113.74,81.02,300.28,312.09,113.65,81.16,300.22,312.52,1.0
2018-08-18 11:34:00,89.55541,36.80537,965.717,272.79,81.3,340.9,-8.56,-2.28,-49.16,113.74,81.02,300.09,311.89,113.33,81.19,300.13,312.55,1.0
2018-08-18 11:34:00,89.55541,36.80528,965.778,272.79,81.3,340.4,-9.05,-2.16,-49.52,112.76,80.95,300.09,312.2,113.15,81.22,300.06,312.54,1.0
2018-08-18 11:34:00,89.55541,36.80517,965.752,272.79,81.3,340.6,-8.42,-2.12,-49.95,112.37,80.81,300.19,312.1,113.13,81.26,300.01,312.49,1.0
2018-08-18 11:34:00,89.55541,36.80503,965.665,272.78,81.3,341.3,-7.69,-2.22,-50.27,113.42,81.02,300.1,312.43,113.26,81.28,299.99,312.42,1.0
2018-08-18 11:34:00,89.55541,36.8049,965.67,272.79,81.2,341.3,-7.41,-2.39,-50.66,113.94,81.16,300.29,313.19,113.52,81.29,300.0,312.36,1.0
2018-08-18 11:34:00,89.5554,36.80477,965.726,272.78,81.2,340.8,-6.18,-2.57,-50.82,114.07,81.16,300.29,312.92,113.87,81.29,300.03,312.31,1.0
2018-08-18 11:34:00,89.5554,36.80464,965.772,272.78,81.3,340.4,-5.26,-2.78,-51.05,112.83,81.09,300.38,312.81,114.25,81.27,300.08,312.3,1.0
2018-08-18 11:34:00,89.5554,36.8045,965.801,272.78,81.3,340.2,-4.81,-2.78,-50.96,113.42,81.23,300.01,312.41,114.61,81.25,300.06,312.3,1.0
2018-08-18 11:34:00,89.5554,36.80437,965.808,272.78,81.2,340.2,-3.8,-2.84,-50.73,113.35,81.02,300.38,312.08,114.9,81.22,300.01,312.41,1.0
2018-08-18 11:34:00,89.5554,36.80424,965.794,272.78,81.2,340.3,-1.44,-3.03,-50.35,113.35,81.09,300.19,311.99,115.06,81.2,299.96,312.53,1.0
2018-08-18 11:34:00,89.5554,36.80411,965.771,272.78,81.2,340.5,2.11,-2.89,-49.29,113.48,81.02,300.1,312.38,115.07,81.18,299.93,312.51,1.0
2018-08-18 11:34:00,89.5554,36.80399,965.807,272.77,81.2,340.2,6.71,-3.39,-48.31,113.68,80.95,300.0,311.99,114.9,81.17,299.95,312.5,1.0
2018-08-18 11:34:00,89.5554,36.8039,965.844,272.78,81.2,339.9,9.26,-3.19,-48.07,113.09,81.02,299.18,312.57,114.55,81.17,299.96,312.49,1.0
2018-08-18 11:34:00,89.5554,36.8038,965.862,272.78,81.2,339.7,9.85,-2.92,-48.26,114.72,81.09,298.89,312.9,114.05,81.18,299.96,312.5,1.0
2018-08-18 11:34:00,89.5554,36.8037,965.863,272.78,81.2,339.7,8.98,-2.82,-48.48,112.76,81.16,298.68,313.15,113.42,81.2,299.94,312.5,1.0
2018-08-18 11:34:00,89.5554,36.80361,965.877,272.78,81.2,339.6,7.2,-2.76,-48.49,114.27,81.02,299.17,311.71,112.69,81.22,299.91,312.46,1.0
2018-08-18 11:34:00,89.5554,36.80351,965.863,272.78,81.2,339.7,5.69,-2.61,-49.12,113.42,81.02,299.94,312.0,111.92,81.25,299.88,312.4,1.0
2018-08-18 11:34:00,89.5554,36.80341,965.871,272.77,81.2,339.6,4.38,-2.91,-49.55,114.4,81.23,300.3,312.09,111.16,81.29,299.84,312.33,1.0
2018-08-18 11:34:00,89.5554,36.80332,965.852,272.77,81.2,339.8,4.51,-2.96,-49.89,113.48,81.16,300.11,312.19,110.45,81.33,299.89,312.24,1.0
2018-08-18 11:34:00,89.5554,36.80322,965.842,272.77,81.2,339.9,5.03,-2.8,-50.2,114.07,81.02,300.1,312.38,109.86,81.39,299.99,312.11,1.0
2018-08-18 11:34:00,89.5554,36.80312,965.916,272.77,81.2,339.3,4.84,-2.69,-50.47,113.15,81.23,300.19,312.19,109.41,81.46,300.09,311.97,1.0
2018-08-18 11:34:00,89.5554,36.80303,965.965,272.77,81.2,338.9,5.14,-2.77,-50.64,111.58,81.09,300.1,312.0,109.14,81.54,300.18,311.95,1.0
2018-08-18 11:34:00,89.5554,36.80293,965.978,272.77,81.2,338.8,6.04,-3.07,-51.3,113.28,81.09,300.29,312.19,109.07,81.63,300.21,311.97,1.0
2018-08-18 11:34:00,89.5554,36.80283,965.924,272.77,81.2,339.2,7.2,-3.09,-51.38,112.37,81.16,300.19,312.15,109.21,81.73,300.25,312.02,1.0
2018-08-18 11:34:00,89.5554,36.80273,965.905,272.77,81.2,339.4,7.24,-2.89,-51.3,113.28,80.95,300.29,312.25,109.55,81.83,300.3,312.09,1.0
2018-08-18 11:34:00,89.5554,36.80262,965.987,272.76,81.2,338.7,6.38,-2.65,-51.3,113.15,81.23,300.29,312.29,110.06,81.91,300.35,312.16,1.0
2018-08-18 11:34:00,89.5554,36.8025,965.853,272.76,81.2,339.8,7.46,-2.63,-51.1,112.37,81.23,300.19,312.09,110.71,81.97,300.4,312.22,1.0
2018-08-18 11:34:00,89.5554,36.80239,965.924,272.76,81.2,339.2,9.3,-2.74,-51.82,112.11,81.23,300.29,312.09,111.44,82.0,300.44,312.26,1.0
2018-08-18 11:34:00,89.5554,36.80228,965.988,272.76,81.2,338.7,11.51,-2.58,-51.85,112.89,81.16,300.37,312.08,112.22,81.99,300.47,312.26,1.0
2018-08-18 11:34:00,89.5554,36.80217,965.991,272.76,81.2,338.7,13.29,-2.58,-51.63,113.28,81.37,300.28,312.08,112.97,81.94,300.48,312.23,1.0
2018-08-18 11:34:00,89.5554,36.80206,965.961,272.76,81.2,338.9,14.62,-2.76,-51.92,112.37,81.3,300.28,312.48,113.65,81.85,300.43,312.2,1.0
2018-08-18 11:34:00,89.5554,36.80195,966.0,272.76,81.2,338.6,15.93,-2.91,-53.2,113.02,81.44,300.28,311.9,114.22,81.73,300.32,312.19,1.0
2018-08-18 11:34:00,89.5554,36.80184,966.047,272.75,81.2,338.2,16.55,-2.91,-53.07,112.11,81.37,300.0,312.19,114.64,81.61,300.27,312.17,1.0
2018-08-18 11:34:00,89.5554,36.80173,966.092,272.76,81.2,337.8,16.37,-2.85,-52.75,111.91,81.37,300.28,311.89,114.89,81.48,300.2,312.13,1.0
2018-08-18 11:34:00,89.5554,36.80162,966.085,272.76,81.2,337.9,14.65,-2.76,-52.67,112.89,81.37,300.1,311.99,114.99,81.38,300.05,312.12,1.0
2018-08-18 11:34:00,89.5554,36.80151,966.029,272.75,81.2,338.4,13.02,-2.78,-52.39,113.87,81.16,299.88,312.55,114.93,81.32,299.86,312.15,1.0
2018-08-18 11:34:00,89.5554,36.80139,965.982,272.76,81.2,338.7,13.22,-2.96,-51.72,112.7,81.23,299.15,313.05,114.76,81.3,299.73,312.21,1.0
2018-08-18 11:34:00,89.5554,36.80128,966.052,272.75,81.2,338.2,15.37,-2.94,-51.7,113.35,81.16,300.01,313.31,114.49,81.33,299.69,312.24,1.0
2018-08-18 11:34:00,89.5554,36.80117,966.067,272.75,81.2,338.0,19.99,-3.26,-51.38,113.87,81.37,300.38,312.8,114.16,81.41,299.67,312.32,1.0
2018-08-18 11:34:00,89.5554,36.80105,966.082,272.75,81.2,337.9,21.55,-3.22,-51.15,113.55,81.57,299.37,313.12,113.81,81.53,299.67,312.42,1.0
2018-08-18 11:34:00,89.5554,36.80094,966.088,272.75,81.2,337.9,21.33,-3.2,-50.81,112.5,81.09,298.89,312.94,113.46,81.68,299.65,312.56,1.0
2018-08-18 11:34:00,89.5554,36.80083,966.079,272.74,81.2,337.9,19.78,-3.4,-50.51,112.56,81.16,299.2,312.5,113.12,81.84,299.64,312.68,1.0
2018-08-18 11:34:00,89.5554,36.80072,966.152,272.74,81.2,337.3,18.47,-3.53,-51.2,113.94,81.3,300.37,312.07,112.81,82.0,299.69,312.68,1.0
2018-08-18 11:34:00,89.5554,36.8006,966.184,272.74,81.2,337.1,18.61,-3.37,-51.93,111.78,81.5,300.19,312.26,112.54,82.14,299.75,312.66,1.0
2018-08-18 11:34:00,89.5554,36.80049,966.186,272.74,81.2,337.1,16.0,-3.37,-52.66,114.07,81.44,300.18,311.97,112.29,82.24,299.81,312.62,1.0
2018-08-18 11:34:00,89.5554,36.80038,966.232,272.74,81.2,336.7,15.21,-3.49,-52.85,112.5,81.5,299.88,312.29,112.07,82.31,299.95,312.54,1.0
2018-08-18 11:34:00,89.5554,36.80026,966.257,272.74,81.2,336.5,15.33,-3.63,-52.56,113.55,81.37,299.04,312.58,111.88,82.35,300.12,312.43,1.0
2018-08-18 11:34:00,89.5554,36.80015,966.12,272.74,81.1,337.6,14.17,-3.7,-52.21,112.7,81.44,299.4,311.97,111.72,82.34,300.22,312.32,1.0
2018-08-18 11:34:00,89.5554,36.80004,966.156,272.74,81.1,337.3,14.02,-3.68,-52.52,112.76,81.44,300.09,312.07,111.62,82.31,300.23,312.26,1.0
2018-08-18 11:34:00,89.5554,36.79994,966.265,272.73,81.1,336.4,16.07,-3.56,-52.51,112.76,81.5,300.39,311.7,111.57,82.25,300.22,312.22,1.0
2018-08-18 11:34:00,89.5554,36.79984,966.262,272.73,81.1,336.4,17.39,-3.58,-52.18,113.48,81.57,300.2,312.08,111.61,82.18,300.2,312.19,1.0
2018-08-18 11:34:00,89.5554,36.79975,966.228,272.73,81.1,336.7,17.98,-3.61,-51.82,112.96,81.5,300.19,312.28,111.73,82.11,300.21,312.15,1.0
2018-08-18 11:34:00,89.5554,36.79965,966.269,272.73,81.1,336.4,18.56,-3.6,-51.55,112.7,81.64,300.0,312.18,111.94,82.04,300.26,312.13,1.0
2018-08-18 11:34:00,89.5554,36.79955,966.24,272.73,81.1,336.6,19.81,-3.72,-51.23,113.02,81.57,300.36,312.17,112.25,81.98,300.31,312.19,1.0
2018-08-18 11:34:00,89.5554,36.79945,966.277,272.73,81.1,336.3,20.14,-3.6,-50.47,112.11,81.57,300.47,312.17,112.65,81.93,300.28,312.26,1.0
2018-08-18 11:34:00,89.5554,36.79936,966.346,272.72,81.1,335.8,17.35,-3.52,-50.38,112.76,81.5,300.19,312.37,113.1,81.89,300.26,312.34,1.0
2018-08-18 11:34:00,89.5554,36.79926,966.366,272.72,81.1,335.6,13.76,-3.42,-50.39,112.76,81.64,300.09,312.08,113.6,81.87,300.25,312.41,1.0
2018-08-18 11:34:00,89.5554,36.79916,966.326,272.73,81.1,335.9,10.67,-3.27,-50.49,112.96,81.57,300.27,312.08,114.08,81.86,300.25,312.48,1.0
2018-08-18 11:34:00,89.5554,36.79906,966.318,272.72,81.1,336.0,8.86,-3.14,-50.93,112.17,81.57,300.38,312.07,114.54,81.87,300.27,312.52,1.0
2018-08-18 11:34:00,89.5554,36.79897,966.348,272.72,81.0,335.8,9.85,-3.16,-50.6,113.15,81.64,300.19,312.17,114.92,81.88,300.29,312.54,1.0
2018-08-18 11:34:00,89.5554,36.79887,966.328,272.72,81.0,335.9,12.26,-3.23,-50.47,112.5,81.44,300.29,312.36,115.21,81.91,300.32,312.53,1.0
2018-08-18 11:34:00,89.5554,36.79877,966.342,272.72,81.0,335.8,14.7,-3.33,-50.48,113.35,81.71,300.29,312.26,115.39,81.95,300.3,312.58,1.0
2018-08-18 11:34:00,89.5554,36.79867,966.371,272.71,81.0,335.6,15.41,-3.38,-50.49,113.22,81.57,300.37,312.08,115.45,82.0,300.28,312.6,1.0
2018-08-18 11:34:00,89.5554,36.79856,966.359,272.71,81.0,335.7,14.1,-3.39,-50.34,114.27,81.71,300.26,312.18,115.4,82.04,300.32,312.55,1.0
2018-08-18 11:34:00,89.5554,36.79837,966.39,272.71,81.0,335.4,14.41,-3.81,-49.93,113.28,81.64,300.17,312.08,115.25,82.08,300.36,312.55,1.0
2018-08-18 11:34:00,89.5554,36.79818,966.384,272.7,81.0,335.5,15.32,-3.72,-50.24,113.68,81.64,300.45,312.17,115.02,82.11,300.39,312.55,1.0
2018-08-18 11:34:00,89.5554,36.798,966.416,272.7,81.0,335.2,15.06,-3.56,-50.8,112.04,81.71,299.52,313.3,114.72,82.14,300.41,312.56,1.0
2018-08-18 11:34:00,89.5554,36.79781,966.449,272.7,81.0,334.9,14.8,-3.32,-51.24,113.68,81.5,299.58,312.82,114.39,82.15,300.42,312.56,1.0
2018-08-18 11:34:00,89.5554,36.79762,966.451,272.69,81.0,334.9,14.14,-3.01,-51.28,113.02,81.78,299.91,312.37,114.02,82.15,300.44,312.54,1.0
2018-08-18 11:34:00,89.5554,36.79744,966.45,272.7,81.0,334.9,11.12,-2.71,-50.94,113.68,81.71,300.44,312.93,113.63,82.15,300.45,312.55,1.0
2018-08-18 11:34:00,89.5554,36.79725,966.425,272.7,81.0,335.1,10.75,-2.51,-51.16,113.55,81.78,300.27,312.99,113.25,82.14,300.45,312.58,1.0
2018-08-18 11:34:00,89.5554,36.79706,966.465,272.69,81.0,334.8,11.58,-2.35,-51.85,112.76,81.71,300.27,312.95,112.88,82.15,300.37,312.57,1.0
2018-08-18 11:34:00,89.5554,36.79688,966.485,272.69,81.0,334.6,12.93,-2.25,-52.91,113.28,81.78,300.27,312.39,112.54,82.16,300.4,312.56,1.0
2018-08-18 11:34:00,89.5554,36.79669,966.472,272.69,81.0,334.7,14.07,-2.21,-53.71,114.14,81.64,300.36,312.16,112.25,82.2,300.39,312.53,1.0
2018-08-18 11:34:00,89.5554,36.79651,966.532,272.69,81.0,334.2,14.1,-2.18,-53.69,113.68,81.64,300.27,312.45,112.04,82.25,300.26,312.44,1.0
2018-08-18 11:34:00,89.5554,36.79633,966.543,272.69,81.0,334.2,11.18,-2.24,-53.57,113.81,82.06,300.35,312.37,111.91,82.32,300.24,312.39,1.0
2018-08-18 11:34:00,89.5554,36.79615,966.529,272.68,81.0,334.3,11.04,-2.26,-53.24,113.02,81.78,299.53,311.26,111.91,82.41,300.2,312.34,1.0
2018-08-18 11:34:00,89.5554,36.79596,966.55,272.68,81.0,334.1,10.28,-2.27,-53.69,112.7,81.64,299.9,312.37,112.04,82.5,300.15,312.27,1.0
2018-08-18 11:34:00,89.5554,36.79578,966.608,272.68,80.9,333.6,7.08,-2.24,-54.23,112.44,81.71,299.59,312.04,112.31,82.58,300.12,312.21,1.0
2018-08-18 11:34:00,89.5554,36.7956,966.667,272.68,80.9,333.1,2.46,-2.28,-54.4,112.7,81.78,298.98,310.87,112.71,82.65,300.13,312.16,1.0
2018-08-18 11:34:00,89.5554,36.79542,966.595,272.67,80.9,333.7,2.51,-2.79,-54.66,112.96,81.92,300.52,312.36,113.21,82.69,300.14,312.06,1.0
2018-08-18 11:34:00,89.55539,36.79524,966.618,272.67,80.9,333.5,3.99,-2.82,-54.51,113.68,81.99,300.11,312.16,113.78,82.71,300.16,312.01,1.0
2018-08-18 11:34:00,89.55539,36.79505,966.581,272.67,80.9,333.8,5.64,-2.81,-54.38,112.37,81.99,300.06,312.26,114.36,82.7,300.27,311.92,1.0
2018-08-18 11:34:00,89.55539,36.79487,966.58,272.67,80.9,333.9,7.74,-3.02,-54.09,114.53,81.78,300.3,312.26,114.88,82.66,300.33,311.74,1.0
2018-08-18 11:34:00,89.55539,36.79469,966.641,272.67,80.9,333.4,9.96,-3.32,-53.53,112.56,82.06,300.55,311.98,115.28,82.6,300.39,311.62,1.0
2018-08-18 11:34:00,89.55539,36.79451,966.616,272.66,80.9,333.6,11.49,-3.32,-52.67,113.42,81.99,300.18,311.8,115.5,82.53,300.51,311.64,1.0
2018-08-18 11:34:00,89.55539,36.79436,966.644,272.67,80.9,333.3,14.36,-3.28,-52.11,114.33,82.06,300.18,312.02,115.5,82.47,300.48,311.55,1.0
2018-08-18 11:34:00,89.55539,36.79422,966.639,272.66,80.9,333.4,12.82,-3.06,-52.08,112.17,81.99,300.58,311.0,115.27,82.41,300.39,311.53,1.0
2018-08-18 11:34:00,89.55539,36.79407,966.592,272.66,80.9,333.8,9.63,-2.87,-52.56,113.68,81.85,300.5,310.9,114.83,82.38,300.38,311.6,1.0
2018-08-18 11:34:00,89.55539,36.79392,966.575,272.66,80.9,333.9,5.77,-2.77,-52.65,113.48,82.06,300.41,311.13,114.22,82.37,300.39,311.68,1.0
2018-08-18 11:34:00,89.55539,36.79377,966.66,272.66,80.9,333.2,2.09,-2.74,-52.02,114.2,81.99,300.53,311.31,113.51,82.37,300.32,311.72,1.0
2018-08-18 11:34:00,89.55539,36.79362,966.645,272.65,80.9,333.3,0.38,-2.73,-52.86,113.15,82.06,300.44,311.34,112.79,82.38,300.25,311.78,1.0
2018-08-18 11:34:00,89.55539,36.79347,966.675,272.66,80.9,333.1,-1.23,-2.62,-53.33,113.55,81.99,299.43,311.84,112.17,82.4,300.22,311.78,1.0
2018-08-18 11:34:00,89.55539,36.79332,966.694,272.65,80.9,332.9,-2.86,-2.8,-54.12,114.14,81.99,300.14,312.48,111.72,82.4,300.18,311.87,1.0
2018-08-18 11:34:00,89.55539,36.79318,966.699,272.64,80.9,332.9,-2.62,-2.97,-54.81,114.2,81.99,301.17,312.68,111.53,82.39,300.1,311.9,1.0
2018-08-18 11:34:00,89.55539,36.79303,966.723,272.64,80.9,332.7,0.82,-2.81,-54.96,112.7,82.13,300.36,312.15,111.63,82.36,300.04,311.87,1.0
2018-08-18 11:34:00,89.55539,36.79288,966.805,272.63,80.9,332.0,3.29,-3.05,-55.29,112.37,82.06,300.36,312.07,112.03,82.3,300.11,311.92,1.0
2018-08-18 11:34:00,89.55539,36.79276,966.741,272.64,80.9,332.5,4.43,-2.76,-55.15,113.61,81.99,300.57,312.06,112.7,82.24,300.2,312.06,1.0
2018-08-18 11:34:00,89.55539,36.79264,966.739,272.64,80.9,332.6,3.52,-2.55,-55.04,112.11,82.33,300.33,312.16,113.56,82.17,300.35,312.14,1.0
2018-08-18 11:34:00,89.55539,36.79253,966.758,272.64,80.9,332.4,0.82,-2.34,-54.64,113.35,82.13,299.58,311.4,114.53,82.12,300.4,312.2,1.0
2018-08-18 11:34:00,89.55539,36.79242,966.77,272.64,80.9,332.3,-2.11,-2.32,-54.9,112.96,82.06,299.35,311.09,115.47,82.09,300.38,312.24,1.0
2018-08-18 11:34:00,89.55539,36.79231,966.769,272.63,80.9,332.3,-3.37,-2.63,-56.6,114.07,81.99,300.32,312.16,116.28,82.1,300.45,312.29,1.0
2018-08-18 11:34:00,89.55539,36.79219,966.808,272.63,80.9,332.0,-3.49,-2.6,-56.3,112.7,82.06,300.31,312.48,116.85,82.15,300.49,312.34,1.0
2018-08-18 11:34:00,89.55539,36.79208,966.828,272.62,80.9,331.8,-7.14,-2.85,-56.22,114.14,81.99,299.83,312.38,117.11,82.24,300.47,312.39,1.0
2018-08-18 11:34:00,89.55539,36.79197,966.846,272.62,80.9,331.7,-6.66,-2.77,-56.12,113.74,81.92,299.53,312.81,117.02,82.36,300.43,312.34,1.0
2018-08-18 11:34:00,89.55539,36.79186,966.848,272.62,80.9,331.7,-2.84,-2.87,-56.3,113.74,82.06,299.68,312.45,116.59,82.51,300.44,312.38,1.0
2018-08-18 11:34:00,89.55539,36.79175,966.831,272.62,80.9,331.8,1.41,-3.36,-56.52,114.07,82.2,300.26,312.32,115.87,82.65,300.42,312.49,1.0
2018-08-18 11:34:00,89.55539,36.79164,966.856,272.61,80.9,331.6,2.22,-3.92,-55.66,114.53,82.13,300.16,312.42,114.94,82.78,300.26,312.5,1.0
2018-08-18 11:34:00,89.55539,36.79153,966.89,272.61,80.9,331.3,-1.2,-3.85,-54.65,113.81,82.2,300.52,312.14,113.92,82.87,300.14,312.44,1.0
2018-08-18 11:34:00,89.55539,36.79141,966.927,272.61,80.9,331.0,-2.98,-3.48,-53.57,113.68,82.2,300.43,311.24,112.94,82.91,300.09,312.38,1.0
2018-08-18 11:34:00,89.55539,36.79132,966.911,272.61,80.9,331.2,-3.65,-3.31,-53.61,114.92,81.99,300.43,311.78,112.12,82.9,300.13,312.29,1.0
2018-08-18 11:34:00,89.55539,36.79124,966.856,272.62,80.9,331.6,-4.23,-3.22,-54.08,113.68,82.26,300.27,312.33,111.54,82.85,300.2,312.23,1.0
2018-08-18 11:34:00,89.55539,36.79116,966.93,272.61,80.9,331.0,-5.9,-2.86,-53.46,112.7,82.2,299.57,312.31,111.28,82.75,300.27,312.25,1.0
2018-08-18 11:34:00,89.55539,36.79108,967.014,272.6,80.9,330.3,-8.97,-2.79,-52.4,114.14,82.33,299.81,312.02,111.35,82.64,300.36,312.28,1.0
2018-08-18 11:34:00,89.55539,36.791,966.978,272.6,80.9,330.6,-9.88,-2.86,-52.44,112.5,82.33,299.68,312.42,111.71,82.53,300.54,312.31,1.0
2018-08-18 11:34:00,89.55538,36.79092,966.909,272.6,80.9,331.2,-8.95,-2.93,-52.15,113.81,82.26,300.11,312.23,112.31,82.43,300.71,312.49,1.0
2018-08-18 11:34:00,89.55538,36.79084,966.888,272.6,80.8,331.4,-6.89,-3.02,-52.01,112.83,82.26,300.26,312.23,113.04,82.37,300.8,312.61,1.0
2018-08-18 11:34:00,89.55538,36.79075,966.955,272.6,80.8,330.8,-4.57,-3.13,-52.41,114.14,82.2,300.61,312.42,113.79,82.35,300.84,312.58,1.0
2018-08-18 11:34:00,89.55538,36.79067,966.954,272.59,80.8,330.8,-2.55,-3.02,-52.68,113.35,82.33,300.36,312.41,114.43,82.37,300.91,312.54,1.0
2018-08-18 11:34:00,89.55538,36.79059,966.976,272.59,80.8,330.6,-2.48,-2.99,-53.03,113.74,82.06,301.57,312.09,114.88,82.43,300.94,312.49,1.0
2018-08-18 11:34:00,89.55538,36.79051,966.977,272.59,80.9,330.6,-1.02,-3.09,-52.9,112.63,82.2,301.5,312.46,115.06,82.51,300.92,312.43,1.0
2018-08-18 11:34:00,89.55538,36.79043,966.986,272.59,80.9,330.5,0.53,-3.1,-52.75,113.74,82.2,300.74,312.07,114.95,82.59,300.89,312.38,1.0
2018-08-18 11:34:00,89.55538,36.79035,967.022,272.59,80.8,330.3,0.57,-3.03,-52.77,114.46,82.13,300.29,311.33,114.58,82.67,300.84,312.34,1.0
2018-08-18 11:34:00,89.55538,36.79027,967.012,272.58,80.8,330.3,-2.36,-3.16,-52.71,113.94,82.4,300.54,311.51,113.99,82.73,300.8,312.3,1.0
2018-08-18 11:34:00,89.55538,36.79019,966.997,272.58,80.8,330.5,-5.35,-3.3,-52.35,114.33,82.33,300.46,311.31,113.29,82.76,300.78,312.26,1.0
2018-08-18 11:34:00,89.55538,36.79003,967.016,272.58,80.9,330.3,-7.68,-3.48,-51.93,112.63,82.4,300.52,311.26,112.6,82.77,300.71,312.24,1.0
2018-08-18 11:34:00,89.55538,36.78988,967.031,272.58,80.9,330.2,-7.86,-3.34,-51.66,114.14,82.4,300.6,312.05,112.01,82.74,300.66,312.19,1.0
2018-08-18 11:34:00,89.55538,36.78973,967.016,272.58,80.8,330.3,-7.19,-3.15,-51.71,113.94,82.26,300.51,312.43,111.65,82.71,300.68,312.19,1.0
2018-08-18 11:34:00,89.55538,36.78957,967.009,272.58,80.8,330.4,-7.41,-3.4,-52.0,114.0,82.26,300.41,312.32,111.57,82.67,300.76,312.29,1.0
2018-08-18 11:34:00,89.55538,36.78942,967.063,272.57,80.8,329.9,-6.91,-3.67,-51.65,113.48,82.47,300.69,312.4,111.81,82.64,300.85,312.39,1.0
2018-08-18 11:34:00,89.55538,36.78927,967.056,272.57,80.8,330.0,-7.08,-3.06,-50.94,112.44,82.4,300.41,312.4,112.36,82.62,300.89,312.48,1.0
2018-08-18 11:34:00,89.55538,36.78911,967.089,272.57,80.8,329.7,-5.16,-2.92,-50.9,112.76,82.26,300.41,312.4,113.16,82.63,300.9,312.57,1.0
2018-08-18 11:34:00,89.55538,36.78896,967.113,272.57,80.8,329.5,-3.04,-3.19,-50.93,112.96,82.33,300.5,312.59,114.14,82.64,300.88,312.6,1.0
2018-08-18 11:34:00,89.55538,36.78881,967.071,272.56,80.8,329.9,-2.75,-3.4,-50.53,113.61,82.26,300.59,312.4,115.19,82.67,300.83,312.58,1.0
2018-08-18 11:34:00,89.55537,36.78868,967.176,272.57,80.8,329.0,-4.28,-2.85,-50.02,114.0,82.4,300.96,312.39,116.18,82.68,300.78,312.55,1.0
2018-08-18 11:34:00,89.55537,36.78856,967.137,272.57,80.8,329.3,-5.84,-2.78,-49.48,112.89,82.33,300.55,312.4,117.02,82.68,300.72,312.51,1.0
2018-08-18 11:34:00,89.55537,36.78844,967.07,272.56,80.8,329.9,-6.52,-2.24,-49.01,113.68,82.47,300.59,312.51,117.61,82.64,300.66,312.47,1.0
2018-08-18 11:34:00,89.55537,36.78832,967.102,272.56,80.8,329.6,-7.5,-2.02,-48.39,113.28,82.47,300.58,312.32,117.9,82.57,300.63,312.42,1.0
2018-08-18 11:34:00,89.55537,36.78821,967.192,272.56,80.8,328.9,-8.98,-2.14,-47.95,115.25,82.33,300.59,312.4,117.86,82.47,300.63,312.39,1.0
2018-08-18 11:34:00,89.55537,36.78809,967.1,272.56,80.8,329.6,-10.17,-2.19,-48.19,114.0,82.4,300.69,312.41,117.5,82.34,300.62,312.36,1.0
2018-08-18 11:34:00,89.55537,36.78797,967.158,272.55,80.8,329.1,-7.92,-2.41,-48.23,114.33,82.4,300.6,312.4,116.88,82.19,300.51,312.27,1.0
2018-08-18 11:34:00,89.55537,36.78785,967.19,272.55,80.8,328.9,-6.33,-2.53,-47.98,114.53,82.54,300.78,312.49,116.07,82.06,300.47,312.23,1.0
2018-08-18 11:34:00,89.55537,36.78773,967.183,272.55,80.8,328.9,-5.67,-2.65,-48.54,114.46,82.47,300.6,312.39,115.14,81.94,300.47,312.23,1.0
2018-08-18 11:34:00,89.55537,36.78761,967.186,272.55,80.8,328.9,-5.15,-2.94,-49.38,113.48,82.54,300.59,312.38,114.2,81.86,300.5,312.25,1.0
2018-08-18 11:34:00,89.55537,36.78749,967.246,272.54,80.8,328.4,-3.95,-3.36,-49.76,115.05,82.13,300.36,312.4,113.33,81.84,300.52,312.27,1.0
2018-08-18 11:34:00,89.55537,36.78737,967.213,272.54,80.8,328.7,-1.74,-3.15,-49.63,113.74,82.47,299.25,311.41,112.6,81.86,300.51,312.28,1.0
2018-08-18 11:34:00,89.55537,36.78726,967.222,272.53,80.8,328.6,-0.96,-3.78,-50.41,114.46,82.06,299.48,311.43,112.08,81.93,300.49,312.27,1.0
2018-08-18 11:34:00,89.55537,36.78711,967.228,272.53,80.8,328.6,-1.62,-4.04,-51.25,112.7,82.06,299.85,311.69,111.79,82.03,300.42,312.17,1.0
2018-08-18 11:34:00,89.55536,36.78696,967.207,272.53,80.8,328.7,-3.01,-4.06,-51.88,114.92,82.26,300.36,312.39,111.74,82.15,300.36,312.04,1.0
2018-08-18 11:34:00,89.55536,36.78681,967.191,272.53,80.8,328.9,-4.08,-4.23,-52.01,113.74,82.47,300.68,312.39,111.93,82.28,300.31,311.9,1.0
2018-08-18 11:34:00,89.55536,36.78667,967.234,272.53,80.9,328.5,-5.54,-4.21,-51.33,113.74,82.33,300.6,312.29,112.3,82.38,300.3,311.79,1.0
2018-08-18 11:34:00,89.55536,36.78652,967.278,272.53,80.9,328.2,-3.5,-4.46,-51.46,114.2,82.4,300.4,312.38,112.82,82.46,300.4,311.8,1.0
2018-08-18 11:34:00,89.55536,36.78637,967.323,272.53,80.8,327.8,-1.7,-4.43,-50.78,113.68,82.4,300.34,311.44,113.43,82.49,300.51,311.79,1.0
2018-08-18 11:34:00,89.55536,36.78622,967.346,272.53,80.8,327.6,-1.03,-4.32,-50.04,113.68,82.26,300.45,311.12,114.05,82.49,300.58,311.79,1.0
2018-08-18 11:34:00,89.55536,36.78607,967.334,272.52,80.9,327.7,-0.05,-4.21,-49.52,113.35,82.26,300.61,311.43,114.62,82.45,300.63,311.82,1.0
2018-08-18 11:34:00,89.55536,36.78593,967.293,272.52,80.9,328.0,2.78,-4.1,-49.24,113.35,82.4,300.62,311.31,115.09,82.39,300.66,311.89,1.0
2018-08-18 11:34:00,89.55536,36.78578,967.298,272.52,80.9,328.0,5.12,-3.77,-48.73,114.33,82.33,300.49,311.76,115.4,82.31,300.67,311.96,1.0
2018-08-18 11:34:00,89.55536,36.78563,967.328,272.52,80.9,327.8,7.66,-3.83,-48.84,113.15,82.4,300.62,311.58,115.51,82.24,300.67,312.03,1.0
2018-08-18 11:34:00,89.55536,36.78548,967.324,272.52,80.9,327.8,7.93,-3.9,-48.27,114.14,82.4,300.88,311.57,115.43,82.17,300.68,312.15,1.0
2018-08-18 11:34:00,89.55535,36.78535,967.292,272.52,80.9,328.1,7.48,-3.99,-47.41,114.72,82.13,300.48,312.14,115.14,82.12,300.67,312.28,1.0
2018-08-18 11:34:00,89.55535,36.78523,967.271,272.51,80.9,328.2,7.84,-4.13,-46.8,114.59,82.33,300.75,312.38,114.67,82.09,300.64,312.37,1.0
2018-08-18 11:34:00,89.55535,36.78511,967.303,272.51,80.9,328.0,8.56,-4.08,-46.28,114.46,82.33,300.77,312.57,114.08,82.07,300.59,312.43,1.0
2018-08-18 11:34:00,89.55535,36.78499,967.36,272.51,80.9,327.5,8.55,-3.73,-45.87,114.66,82.2,300.77,312.18,113.41,82.07,300.56,312.45,1.0
2018-08-18 11:34:00,89.55535,36.78486,967.395,272.51,80.9,327.2,10.78,-3.9,-45.75,113.35,82.47,300.57,312.37,112.73,82.08,300.54,312.47,1.0
2018-08-18 11:34:00,89.55535,36.78474,967.383,272.51,80.9,327.3,12.2,-3.92,-46.02,113.15,82.26,300.75,312.47,112.11,82.09,300.53,312.49,1.0
2018-08-18 11:34:00,89.55535,36.78462,967.347,272.5,80.9,327.6,12.45,-3.76,-46.75,114.2,82.2,300.47,312.28,111.6,82.1,300.54,312.48,1.0
2018-08-18 11:34:00,89.55535,36.7845,967.384,272.5,80.9,327.3,13.14,-3.84,-48.04,113.42,82.26,300.47,312.75,111.26,82.11,300.55,312.46,1.0
2018-08-18 11:34:00,89.55535,36.78438,967.413,272.5,80.9,327.1,11.93,-3.95,-50.04,114.99,82.47,300.57,312.26,111.11,82.11,300.48,312.45,1.0
2018-08-18 11:34:00,89.55535,36.78425,967.442,272.49,80.9,326.8,10.25,-3.82,-49.55,113.35,82.13,300.66,312.55,111.16,82.13,300.49,312.48,1.0
2018-08-18 11:34:00,89.55535,36.78413,967.422,272.49,80.9,327.0,8.78,-3.94,-49.35,113.68,82.2,300.67,312.56,111.4,82.14,300.51,312.52,1.0
2018-08-18 11:34:00,89.55534,36.78401,967.379,272.49,80.9,327.3,7.5,-4.21,-49.46,113.35,82.47,300.48,312.46,111.77,82.17,300.51,312.56,1.0
2018-08-18 11:34:00,89.55534,36.78393,967.402,272.49,80.9,327.2,6.61,-4.29,-49.05,113.48,82.33,300.54,312.23,112.25,82.2,300.5,312.6,1.0
2018-08-18 11:34:00,89.55534,36.78385,967.476,272.49,80.9,326.6,7.42,-4.1,-48.15,112.5,82.2,299.02,312.22,112.76,82.25,300.47,312.63,1.0
2018-08-18 11:34:00,89.55534,36.78378,967.488,272.48,80.9,326.5,6.65,-4.32,-48.66,113.81,81.99,300.1,312.23,113.25,82.3,300.45,312.64,1.0
2018-08-18 11:34:00,89.55534,36.7837,967.478,272.48,80.9,326.5,6.56,-4.59,-49.04,113.42,82.26,300.47,312.54,113.67,82.34,300.42,312.68,1.0
2018-08-18 11:34:00,89.55534,36.78363,967.473,272.48,80.9,326.6,7.16,-4.63,-49.52,113.35,82.26,300.56,312.34,113.95,82.38,300.41,312.72,1.0
2018-08-18 11:34:00,89.55534,36.78355,967.468,272.48,80.9,326.6,7.76,-4.4,-50.1,114.53,82.4,300.46,312.35,114.09,82.41,300.42,312.73,1.0
2018-08-18 11:34:00,89.55534,36.78347,967.374,272.47,80.9,327.4,7.31,-4.18,-49.99,113.42,82.33,300.57,312.53,114.08,82.41,300.45,312.73,1.0
2018-08-18 11:34:00,89.55534,36.7834,967.517,272.47,80.9,326.2,4.65,-4.09,-49.95,114.14,82.26,300.66,312.23,113.92,82.39,300.62,312.74,1.0
2018-08-18 11:34:00,89.55534,36.78332,967.558,272.47,80.9,325.9,3.17,-3.92,-49.91,112.3,82.4,300.52,312.99,113.64,82.36,300.71,312.76,1.0
2018-08-18 11:34:00,89.55534,36.78325,967.554,272.47,80.9,325.9,3.9,-3.76,-49.87,114.14,82.2,300.63,313.1,113.29,82.3,300.73,312.75,1.0
2018-08-18 11:34:00,89.55534,36.78317,967.567,272.47,80.9,325.8,6.62,-3.67,-49.91,113.68,82.33,300.48,312.63,112.91,82.22,300.73,312.74,1.0
2018-08-18 11:34:00,89.55534,36.7831,967.579,272.46,80.9,325.7,9.56,-3.66,-50.26,113.68,82.2,300.41,312.74,112.54,82.14,300.75,312.77,1.0
2018-08-18 11:34:00,89.55534,36.78302,967.611,272.46,80.9,325.5,6.43,-3.72,-50.94,113.87,82.33,300.74,312.36,112.23,82.06,300.74,312.78,1.0
2018-08-18 11:34:00,89.55534,36.78294,967.556,272.46,80.9,325.9,1.78,-3.39,-51.82,112.96,82.26,300.55,312.55,112.01,81.97,300.69,312.77,1.0
2018-08-18 11:34:00,89.55534,36.78287,967.558,272.46,80.9,325.9,-1.48,-3.39,-52.09,113.94,82.33,300.16,311.98,111.91,81.88,300.61,312.67,1.0
2018-08-18 11:34:00,89.55534,36.78279,967.582,272.46,80.9,325.7,-2.04,-3.52,-51.9,113.15,82.2,300.04,312.24,111.93,81.8,300.52,312.52,1.0
2018-08-18 11:34:00,89.55533,36.78265,967.55,272.46,80.9,326.0,-0.57,-3.56,-51.6,112.96,82.2,300.57,312.44,112.06,81.72,300.43,312.39,1.0
2018-08-18 11:34:00,89.55533,36.7825,967.661,272.46,80.9,325.0,-1.82,-3.71,-51.51,112.76,82.26,300.66,312.63,112.31,81.64,300.37,312.28,1.0
2018-08-18 11:34:00,89.55533,36.78235,967.649,272.45,80.9,325.1,-0.74,-3.93,-50.77,114.33,82.2,300.75,312.44,112.64,81.57,300.31,312.2,1.0
2018-08-18 11:34:00,89.55533,36.7822,967.606,272.45,80.9,325.5,2.63,-3.96,-50.21,113.55,82.33,300.75,312.26,113.04,81.51,300.3,312.14,1.0
2018-08-18 11:34:00,89.55533,36.78204,967.613,272.45,80.9,325.4,5.66,-4.03,-49.4,112.3,82.06,300.65,312.29,113.47,81.46,300.36,312.14,1.0
2018-08-18 11:34:00,89.55533,36.7819,967.681,272.45,80.9,324.9,7.85,-4.13,-48.41,113.48,82.2,300.74,312.28,113.91,81.43,300.46,312.19,1.0
2018-08-18 11:34:00,89.55533,36.78174,967.675,272.45,80.9,324.9,10.83,-3.97,-47.74,113.61,82.06,300.55,312.35,114.34,81.43,300.52,312.24,1.0
2018-08-18 11:34:00,89.55533,36.78159,967.669,272.45,80.9,325.0,7.42,-4.14,-48.25,112.63,82.2,300.83,312.31,114.73,81.46,300.55,312.35,1.0
2018-08-18 11:34:00,89.55532,36.78148,967.72,272.44,80.9,324.6,3.9,-4.17,-48.95,112.96,81.99,300.55,312.63,115.09,81.53,300.58,312.43,1.0
2018-08-18 11:34:00,89.55532,36.7814,967.76,272.44,80.9,324.2,0.68,-4.15,-49.29,114.0,82.06,300.55,312.34,115.37,81.63,300.6,312.53,1.0
2018-08-18 11:34:00,89.55532,36.78131,967.764,272.44,80.9,324.2,-1.04,-4.25,-49.81,113.68,82.2,300.54,312.54,115.59,81.76,300.6,312.61,1.0
2018-08-18 11:34:00,89.55532,36.78123,967.748,272.44,80.9,324.3,-0.28,-4.48,-50.94,114.53,82.13,300.56,312.9,115.72,81.9,300.57,312.68,1.0
2018-08-18 11:34:00,89.55532,36.78115,967.769,272.44,80.9,324.2,3.26,-4.28,-51.23,113.48,81.85,299.62,312.86,115.76,82.03,300.51,312.81,1.0
2018-08-18 11:34:00,89.55532,36.78106,967.729,272.43,80.9,324.5,5.34,-4.34,-51.38,112.76,81.99,299.88,312.02,115.69,82.14,300.43,312.87,1.0
2018-08-18 11:34:00,89.55532,36.78098,967.725,272.43,80.9,324.5,5.38,-4.25,-51.26,113.68,82.06,300.3,312.22,115.53,82.21,300.35,312.9,1.0
2018-08-18 11:34:00,89.55532,36.7809,967.756,272.44,80.9,324.3,4.66,-4.1,-51.47,113.48,82.06,300.44,312.23,115.27,82.23,300.28,312.88,1.0
2018-08-18 11:34:00,89.55532,36.78081,967.768,272.43,80.9,324.2,4.17,-3.98,-51.83,114.46,82.13,300.54,312.78,114.93,82.2,300.24,312.84,1.0
2018-08-18 11:34:00,89.55532,36.78073,967.704,272.43,81.0,324.7,4.62,-3.79,-50.44,114.4,82.2,300.63,313.98,114.51,82.1,300.23,312.83,1.0
2018-08-18 11:34:00,89.55532,36.78065,967.835,272.43,81.0,323.6,2.02,-3.84,-50.48,114.27,82.26,300.79,313.51,114.04,81.97,300.25,312.77,1.0
2018-08-18 11:34:00,89.55532,36.78057,967.807,272.43,81.0,323.9,-0.83,-4.34,-50.94,112.89,82.06,300.7,313.67,113.54,81.8,300.32,312.78,1.0
2018-08-18 11:34:00,89.55532,36.78048,967.768,272.43,81.0,324.2,-3.5,-4.62,-51.48,113.48,82.26,300.53,313.08,113.05,81.63,300.4,312.84,1.0
2018-08-18 11:34:00,89.55532,36.7804,967.804,272.43,81.0,323.9,-4.51,-4.69,-51.46,114.33,81.85,300.35,313.03,112.6,81.47,300.46,312.91,1.0
2018-08-18 11:34:00,89.55532,36.78033,967.801,272.42,81.0,323.9,-2.2,-4.93,-50.3,114.2,81.99,300.65,313.31,112.2,81.35,300.53,312.96,1.0
2018-08-18 11:34:00,89.55532,36.78025,967.85,272.43,81.0,323.5,-1.47,-4.85,-49.55,113.35,82.06,300.1,312.6,111.89,81.27,300.64,312.89,1.0
2018-08-18 11:34:00,89.55531,36.78017,967.82,272.42,81.0,323.8,-4.66,-4.66,-50.14,113.81,82.06,300.51,312.2,111.67,81.25,300.66,312.82,1.0
2018-08-18 11:34:00,89.55531,36.78009,967.82,272.42,81.0,323.8,-4.01,-4.48,-50.12,113.68,82.06,300.71,312.52,111.54,81.29,300.63,312.72,1.0
2018-08-18 11:34:00,89.55531,36.78001,967.865,272.42,81.0,323.4,-1.02,-4.25,-49.78,113.15,81.92,300.71,312.32,111.49,81.36,300.58,312.62,1.0
2018-08-18 11:34:00,89.55531,36.77994,967.928,272.42,81.0,322.9,1.59,-4.02,-49.55,114.27,81.78,300.61,312.62,111.51,81.45,300.51,312.52,1.0
2018-08-18 11:34:00,89.55531,36.77986,967.809,272.42,81.0,323.8,1.43,-4.24,-49.05,113.15,81.78,301.44,312.31,111.58,81.55,300.45,312.38,1.0
2018-08-18 11:34:00,89.55531,36.77978,967.908,272.42,81.0,323.0,1.76,-4.2,-48.64,112.7,81.99,300.69,312.42,111.69,81.63,300.43,312.34,1.0
2018-08-18 11:34:00,89.55531,36.7797,967.887,272.42,81.0,323.2,-0.25,-4.36,-48.71,112.7,81.99,300.62,312.5,111.83,81.68,300.39,312.31,1.0
2018-08-18 11:34:00,89.55531,36.77962,967.854,272.42,81.0,323.5,-1.38,-4.41,-48.7,113.74,81.92,300.43,312.5,111.99,81.68,300.38,312.31,1.0
2018-08-18 11:34:00,89.55531,36.77954,967.919,272.41,81.0,322.9,-0.9,-4.37,-48.39,113.61,81.85,300.62,312.42,112.16,81.64,300.36,312.38,1.0
2018-08-18 11:34:00,89.55531,36.77947,967.901,272.41,81.0,323.1,-1.5,-4.63,-48.14,113.09,81.99,300.52,312.21,112.37,81.56,300.33,312.52,1.0
2018-08-18 11:34:00,89.55531,36.77939,967.898,272.41,81.0,323.1,-1.37,-4.68,-48.3,112.96,81.99,300.34,312.28,112.62,81.45,300.42,312.74,1.0
2018-08-18 11:34:00,89.55531,36.77931,967.941,272.41,81.0,322.8,-0.71,-4.5,-48.55,114.2,81.99,300.61,312.4,112.92,81.35,300.49,312.88,1.0
2018-08-18 11:34:00,89.55531,36.77924,967.978,272.41,81.0,322.5,0.86,-4.43,-48.1,113.35,82.06,300.42,312.51,113.26,81.26,300.53,312.96,1.0
2018-08-18 11:34:00,89.5553,36.77916,967.996,272.4,81.0,322.3,3.01,-4.41,-47.59,113.61,81.78,300.15,312.82,113.65,81.2,300.59,313.01,1.0
2018-08-18 11:34:00,89.5553,36.77909,968.012,272.4,81.0,322.2,5.1,-4.35,-47.75,111.98,81.71,299.69,312.72,114.07,81.19,300.68,313.05,1.0
2018-08-18 11:34:00,89.5553,36.77901,968.0,272.4,81.0,322.3,6.51,-4.48,-47.53,112.76,81.57,301.78,313.46,114.48,81.22,300.74,313.07,1.0
2018-08-18 11:34:00,89.5553,36.77893,968.049,272.4,81.0,321.9,6.28,-4.25,-48.19,113.09,81.78,300.65,312.6,114.86,81.3,300.78,313.07,1.0
2018-08-18 11:34:00,89.5553,36.77886,968.042,272.4,81.0,321.9,5.7,-4.1,-48.3,113.74,81.85,300.71,312.05,115.15,81.41,300.79,313.03,1.0
2018-08-18 11:34:00,89.5553,36.77878,968.022,272.4,81.0,322.1,4.62,-4.11,-48.11,112.89,81.71,300.81,312.16,115.32,81.53,300.8,312.97,1.0
2018-08-18 11:34:00,89.5553,36.77871,968.048,272.39,81.0,321.9,3.52,-4.25,-48.08,114.79,81.92,301.02,312.71,115.34,81.65,300.84,312.96,1.0
2018-08-18 11:34:00,89.5553,36.77863,968.014,272.39,81.0,322.2,4.22,-4.31,-48.55,113.55,81.78,301.06,312.41,115.2,81.74,300.91,313.03,1.0
2018-08-18 11:34:00,89.5553,36.77857,968.07,272.39,81.0,321.7,2.77,-4.29,-48.97,113.15,81.71,300.82,312.89,114.9,81.8,300.81,313.08,1.0
2018-08-18 11:34:00,89.5553,36.77852,968.069,272.39,81.0,321.7,3.49,-4.39,-49.26,113.48,81.78,300.71,312.83,114.45,81.81,300.82,313.27,1.0
2018-08-18 11:34:00,89.5553,36.77846,968.053,272.39,81.0,321.9,5.03,-4.53,-49.21,113.94,81.85,300.5,312.49,113.91,81.79,300.86,313.51,1.0
2018-08-18 11:34:00,89.5553,36.77841,968.055,272.39,81.0,321.8,5.61,-4.67,-49.28,114.14,81.78,300.71,313.35,113.33,81.72,300.86,313.74,1.0
2018-08-18 11:34:00,89.5553,36.77835,968.078,272.39,81.0,321.7,3.93,-4.78,-50.07,113.35,81.78,300.65,314.37,112.75,81.63,300.81,313.9,1.0
2018-08-18 11:34:00,89.5553,36.7783,968.135,272.38,81.0,321.2,3.83,-4.53,-50.35,113.94,81.78,300.52,314.09,112.25,81.54,300.74,314.01,1.0
2018-08-18 11:34:00,89.5553,36.77824,968.138,272.39,81.0,321.2,3.05,-4.57,-49.88,113.09,81.85,300.51,313.93,111.87,81.45,300.68,314.0,1.0
2018-08-18 11:34:00,89.5553,36.77819,968.146,272.39,81.0,321.1,2.35,-4.47,-49.43,113.35,81.85,300.42,313.64,111.63,81.39,300.63,313.95,1.0
2018-08-18 11:34:00,89.5553,36.77814,968.163,272.38,81.0,321.0,2.18,-4.45,-48.87,113.68,81.64,300.7,313.7,111.57,81.35,300.61,313.86,1.0
2018-08-18 11:34:00,89.5553,36.77808,968.171,272.38,81.0,320.9,2.49,-4.63,-48.19,113.09,81.78,300.5,313.29,111.66,81.35,300.62,313.69,1.0
2018-08-18 11:34:00,89.55529,36.77803,968.191,272.38,81.0,320.7,2.18,-4.37,-48.29,113.42,81.78,300.68,313.04,111.9,81.36,300.56,313.43,1.0
2018-08-18 11:34:00,89.55529,36.77797,968.169,272.38,81.1,320.9,0.96,-4.45,-47.62,112.5,81.44,300.5,312.65,112.26,81.4,300.52,313.15,1.0
2018-08-18 11:34:00,89.55529,36.77792,968.18,272.37,81.1,320.8,-1.38,-4.38,-47.52,113.28,81.85,300.51,312.57,112.7,81.44,300.49,312.89,1.0
2018-08-18 11:34:00,89.55529,36.77786,968.199,272.37,81.1,320.7,-4.0,-4.37,-47.51,113.28,81.71,300.86,312.58,113.17,81.48,300.43,312.67,1.0
2018-08-18 11:34:00,89.55529,36.77781,968.205,272.38,81.1,320.6,-6.21,-4.44,-47.48,113.68,81.64,301.44,312.88,113.63,81.49,300.35,312.52,1.0
2018-08-18 11:34:00,89.55529,36.77775,968.244,272.37,81.1,320.3,-7.36,-4.33,-47.8,113.74,81.57,300.59,312.87,114.07,81.48,300.38,312.47,1.0
2018-08-18 11:34:00,89.55529,36.77768,968.287,272.37,81.1,319.9,-7.22,-4.51,-48.2,112.7,81.78,300.32,312.82,114.44,81.44,300.42,312.48,1.0
2018-08-18 11:34:00,89.55529,36.77761,968.296,272.37,81.1,319.9,-5.92,-4.51,-48.4,113.74,81.78,300.51,312.68,114.73,81.37,300.46,312.55,1.0
2018-08-18 11:34:00,89.55529,36.77754,968.301,272.37,81.1,319.8,-4.01,-4.35,-48.66,112.96,81.85,299.88,312.57,114.92,81.29,300.55,312.61,1.0
2018-08-18 11:34:00,89.55529,36.77747,968.312,272.36,81.1,319.7,-1.89,-4.13,-49.03,112.7,81.64,299.41,312.45,115.01,81.2,300.59,312.66,1.0
2018-08-18 11:34:00,89.55529,36.7774,968.314,272.36,81.1,319.7,-0.1,-4.01,-49.47,113.55,81.57,300.32,312.49,115.0,81.11,300.54,312.68,1.0
2018-08-18 11:34:00,89.55529,36.77734,968.285,272.37,81.1,320.0,-0.5,-3.75,-50.0,114.14,81.64,300.42,312.48,114.88,81.05,300.55,312.65,1.0
2018-08-18 11:34:00,89.55528,36.77727,968.317,272.36,81.1,319.7,-3.09,-3.62,-50.31,114.33,81.64,300.41,312.57,114.68,81.01,300.56,312.61,1.0
2018-08-18 11:34:00,89.55528,36.7772,968.344,272.36,81.1,319.5,-5.15,-3.73,-50.8,113.28,81.57,300.95,312.15,114.39,81.0,300.61,312.51,1.0
2018-08-18 11:34:00,89.55528,36.77713,968.336,272.35,81.1,319.5,-4.77,-3.98,-51.2,113.28,81.5,301.08,312.14,114.04,81.02,300.75,312.39,1.0
2018-08-18 11:34:00,89.55528,36.77709,968.332,272.35,81.1,319.6,-2.76,-4.19,-51.31,113.28,81.64,300.4,312.47,113.66,81.07,300.93,312.31,1.0
2018-08-18 11:34:00,89.55528,36.77704,968.352,272.35,81.1,319.4,-1.71,-4.41,-51.6,114.0,81.44,300.5,312.77,113.28,81.14,301.02,312.26,1.0
2018-08-18 11:34:00,89.55528,36.777,968.317,272.35,81.1,319.7,-1.53,-4.43,-51.63,113.09,81.64,300.5,312.57,112.93,81.22,301.1,312.23,1.0
2018-08-18 11:34:00,89.55528,36.77695,968.339,272.35,81.1,319.5,-2.09,-4.81,-51.56,114.99,81.44,301.2,311.99,112.66,81.29,301.15,312.24,1.0
2018-08-18 11:34:00,89.55528,36.77691,968.378,272.35,81.1,319.2,-3.82,-4.99,-52.28,113.48,81.57,301.26,312.13,112.48,81.36,301.13,312.31,1.0
2018-08-18 11:34:00,89.55528,36.77686,968.407,272.35,81.1,319.0,-5.59,-4.85,-53.22,112.56,81.44,301.39,312.38,112.42,81.42,301.11,312.41,1.0
2018-08-18 11:34:00,89.55528,36.77682,968.439,272.34,81.1,318.7,-5.58,-4.62,-53.0,113.15,81.57,301.46,312.68,112.48,81.45,301.14,312.51,1.0
2018-08-18 11:34:00,89.55528,36.77677,968.512,272.35,81.1,318.1,-8.09,-4.42,-52.69,113.74,81.71,301.15,312.76,112.66,81.45,301.23,312.64,1.0
2018-08-18 11:34:00,89.55528,36.77672,968.545,272.34,81.1,317.8,-10.12,-4.35,-53.13,113.15,81.57,300.84,312.48,112.92,81.44,301.24,312.74,1.0
2018-08-18 11:34:00,89.55528,36.77668,968.535,272.34,81.1,317.9,-10.88,-4.38,-53.37,113.42,81.64,300.4,312.46,113.24,81.41,301.17,312.91,1.0
2018-08-18 11:34:00,89.55528,36.77663,968.508,272.34,81.1,318.1,-8.97,-4.41,-53.26,113.74,81.44,300.96,312.65,113.59,81.36,301.06,313.11,1.0
2018-08-18 11:34:00,89.55528,36.77659,968.504,272.34,81.1,318.2,-3.99,-4.4,-52.98,113.28,81.44,300.73,312.54,113.91,81.31,300.94,313.23,1.0
2018-08-18 11:34:00,89.55528,36.77654,968.499,272.33,81.1,318.2,1.66,-4.5,-52.78,112.96,81.3,301.5,313.22,114.18,81.26,300.82,313.23,1.0
2018-08-18 11:34:00,89.55527,36.77648,968.465,272.33,81.1,318.5,3.02,-4.81,-52.22,112.96,81.5,300.64,312.24,114.37,81.22,300.72,313.21,1.0
2018-08-18 11:34:00,89.55527,36.77643,968.454,272.33,81.2,318.6,1.23,-4.84,-52.27,114.46,81.71,300.47,313.21,114.47,81.2,300.66,313.18,1.0
2018-08-18 11:34:00,89.55527,36.77638,968.481,272.33,81.2,318.4,0.38,-4.75,-52.52,113.68,81.57,300.48,313.62,114.46,81.19,300.69,313.15,1.0
2018-08-18 11:34:00,89.55527,36.77633,968.525,272.33,81.2,318.0,1.64,-4.67,-52.69,113.61,81.37,300.58,313.39,114.35,81.19,300.75,313.12,1.0
2018-08-18 11:34:00,89.55527,36.77627,968.494,272.32,81.2,318.3,2.34,-4.57,-52.83,113.35,81.57,300.57,312.63,114.16,81.21,300.71,313.09,1.0
2018-08-18 11:34:00,89.55527,36.77622,968.51,272.33,81.2,318.1,-2.42,-4.44,-52.59,113.48,81.57,300.59,312.74,113.9,81.25,300.62,313.03,1.0
2018-08-18 11:34:00,89.55527,36.77617,968.502,272.32,81.2,318.2,-4.23,-4.56,-51.96,113.55,81.44,300.58,312.64,113.59,81.29,300.6,313.09,1.0
2018-08-18 11:34:00,89.55527,36.77611,968.558,272.32,81.2,317.7,-4.72,-4.74,-51.86,114.4,81.44,301.44,312.82,113.26,81.34,300.6,313.07,1.0
2018-08-18 11:34:00,89.55527,36.77606,968.659,272.32,81.2,316.9,-4.33,-4.78,-51.74,112.83,81.16,301.46,312.33,112.92,81.38,300.59,312.99,1.0
2018-08-18 11:34:00,89.55527,36.77601,968.612,272.32,81.2,317.3,-2.96,-4.54,-50.51,113.09,81.57,300.48,312.44,112.6,81.41,300.59,312.94,1.0
2018-08-18 11:34:00,89.55527,36.77595,968.662,272.32,81.2,316.9,-3.48,-4.42,-50.07,113.68,81.44,300.2,312.84,112.33,81.43,300.59,312.96,1.0
2018-08-18 11:34:00,89.55527,36.7759,968.669,272.31,81.2,316.8,-4.85,-4.6,-49.74,113.94,81.44,300.6,313.51,112.13,81.43,300.59,312.98,1.0
2018-08-18 11:34:00,89.55527,36.77583,968.679,272.31,81.2,316.8,-5.1,-4.47,-49.38,114.07,81.5,300.4,313.08,112.02,81.41,300.59,313.0,1.0
2018-08-18 11:34:00,89.55527,36.77576,968.692,272.31,81.2,316.6,-4.11,-4.28,-49.26,113.61,81.5,300.39,312.73,112.04,81.37,300.53,313.01,1.0
2018-08-18 11:34:00,89.55527,36.77569,968.689,272.31,81.2,316.7,-2.95,-4.28,-49.47,112.37,81.57,300.67,313.02,112.18,81.33,300.45,313.02,1.0
2018-08-18 11:34:00,89.55527,36.77562,968.684,272.31,81.2,316.7,-3.43,-4.34,-49.56,113.81,81.44,300.48,312.82,112.46,81.28,300.47,313.02,1.0
2018-08-18 11:34:00,89.55526,36.77554,968.713,272.31,81.2,316.5,-4.7,-4.3,-49.93,112.24,81.57,300.58,312.73,112.87,81.23,300.47,312.99,1.0
2018-08-18 11:34:00,89.55526,36.77548,968.757,272.31,81.2,316.1,-4.63,-4.35,-50.54,112.96,81.44,300.67,312.73,113.38,81.2,300.48,312.87,1.0
2018-08-18 11:34:00,89.55526,36.7754,968.786,272.31,81.2,315.9,-3.95,-4.43,-51.14,114.27,81.3,300.48,312.44,113.93,81.18,300.48,312.77,1.0
2018-08-18 11:34:00,89.55526,36.77533,968.775,272.31,81.2,316.0,-3.04,-4.56,-51.41,112.96,81.3,300.48,312.83,114.48,81.19,300.5,312.69,1.0
2018-08-18 11:34:00,89.55526,36.77526,968.72,272.3,81.2,316.4,-1.97,-4.81,-51.18,113.81,81.44,300.39,312.46,114.95,81.21,300.56,312.59,1.0
2018-08-18 11:34:00,89.55526,36.77519,968.825,272.31,81.2,315.6,-2.21,-5.07,-51.47,112.76,81.44,300.37,312.83,115.29,81.25,300.61,312.5,1.0
2018-08-18 11:34:00,89.55526,36.77512,968.818,272.3,81.3,315.6,-1.12,-5.08,-51.48,114.14,81.37,300.75,312.73,115.44,81.29,300.64,312.42,1.0
2018-08-18 11:34:00,89.55526,36.77505,968.788,272.3,81.3,315.9,1.26,-5.13,-51.49,112.89,81.57,300.57,312.63,115.37,81.33,300.62,312.36,1.0
2018-08-18 11:34:00,89.55526,36.77499,968.782,272.3,81.3,315.9,3.83,-5.15,-51.91,113.55,81.3,300.89,312.44,115.09,81.36,300.59,312.33,1.0
2018-08-18 11:34:00,89.55526,36.77494,968.816,272.29,81.3,315.6,5.03,-4.99,-53.04,114.07,81.44,301.4,312.73,114.63,81.36,300.56,312.34,1.0
2018-08-18 11:34:00,89.55526,36.77489,968.814,272.29,81.3,315.6,5.98,-5.08,-53.02,114.46,81.37,301.2,312.92,114.06,81.32,300.54,312.39,1.0
2018-08-18 11:34:00,89.55526,36.77483,968.836,272.3,81.3,315.5,5.04,-5.04,-53.86,112.96,81.44,301.23,312.73,113.46,81.25,300.53,312.46,1.0
2018-08-18 11:34:00,89.55526,36.77478,968.884,272.3,81.3,315.1,4.02,-4.93,-53.76,114.2,81.37,300.89,312.72,112.92,81.15,300.59,312.54,1.0
2018-08-18 11:34:00,89.55526,36.77473,968.91,272.29,81.3,314.9,3.48,-5.07,-54.4,113.48,81.57,300.55,312.72,112.52,81.02,300.7,312.68,1.0
2018-08-18 11:34:00,89.55526,36.77468,968.887,272.29,81.3,315.1,3.15,-5.39,-55.76,112.96,81.37,300.46,312.53,112.33,80.88,300.77,312.88,1.0
2018-08-18 11:34:00,89.55526,36.77463,968.907,272.29,81.3,314.9,1.69,-5.2,-55.04,114.07,81.37,300.47,312.53,112.36,80.74,300.72,313.01,1.0
2018-08-18 11:34:00,89.55526,36.77457,968.894,272.29,81.3,315.0,2.03,-5.44,-53.91,113.94,81.44,300.47,312.63,112.62,80.62,300.68,313.05,1.0
2018-08-18 11:34:00,89.55526,36.77452,968.914,272.29,81.3,314.8,-0.11,-5.37,-52.2,113.48,81.23,300.82,312.57,113.04,80.53,300.64,313.04,1.0
2018-08-18 11:34:00,89.55526,36.77447,968.944,272.29,81.3,314.6,-1.99,-5.25,-50.79,112.83,81.16,301.32,312.72,113.55,80.48,300.62,313.0,1.0
2018-08-18 11:34:00,89.55526,36.77442,968.954,272.28,81.4,314.5,-2.36,-5.07,-49.88,112.56,81.37,301.12,313.43,114.06,80.48,300.61,312.93,1.0
2018-08-18 11:34:00,89.55525,36.77437,968.935,272.28,81.3,314.7,-2.06,-4.61,-49.01,113.94,81.37,300.37,313.49,114.48,80.53,300.58,312.85,1.0
2018-08-18 11:34:00,89.55525,36.77431,968.942,272.28,81.3,314.6,-3.33,-4.23,-48.39,113.15,81.23,300.37,312.74,114.75,80.62,300.55,312.77,1.0
2018-08-18 11:34:00,89.55525,36.77426,968.974,272.28,81.3,314.3,-4.74,-3.89,-47.93,113.48,81.16,300.37,312.5,114.81,80.73,300.5,312.71,1.0
2018-08-18 11:34:00,89.55525,36.77419,968.985,272.28,81.4,314.3,-5.26,-3.65,-47.85,113.55,81.16,300.37,312.79,114.68,80.85,300.42,312.69,1.0
2018-08-18 11:34:00,89.55525,36.77412,969.008,272.28,81.4,314.1,-3.89,-3.58,-47.71,114.2,81.09,300.46,312.7,114.38,80.96,300.31,312.64,1.0
2018-08-18 11:34:00,89.55525,36.77404,969.085,272.27,81.4,313.4,-1.25,-3.56,-47.24,113.55,81.23,300.27,312.7,113.98,81.06,300.24,312.56,1.0
2018-08-18 11:34:00,89.55525,36.77396,969.067,272.27,81.4,313.6,-0.82,-3.14,-46.69,114.59,81.16,300.54,312.71,113.58,81.13,300.29,312.55,1.0
2018-08-18 11:34:00,89.55525,36.77388,969.052,272.27,81.4,313.7,-1.63,-3.44,-46.6,113.55,81.3,300.36,312.89,113.24,81.16,300.33,312.63,1.0
2018-08-18 11:34:00,89.55525,36.7738,969.026,272.27,81.4,313.9,-0.2,-3.38,-47.11,114.66,81.23,300.46,312.51,113.04,81.16,300.35,313.08,1.0
2018-08-18 11:34:00,89.55525,36.77372,969.029,272.27,81.4,313.9,2.67,-3.19,-47.37,113.87,81.23,300.56,312.61,113.02,81.13,300.39,313.39,1.0
2018-08-18 11:34:00,89.55525,36.77365,969.084,272.27,81.4,313.5,5.45,-3.01,-47.36,112.56,81.23,300.55,312.79,113.17,81.09,300.48,313.44,1.0
2018-08-18 11:34:00,89.55525,36.77357,969.154,272.27,81.4,312.9,6.27,-2.93,-47.8,112.63,81.23,300.75,312.5,113.46,81.03,300.61,313.46,1.0
2018-08-18 11:34:00,89.55525,36.77349,969.191,272.26,81.4,312.6,6.44,-3.03,-49.18,113.22,81.16,300.38,312.79,113.82,80.99,300.71,313.39,1.0
2018-08-18 11:34:00,89.55525,36.77343,969.172,272.26,81.4,312.7,5.38,-4.88,-51.69,112.5,81.23,300.26,316.56,114.18,80.96,300.73,313.34,1.0
2018-08-18 11:34:00,89.55524,36.77336,969.178,272.26,81.4,312.7,5.66,-5.04,-52.19,113.87,81.3,300.03,315.29,114.46,80.96,300.71,313.29,1.0
2018-08-18 11:34:00,89.55524,36.7733,969.209,272.26,81.4,312.4,5.88,-4.47,-51.38,114.27,81.3,300.93,312.78,114.59,80.98,300.67,313.23,1.0
2018-08-18 11:34:00,89.55524,36.77324,969.191,272.26,81.4,312.6,4.59,-4.88,-50.99,114.0,80.95,301.24,312.35,114.55,81.03,300.59,313.17,1.0
2018-08-18 11:34:00,89.55524,36.77318,969.182,272.25,81.4,312.7,4.97,-4.82,-51.13,113.94,81.02,300.95,311.68,114.33,81.11,300.49,313.12,1.0
2018-08-18 11:34:00,89.55524,36.77311,969.206,272.25,81.5,312.5,6.28,-4.57,-51.71,114.66,80.88,300.24,312.4,114.0,81.19,300.41,313.09,1.0
2018-08-18 11:34:00,89.55524,36.77305,969.212,272.25,81.5,312.4,7.43,-4.79,-52.01,114.14,81.23,300.46,312.11,113.6,81.28,300.41,312.69,1.0
2018-08-18 11:34:00,89.55524,36.77299,969.226,272.25,81.5,312.3,8.72,-5.12,-51.8,114.4,81.37,300.64,312.69,113.23,81.36,300.4,312.46,1.0
2018-08-18 11:34:00,89.55524,36.77292,969.268,272.25,81.5,312.0,10.66,-5.33,-51.27,111.91,81.37,300.36,312.68,112.97,81.42,300.36,312.49,1.0
2018-08-18 11:34:00,89.55524,36.77286,969.244,272.25,81.5,312.1,13.54,-5.6,-50.96,113.09,81.37,300.45,312.87,112.88,81.46,300.3,312.54,1.0
2018-08-18 11:34:00,89.55524,36.7728,969.228,272.24,81.5,312.3,15.28,-5.43,-50.04,114.66,81.16,300.44,312.79,112.98,81.48,300.28,312.67,1.0
2018-08-18 11:34:00,89.55524,36.77273,969.28,272.25,81.5,311.9,16.18,-5.56,-49.43,113.28,81.02,300.68,312.43,113.27,81.46,300.32,312.74,1.0
2018-08-18 11:34:00,89.55524,36.77269,969.337,272.25,81.5,311.4,15.01,-5.65,-48.95,112.96,81.02,300.53,312.0,113.71,81.41,300.38,312.78,1.0
2018-08-18 11:34:00,89.55524,36.77265,969.352,272.24,81.5,311.3,13.08,-5.61,-48.5,112.17,81.16,300.18,312.86,114.21,81.35,300.45,312.81,1.0
2018-08-18 11:34:00,89.55524,36.7726,969.335,272.24,81.6,311.4,13.21,-5.58,-47.99,114.72,81.37,300.54,312.67,114.69,81.26,300.5,312.84,1.0
2018-08-18 11:34:00,89.55524,36.77256,969.329,272.24,81.6,311.5,15.04,-5.65,-47.16,114.2,81.37,300.53,312.47,115.06,81.16,300.53,312.91,1.0
2018-08-18 11:34:00,89.55523,36.77252,969.31,272.24,81.6,311.6,17.17,-5.73,-47.15,114.4,81.16,300.15,312.67,115.26,81.06,300.55,312.93,1.0
2018-08-18 11:34:00,89.55523,36.77247,969.386,272.24,81.6,311.0,18.3,-5.66,-46.74,113.28,81.37,300.44,312.76,115.25,80.96,300.52,312.93,1.0
2018-08-18 11:34:00,89.55523,36.77243,969.445,272.24,81.6,310.5,18.11,-5.69,-46.02,113.94,81.23,300.36,312.76,115.03,80.86,300.47,312.89,1.0
2018-08-18 11:34:00,89.55523,36.77239,969.362,272.24,81.6,311.2,17.33,-5.82,-45.41,113.48,81.16,300.16,312.93,114.64,80.77,300.43,312.83,1.0
2018-08-18 11:34:00,89.55523,36.77234,969.372,272.24,81.6,311.1,18.19,-5.59,-45.36,113.94,81.02,300.34,313.46,114.15,80.69,300.39,312.77,1.0
2018-08-18 11:34:00,89.55523,36.7723,969.419,272.23,81.6,310.7,16.83,-5.55,-45.43,114.72,81.16,300.36,313.35,113.66,80.62,300.34,312.72,1.0
2018-08-18 11:34:00,89.55523,36.77226,969.432,272.23,81.6,310.6,15.44,-5.59,-45.45,113.61,81.23,300.35,312.66,113.23,80.57,300.31,312.68,1.0
2018-08-18 11:34:00,89.55523,36.77221,969.436,272.23,81.6,310.6,13.91,-5.71,-45.62,113.42,81.02,300.53,312.85,112.97,80.52,300.23,312.73,1.0
2018-08-18 11:34:00,89.55523,36.77216,969.465,272.22,81.6,310.3,12.52,-5.81,-46.01,114.66,81.16,300.44,312.37,112.9,80.49,300.12,312.81,1.0
2018-08-18 11:34:00,89.55523,36.7721,969.528,272.22,81.6,309.8,12.02,-5.78,-46.53,112.83,81.23,300.44,312.76,113.05,80.47,300.05,312.82,1.0
2018-08-18 11:34:00,89.55523,36.77204,969.52,272.22,81.7,309.9,13.82,-5.7,-46.78,112.7,81.09,300.34,312.85,113.4,80.46,300.07,312.79,1.0
2018-08-18 11:34:00,89.55523,36.77198,969.46,272.22,81.7,310.4,15.25,-5.78,-47.3,114.72,81.02,300.62,312.74,113.9,80.46,300.03,312.8,1.0
2018-08-18 11:34:00,89.55522,36.77193,969.435,272.22,81.7,310.6,16.21,-5.68,-47.44,114.07,81.09,299.75,313.6,114.46,80.47,300.01,312.84,1.0
2018-08-18 11:34:00,89.55522,36.77186,969.468,272.22,81.7,310.3,16.01,-5.49,-47.59,113.55,80.95,299.3,313.35,115.01,80.49,299.97,312.91,1.0
2018-08-18 11:34:00,89.55522,36.77181,969.525,272.22,81.7,309.9,14.29,-5.4,-48.13,113.02,80.81,299.72,312.43,115.47,80.53,299.92,312.96,1.0
2018-08-18 11:34:00,89.55522,36.77175,969.514,272.21,81.7,309.9,12.57,-5.5,-47.94,112.83,81.16,300.23,312.46,115.78,80.58,299.95,313.0,1.0
2018-08-18 11:34:00,89.55522,36.77169,969.526,272.21,81.7,309.9,9.73,-5.37,-48.95,115.58,81.02,299.79,312.36,115.91,80.64,299.98,313.01,1.0
2018-08-18 11:34:00,89.55522,36.77163,969.538,272.21,81.7,309.8,9.11,-5.47,-49.06,114.46,81.09,299.86,312.65,115.86,80.72,299.97,313.08,1.0
2018-08-18 11:34:00,89.55522,36.77157,969.553,272.21,81.7,309.6,10.64,-5.68,-48.93,113.74,80.88,299.61,312.55,115.63,80.79,300.02,313.05,1.0
2018-08-18 11:34:00,89.55522,36.77151,969.57,272.21,81.7,309.5,13.59,-5.84,-48.98,113.81,81.02,299.45,312.74,115.28,80.86,300.13,312.92,1.0
2018-08-18 11:34:00,89.55522,36.77148,969.543,272.21,81.7,309.7,16.27,-5.89,-48.69,113.74,81.02,300.34,312.53,114.85,80.93,300.21,312.87,1.0
2018-08-18 11:34:00,89.55522,36.77146,969.573,272.21,81.7,309.5,15.44,-6.02,-48.79,115.58,80.95,300.43,312.34,114.4,80.98,300.21,312.83,1.0
2018-08-18 11:34:00,89.55522,36.77143,969.557,272.21,81.7,309.6,13.21,-5.8,-48.71,112.56,80.81,299.86,313.69,113.97,81.01,300.27,312.81,1.0
2018-08-18 11:34:00,89.55522,36.7714,969.557,272.21,81.7,309.6,11.71,-5.82,-48.76,115.25,81.02,300.21,313.15,113.58,81.02,300.33,312.81,1.0
2018-08-18 11:34:00,89.55522,36.77137,969.598,272.2,81.8,309.3,11.14,-6.01,-49.64,113.81,81.02,300.14,312.83,113.26,81.0,300.39,312.84,1.0
2018-08-18 11:34:00,89.55522,36.77134,969.635,272.21,81.8,309.0,10.75,-5.97,-51.56,114.07,81.02,300.32,312.73,113.0,80.94,300.48,312.91,1.0
2018-08-18 11:34:00,89.55522,36.77132,969.639,272.2,81.8,308.9,12.42,-5.98,-51.17,113.48,81.16,300.4,312.83,112.79,80.87,300.48,313.0,1.0
2018-08-18 11:34:00,89.55522,36.77129,969.639,272.2,81.8,308.9,14.19,-5.98,-50.23,113.74,80.88,300.42,312.73,112.62,80.77,300.48,313.1,1.0
2018-08-18 11:34:00,89.55522,36.77126,969.664,272.2,81.8,308.7,12.73,-6.1,-49.23,114.53,81.02,300.33,312.83,112.45,80.67,300.52,313.12,1.0
2018-08-18 11:34:00,89.55522,36.77123,969.707,272.2,81.8,308.4,10.98,-6.22,-48.6,114.07,80.95,300.33,312.83,112.29,80.57,300.56,313.16,1.0
2018-08-18 11:34:00,89.55522,36.77121,969.735,272.2,81.8,308.1,11.15,-6.16,-48.41,112.83,81.02,300.51,312.54,112.14,80.48,300.57,313.26,1.0
2018-08-18 11:34:00,89.55522,36.77118,969.716,272.19,81.8,308.3,9.88,-5.67,-47.81,114.72,80.95,300.33,312.92,112.0,80.41,300.59,313.31,1.0
2018-08-18 11:34:00,89.55522,36.77115,969.719,272.19,81.8,308.3,6.71,-5.82,-47.95,114.33,80.88,300.61,312.73,111.9,80.36,300.6,313.33,1.0
2018-08-18 11:34:00,89.55521,36.77112,969.722,272.19,81.8,308.3,2.34,-5.87,-48.14,113.28,80.88,300.52,312.73,111.86,80.33,300.61,313.3,1.0
2018-08-18 11:34:00,89.55521,36.7711,969.736,272.19,81.8,308.1,-1.43,-5.93,-48.75,113.74,80.95,300.62,312.78,111.89,80.32,300.62,313.23,1.0
2018-08-18 11:34:00,89.55521,36.77107,969.753,272.19,81.9,308.0,-3.03,-6.07,-49.66,113.09,80.95,300.33,312.99,112.01,80.32,300.61,313.14,1.0
2018-08-18 11:34:00,89.55521,36.77104,969.709,272.19,81.9,308.4,-1.22,-6.21,-50.27,113.35,80.61,300.55,312.98,112.22,80.33,300.59,313.05,1.0
2018-08-18 11:34:00,89.55521,36.771,969.75,272.19,81.9,308.0,0.4,-6.3,-51.16,113.09,80.81,300.28,313.13,112.51,80.33,300.56,312.98,1.0
2018-08-18 11:34:00,89.55521,36.77096,969.722,272.18,81.9,308.3,2.12,-6.53,-51.52,113.87,80.95,300.58,313.01,112.86,80.33,300.51,312.93,1.0
2018-08-18 11:34:00,89.55521,36.77092,969.718,272.18,81.9,308.3,3.69,-6.4,-51.42,113.48,80.88,300.6,312.92,113.22,80.31,300.46,312.92,1.0
2018-08-18 11:34:00,89.55521,36.77089,969.758,272.18,81.9,308.0,4.87,-6.25,-51.26,114.14,80.81,300.32,312.71,113.56,80.28,300.4,312.92,1.0
2018-08-18 11:34:00,89.55521,36.77085,969.804,272.18,81.9,307.6,5.6,-6.43,-51.38,113.68,80.88,300.41,312.71,113.85,80.25,300.33,312.93,1.0
2018-08-18 11:34:00,89.55521,36.77082,969.836,272.18,82.0,307.3,6.08,-6.61,-51.3,112.96,80.81,300.4,312.81,114.06,80.22,300.21,312.97,1.0
2018-08-18 11:34:00,89.55521,36.77078,969.839,272.17,82.0,307.3,4.99,-6.6,-50.53,113.28,80.68,300.4,312.71,114.17,80.19,300.1,313.01,1.0
2018-08-18 11:34:00,89.5552,36.77074,969.835,272.17,82.0,307.3,3.6,-6.6,-50.27,113.68,80.81,300.4,312.8,114.17,80.19,300.05,313.05,1.0
2018-08-18 11:34:00,89.5552,36.77069,969.842,272.17,82.0,307.3,2.72,-6.49,-49.93,114.27,80.54,300.59,312.69,114.07,80.2,300.04,313.09,1.0
2018-08-18 11:34:00,89.5552,36.77062,969.865,272.17,82.0,307.1,3.41,-6.25,-48.92,112.7,80.95,300.2,312.8,113.9,80.23,300.04,313.11,1.0
2018-08-18 11:34:00,89.5552,36.77056,969.85,272.17,82.0,307.2,6.62,-6.15,-47.52,113.35,80.74,299.57,313.01,113.68,80.29,300.06,313.11,1.0
2018-08-18 11:34:00,89.5552,36.77049,969.891,272.16,82.0,306.9,10.46,-6.2,-46.8,113.94,80.54,299.62,312.63,113.46,80.35,300.08,313.09,1.0
2018-08-18 11:34:00,89.5552,36.77043,969.924,272.17,82.0,306.6,12.28,-6.26,-45.93,114.07,80.74,299.86,312.7,113.25,80.41,300.1,313.05,1.0
2018-08-18 11:34:00,89.5552,36.77036,969.949,272.17,82.1,306.4,12.38,-6.29,-45.13,114.14,80.54,300.4,312.7,113.08,80.46,300.13,313.01,1.0
2018-08-18 11:34:00,89.5552,36.7703,969.938,272.16,82.1,306.5,12.02,-6.4,-44.74,114.0,80.74,300.32,312.8,112.99,80.48,300.15,312.98,1.0
2018-08-18 11:34:00,89.5552,36.77023,969.832,272.16,82.1,307.4,12.79,-6.66,-44.96,113.74,80.68,300.31,312.8,112.97,80.47,300.18,312.97,1.0
2018-08-18 11:34:00,89.5552,36.77017,969.881,272.16,82.1,307.0,12.28,-6.32,-45.5,112.11,80.74,300.5,312.89,113.02,80.42,300.26,312.97,1.0
2018-08-18 11:34:00,89.5552,36.7701,969.915,272.16,82.1,306.7,10.83,-6.47,-45.29,113.55,80.74,300.41,312.8,113.15,80.33,300.33,312.98,1.0
2018-08-18 11:34:00,89.5552,36.77004,969.964,272.16,82.1,306.3,10.51,-6.62,-45.56,113.42,80.74,300.31,312.89,113.32,80.21,300.33,313.01,1.0
2018-08-18 11:34:00,89.5552,36.76998,970.012,272.16,82.1,305.9,10.75,-6.51,-46.01,112.89,80.61,300.21,312.98,113.52,80.08,300.31,313.05,1.0
2018-08-18 11:34:00,89.5552,36.76995,970.031,272.16,82.2,305.7,10.68,-6.21,-46.22,113.68,80.81,300.39,312.59,113.73,79.95,300.27,313.07,1.0
2018-08-18 11:34:00,89.5552,36.76993,970.072,272.16,82.2,305.4,10.95,-6.27,-46.55,113.94,80.4,300.41,312.78,113.92,79.82,300.22,313.07,1.0
2018-08-18 11:34:00,89.5552,36.76991,970.03,272.15,82.2,305.8,11.33,-6.19,-46.59,114.0,80.54,300.49,312.88,114.06,79.72,300.17,313.06,1.0
2018-08-18 11:34:00,89.5552,36.76989,970.057,272.15,82.2,305.5,11.51,-6.09,-46.56,113.15,80.68,300.3,312.98,114.12,79.65,300.12,313.01,1.0
2018-08-18 11:34:00,89.5552,36.76986,970.087,272.15,82.2,305.3,11.13,-5.92,-46.46,114.53,80.54,300.39,312.79,114.1,79.6,300.07,312.95,1.0
2018-08-18 11:34:00,89.5552,36.76984,970.079,272.15,82.2,305.3,10.34,-5.72,-46.28,113.09,80.68,300.48,312.68,113.98,79.58,300.03,312.87,1.0
2018-08-18 11:34:00,89.5552,36.76982,970.105,272.15,82.2,305.1,9.74,-5.62,-46.0,114.07,80.4,300.3,312.78,113.77,79.56,299.99,312.8,1.0
2018-08-18 11:34:00,89.55519,36.7698,970.11,272.15,82.2,305.1,9.66,-5.73,-45.93,112.96,80.4,300.48,312.88,113.47,79.55,299.97,312.74,1.0
2018-08-18 11:34:00,89.55519,36.76977,970.121,272.14,82.2,305.0,9.35,-5.68,-45.4,113.35,80.33,300.39,312.78,113.12,79.53,299.97,312.76,1.0
2018-08-18 11:34:00,89.55519,36.76975,970.123,272.14,82.2,305.0,9.52,-5.55,-45.29,113.35,80.47,300.57,312.98,112.74,79.49,299.98,312.82,1.0
2018-08-18 11:34:00,89.55519,36.76973,970.105,272.15,82.2,305.1,8.88,-5.39,-45.44,113.28,80.33,300.38,312.78,112.39,79.42,300.01,312.89,1.0
2018-08-18 11:34:00,89.55519,36.7697,970.073,272.14,82.2,305.4,5.75,-5.26,-45.37,114.53,80.47,300.2,312.86,112.11,79.34,300.01,312.93,1.0
2018-08-18 11:34:00,89.55519,36.76968,970.185,272.14,82.3,304.5,2.05,-5.49,-45.51,113.28,80.33,300.19,312.87,111.94,79.25,299.89,312.91,1.0
2018-08-18 11:34:00,89.55519,36.76963,970.114,272.14,82.3,305.1,0.7,-5.56,-45.2,113.81,80.33,300.29,313.56,111.91,79.17,299.95,313.01,1.0
2018-08-18 11:34:00,89.55519,36.76958,970.107,272.14,82.3,305.1,2.21,-5.66,-45.27,113.61,80.54,300.11,313.66,112.02,79.11,300.01,313.1,1.0
2018-08-18 11:34:00,89.55519,36.76953,970.17,272.13,82.3,304.6,4.86,-5.73,-45.29,113.28,80.19,300.47,313.16,112.29,79.09,300.03,313.16,1.0
2018-08-18 11:34:00,89.55519,36.76949,970.221,272.13,82.3,304.2,7.4,-5.79,-44.98,112.83,80.54,299.89,312.53,112.68,79.12,300.03,313.2,1.0
2018-08-18 11:34:00,89.55519,36.76944,970.215,272.13,82.3,304.2,9.95,-6.17,-44.49,112.7,79.92,298.29,311.76,113.13,79.2,300.0,313.26,1.0
2018-08-18 11:34:00,89.55519,36.76939,970.223,272.13,82.3,304.2,11.17,-6.3,-44.31,113.68,79.92,300.22,312.59,113.6,79.33,299.91,313.23,1.0
2018-08-18 11:34:00,89.55519,36.76934,970.216,272.13,82.3,304.2,12.53,-6.19,-44.25,112.44,79.99,300.22,312.83,114.02,79.49,299.9,313.16,1.0
2018-08-18 11:34:00,89.55519,36.7693,970.204,272.13,82.3,304.3,13.85,-5.96,-44.37,114.07,80.12,300.09,312.85,114.32,79.67,299.89,313.07,1.0
2018-08-18 11:34:00,89.55519,36.76925,970.204,272.12,82.3,304.3,13.68,-5.82,-44.74,112.76,80.26,300.06,313.06,114.46,79.85,299.86,313.0,1.0
2018-08-18 11:34:00,89.55519,36.7692,970.235,272.12,82.4,304.1,10.15,-5.99,-45.48,113.74,80.12,300.1,313.46,114.42,80.01,299.89,313.01,1.0
2018-08-18 11:34:00,89.55519,36.76916,970.266,272.12,82.4,303.8,8.16,-6.07,-47.39,114.33,80.19,299.43,312.9,114.21,80.12,300.07,313.12,1.0
2018-08-18 11:34:00,89.55518,36.76911,970.312,272.12,82.4,303.5,4.96,-6.16,-48.21,113.48,80.12,300.38,313.29,113.85,80.18,300.08,313.16,1.0
2018-08-18 11:34:00,89.55518,36.76907,970.323,272.12,82.4,303.4,3.32,-6.24,-48.99,113.48,80.12,300.53,313.03,113.4,80.18,300.1,313.22,1.0
2018-08-18 11:34:00,89.55518,36.76903,970.331,272.12,82.4,303.3,4.09,-6.32,-49.52,112.56,80.19,300.39,313.05,112.93,80.12,300.15,313.32,1.0
2018-08-18 11:34:00,89.55518,36.76899,970.39,272.12,82.4,302.8,6.41,-6.36,-49.48,114.14,80.19,300.5,312.94,112.5,80.02,300.22,313.41,1.0
2018-08-18 11:34:00,89.55518,36.76895,970.336,272.12,82.4,303.3,7.77,-6.18,-49.36,113.81,80.19,300.5,313.04,112.18,79.89,300.29,313.44,1.0
2018-08-18 11:34:00,89.55518,36.76891,970.346,272.11,82.4,303.2,11.27,-6.07,-48.55,113.42,80.12,300.2,312.84,112.01,79.75,300.41,313.5,1.0
2018-08-18 11:34:00,89.55518,36.76887,970.359,272.11,82.4,303.1,14.77,-6.07,-48.18,113.15,80.19,300.18,312.85,112.02,79.61,300.42,313.5,1.0
2018-08-18 11:34:00,89.55518,36.76882,970.373,272.11,82.4,303.0,17.94,-6.38,-47.61,114.46,80.12,300.37,312.94,112.18,79.48,300.41,313.47,1.0
2018-08-18 11:34:00,89.55518,36.76878,970.389,272.11,82.4,302.8,19.55,-6.73,-46.89,111.58,80.12,300.28,312.85,112.49,79.39,300.38,313.44,1.0
2018-08-18 11:34:00,89.55518,36.76874,970.395,272.11,82.4,302.8,17.71,-6.44,-46.84,112.24,79.92,300.46,312.94,112.88,79.32,300.35,313.38,1.0
2018-08-18 11:34:00,89.55518,36.7687,970.443,272.1,82.4,302.4,16.91,-6.54,-46.84,113.94,79.99,300.08,312.74,113.31,79.29,300.34,313.3,1.0
2018-08-18 11:34:00,89.55518,36.76866,970.454,272.1,82.5,302.3,17.4,-6.66,-46.71,113.48,79.92,300.28,312.93,113.73,79.27,300.28,313.23,1.0
2018-08-18 11:34:00,89.55518,36.76862,970.479,272.1,82.5,302.1,17.97,-6.61,-46.69,112.76,80.12,300.28,313.13,114.11,79.27,300.19,313.16,1.0
2018-08-18 11:34:00,89.55518,36.76858,970.503,272.11,82.5,301.9,18.0,-6.44,-46.66,113.09,79.92,300.28,312.94,114.43,79.28,300.11,313.11,1.0
2018-08-18 11:34:00,89.55518,36.76854,970.445,272.1,82.5,302.4,17.4,-6.34,-46.44,114.0,80.06,300.39,313.12,114.7,79.29,300.03,313.1,1.0
2018-08-18 11:34:00,89.55518,36.76849,970.474,272.1,82.5,302.1,15.76,-6.33,-46.44,114.0,79.99,300.76,313.12,114.94,79.28,299.95,313.22,1.0
2018-08-18 11:34:00,89.55518,36.76841,970.403,272.1,82.5,302.7,16.29,-6.3,-45.78,113.48,79.99,300.35,312.83,115.16,79.27,299.9,313.24,1.0
2018-08-18 11:34:00,89.55518,36.76833,970.434,272.1,82.5,302.5,16.1,-6.45,-45.43,113.48,79.99,299.98,313.31,115.4,79.24,299.89,313.26,1.0
2018-08-18 11:34:00,89.55518,36.76824,970.5,272.1,82.5,301.9,15.08,-6.43,-45.54,113.68,79.85,300.44,312.83,115.66,79.21,299.89,313.3,1.0
2018-08-18 11:34:00,89.55518,36.76816,970.482,272.1,82.5,302.1,13.72,-6.17,-45.96,112.89,79.85,300.21,313.21,115.93,79.16,299.92,313.36,1.0
2018-08-18 11:34:00,89.55517,36.76808,970.463,272.09,82.6,302.2,12.79,-6.32,-46.19,112.96,79.78,299.93,314.38,116.2,79.11,299.94,313.4,1.0
2018-08-18 11:34:00,89.55517,36.76799,970.511,272.09,82.6,301.8,10.36,-5.85,-45.92,113.42,79.78,300.13,313.25,116.41,79.07,299.93,313.4,1.0
2018-08-18 11:34:00,89.55517,36.76791,970.531,272.09,82.6,301.7,10.31,-5.77,-46.09,114.72,79.92,300.1,313.1,116.53,79.02,299.98,313.4,1.0
2018-08-18 11:34:00,89.55517,36.76783,970.545,272.09,82.6,301.6,10.96,-6.05,-45.95,113.87,79.78,300.26,313.33,116.51,78.98,300.04,313.4,1.0
2018-08-18 11:35:00,89.55517,36.76774,970.574,272.09,82.6,301.3,12.34,-6.41,-45.38,113.22,79.78,300.08,313.5,116.32,78.95,300.11,313.39,1.0
2018-08-18 11:35:00,89.55517,36.76768,970.605,272.09,82.6,301.1,15.75,-6.37,-44.9,114.66,79.78,299.98,313.14,115.94,78.93,300.17,313.34,1.0
2018-08-18 11:35:00,89.55517,36.76763,970.525,272.09,82.6,301.7,18.15,-6.81,-44.61,114.46,79.92,300.07,312.94,115.39,78.92,300.23,313.21,1.0
2018-08-18 11:35:00,89.55517,36.76758,970.603,272.08,82.6,301.1,17.5,-6.86,-44.37,113.68,79.71,300.26,313.02,114.72,78.92,300.25,313.18,1.0
2018-08-18 11:35:00,89.55517,36.76754,970.664,272.08,82.6,300.6,16.33,-6.6,-44.12,114.59,79.78,300.26,313.12,114.0,78.93,300.23,313.16,1.0
2018-08-18 11:35:00,89.55517,36.76749,970.665,272.09,82.6,300.6,13.83,-6.4,-44.23,114.53,79.5,300.14,312.74,113.31,78.95,300.18,313.11,1.0
2018-08-18 11:35:00,89.55517,36.76744,970.648,272.09,82.7,300.7,9.71,-6.43,-44.94,114.2,79.5,299.83,312.72,112.71,78.97,300.11,313.07,1.0
2018-08-18 11:35:00,89.55516,36.7674,970.688,272.09,82.7,300.4,8.0,-6.19,-45.89,113.94,79.43,300.07,313.01,112.27,78.98,300.03,313.14,1.0
2018-08-18 11:35:00,89.55516,36.76735,970.686,272.08,82.7,300.4,10.52,-6.13,-45.68,113.09,79.78,299.98,312.73,112.02,78.99,299.96,313.12,1.0
2018-08-18 11:35:00,89.55516,36.7673,970.672,272.08,82.7,300.5,13.6,-5.93,-44.68,113.48,79.92,300.28,313.11,111.97,78.99,299.9,313.11,1.0
2018-08-18 11:35:00,89.55516,36.76726,970.679,272.08,82.7,300.5,15.75,-5.88,-43.87,114.86,79.71,299.9,313.11,112.08,78.97,299.86,313.1,1.0
2018-08-18 11:35:00,89.55516,36.76721,970.713,272.08,82.7,300.2,16.37,-6.03,-43.52,113.35,79.57,300.11,313.31,112.29,78.94,299.85,313.1,1.0
2018-08-18 11:35:00,89.55516,36.76716,970.712,272.08,82.7,300.2,15.71,-6.06,-43.03,112.89,79.36,299.85,314.1,112.53,78.89,299.86,313.09,1.0
2018-08-18 11:35:00,89.55516,36.76711,970.74,272.08,82.7,300.0,12.01,-5.89,-44.35,113.87,79.36,300.04,313.28,112.75,78.82,299.9,313.14,1.0
2018-08-18 11:35:00,89.55516,36.76705,970.741,272.08,82.7,299.9,10.27,-5.85,-44.48,113.22,79.57,300.44,313.0,112.87,78.74,299.96,313.22,1.0
2018-08-18 11:35:00,89.55516,36.76698,970.74,272.08,82.8,300.0,10.83,-5.88,-44.06,114.46,79.5,300.26,313.19,112.89,78.67,300.03,313.26,1.0
2018-08-18 11:35:00,89.55516,36.76692,970.746,272.08,82.8,299.9,11.91,-5.93,-43.86,113.15,79.71,300.18,312.9,112.79,78.6,300.1,313.3,1.0
2018-08-18 11:35:00,89.55516,36.76686,970.76,272.07,82.8,299.8,11.99,-5.97,-44.16,114.2,79.5,300.08,312.15,112.6,78.55,300.18,313.31,1.0
2018-08-18 11:35:00,89.55516,36.7668,970.862,272.07,82.8,299.0,13.51,-6.08,-43.56,113.87,79.57,300.35,312.94,112.39,78.52,300.22,313.19,1.0
2018-08-18 11:35:00,89.55516,36.76674,970.897,272.07,82.8,298.7,13.22,-6.07,-43.51,114.14,79.43,300.16,313.11,112.22,78.52,300.21,313.13,1.0
2018-08-18 11:35:00,89.55516,36.76668,970.885,272.07,82.8,298.8,12.4,-6.18,-43.91,112.89,79.3,300.1,312.59,112.13,78.54,300.12,313.05,1.0
2018-08-18 11:35:00,89.55516,36.76662,970.858,272.07,82.8,299.0,11.14,-6.14,-44.61,113.68,79.16,299.91,312.46,112.18,78.57,300.0,312.94,1.0
2018-08-18 11:35:00,89.55516,36.76655,970.861,272.07,82.8,299.0,9.36,-5.87,-45.45,113.48,79.23,299.8,312.9,112.37,78.61,299.89,312.84,1.0
2018-08-18 11:35:00,89.55516,36.76649,970.818,272.06,82.8,299.3,7.6,-6.04,-46.08,113.28,79.36,299.79,313.09,112.69,78.65,299.78,312.8,1.0
2018-08-18 11:35:00,89.55515,36.76643,970.884,272.07,82.8,298.8,7.81,-6.21,-45.26,112.83,79.3,300.16,312.9,113.1,78.68,299.67,312.73,1.0
2018-08-18 11:35:00,89.55515,36.76637,970.914,272.06,82.8,298.5,7.04,-6.16,-44.93,113.28,79.43,299.67,313.07,113.53,78.69,299.52,312.67,1.0
2018-08-18 11:35:00,89.55515,36.76631,970.906,272.06,82.8,298.6,7.11,-6.37,-44.68,113.15,79.3,299.75,313.16,113.92,78.67,299.37,312.67,1.0
2018-08-18 11:35:00,89.55515,36.76625,970.891,272.06,82.8,298.7,7.63,-6.59,-44.5,112.56,79.43,300.24,312.89,114.2,78.63,299.3,312.75,1.0
2018-08-18 11:35:00,89.55515,36.76619,970.919,272.06,82.9,298.5,6.71,-6.15,-44.68,114.07,79.16,300.07,313.19,114.34,78.57,299.36,312.89,1.0
2018-08-18 11:35:00,89.55515,36.76613,970.916,272.06,82.9,298.5,6.97,-5.95,-44.97,113.48,79.36,300.26,313.09,114.33,78.51,299.47,313.05,1.0
2018-08-18 11:35:00,89.55515,36.76607,970.958,272.06,82.9,298.2,8.48,-6.2,-45.49,115.12,79.3,299.36,312.9,114.17,78.44,299.6,313.21,1.0
2018-08-18 11:35:00,89.55515,36.766,971.0,272.06,82.9,297.8,10.01,-6.21,-45.78,113.74,79.09,298.46,312.29,113.91,78.38,299.76,313.42,1.0
2018-08-18 11:35:00,89.55515,36.76594,971.006,272.06,82.9,297.8,11.61,-6.15,-45.94,113.48,78.95,298.95,312.46,113.61,78.33,299.88,313.58,1.0
2018-08-18 11:35:00,89.55515,36.76588,970.96,272.06,82.9,298.2,13.32,-6.3,-46.12,113.35,79.16,300.06,313.09,113.33,78.3,299.94,313.61,1.0
2018-08-18 11:35:00,89.55515,36.76582,970.983,272.05,82.9,298.0,13.36,-6.32,-45.96,113.48,79.36,300.05,312.88,113.13,78.3,300.0,313.58,1.0
2018-08-18 11:35:00,89.55515,36.76576,971.028,272.05,82.9,297.6,13.88,-6.0,-46.08,113.42,79.16,300.07,312.88,113.05,78.3,300.01,313.48,1.0
2018-08-18 11:35:00,89.55515,36.7657,971.063,272.05,82.9,297.3,13.61,-5.82,-46.44,112.7,78.95,299.86,313.76,113.1,78.32,300.03,313.4,1.0
2018-08-18 11:35:00,89.55515,36.76564,971.071,272.05,82.9,297.2,11.68,-5.75,-46.96,113.35,79.02,299.56,313.53,113.25,78.33,300.06,313.32,1.0
2018-08-18 11:35:00,89.55515,36.76558,971.064,272.05,83.0,297.3,8.51,-5.78,-47.39,113.02,79.09,299.56,312.8,113.48,78.34,300.03,313.25,1.0
2018-08-18 11:35:00,89.55515,36.76554,971.108,272.05,83.0,296.9,5.95,-5.94,-47.32,113.42,79.02,299.96,313.07,113.72,78.34,299.92,313.19,1.0
2018-08-18 11:35:00,89.55515,36.76549,971.119,272.05,83.0,296.9,4.03,-5.67,-47.22,114.33,79.09,300.05,313.04,113.93,78.33,299.85,313.2,1.0
2018-08-18 11:35:00,89.55515,36.76545,971.177,272.05,83.0,296.4,4.59,-5.59,-46.78,114.46,78.95,299.68,313.35,114.05,78.3,299.8,313.27,1.0
2018-08-18 11:35:00,89.55515,36.7654,971.223,272.05,83.0,296.0,6.9,-5.66,-46.04,113.02,79.02,299.62,313.26,114.06,78.28,299.78,313.29,1.0
2018-08-18 11:35:00,89.55515,36.76536,971.234,272.04,83.0,295.9,10.1,-5.74,-45.13,112.89,79.02,299.7,313.26,113.95,78.25,299.77,313.34,1.0
2018-08-18 11:35:00,89.55515,36.76531,971.239,272.05,83.0,295.9,12.93,-5.69,-44.23,113.61,78.88,299.86,313.16,113.72,78.24,299.76,313.51,1.0
2018-08-18 11:35:00,89.55515,36.76527,971.255,272.04,83.0,295.7,13.41,-5.8,-43.2,114.86,79.09,300.13,313.06,113.42,78.24,299.79,313.65,1.0
2018-08-18 11:35:00,89.55515,36.76522,971.243,272.04,83.0,295.8,12.35,-5.78,-42.83,112.89,78.88,300.24,313.44,113.08,78.26,299.85,313.78,1.0
2018-08-18 11:35:00,89.55515,36.76518,971.277,272.04,83.0,295.6,10.63,-5.59,-42.86,113.74,78.95,300.08,312.58,112.76,78.3,299.95,313.81,1.0
2018-08-18 11:35:00,89.55515,36.76513,971.308,272.04,83.0,295.3,8.57,-5.47,-43.22,113.02,78.68,299.48,312.47,112.48,78.34,300.05,313.78,1.0
2018-08-18 11:35:00,89.55515,36.76508,971.26,272.04,83.0,295.7,6.44,-5.5,-43.79,112.89,78.74,299.06,312.65,112.28,78.39,300.12,313.74,1.0
2018-08-18 11:35:00,89.55515,36.76504,971.299,272.04,83.0,295.4,4.8,-5.21,-44.4,114.27,78.95,299.77,312.78,112.18,78.43,300.16,313.64,1.0
2018-08-18 11:35:00,89.55514,36.76499,971.334,272.03,83.1,295.1,5.47,-5.12,-45.37,113.22,78.88,300.1,313.09,112.17,78.45,300.16,313.52,1.0
2018-08-18 11:35:00,89.55514,36.76495,971.359,272.04,83.1,294.9,7.08,-5.11,-46.1,112.96,78.81,300.06,312.47,112.24,78.46,300.13,313.4,1.0
2018-08-18 11:35:00,89.55514,36.76492,971.352,272.04,83.1,295.0,8.91,-5.07,-46.66,113.68,78.95,300.14,312.48,112.39,78.44,300.1,313.34,1.0
2018-08-18 11:35:00,89.55514,36.76489,971.321,272.03,83.1,295.2,10.65,-5.05,-47.09,113.94,78.81,300.23,313.26,112.59,78.39,300.09,313.33,1.0
2018-08-18 11:35:00,89.55514,36.76485,971.344,272.03,83.1,295.0,12.13,-5.2,-47.35,112.96,78.81,300.14,313.44,112.84,78.33,300.12,313.32,1.0
2018-08-18 11:35:00,89.55514,36.76482,971.349,272.03,83.1,295.0,11.76,-5.32,-47.7,113.15,78.81,300.23,313.44,113.11,78.25,300.1,313.38,1.0
2018-08-18 11:35:00,89.55514,36.76479,971.37,272.03,83.1,294.8,11.09,-5.6,-47.76,113.35,78.88,299.76,313.35,113.42,78.17,300.06,313.43,1.0
2018-08-18 11:35:00,89.55514,36.76476,971.375,272.03,83.1,294.8,9.7,-5.68,-48.07,112.63,78.81,299.92,313.27,113.74,78.09,300.01,313.54,1.0
2018-08-18 11:35:00,89.55514,36.76473,971.377,272.03,83.1,294.7,8.7,-5.63,-48.26,113.22,78.68,299.6,313.46,114.07,78.02,299.97,313.64,1.0
2018-08-18 11:35:00,89.55514,36.7647,971.416,272.03,83.1,294.4,9.27,-5.67,-47.89,113.55,78.68,300.13,313.44,114.38,77.96,299.94,313.68,1.0
2018-08-18 11:35:00,89.55514,36.76467,971.413,272.02,83.1,294.5,11.76,-5.94,-47.59,113.55,78.68,300.23,313.24,114.64,77.89,299.91,313.69,1.0
2018-08-18 11:35:00,89.55514,36.76464,971.49,272.03,83.2,293.8,16.26,-5.91,-46.77,113.74,78.68,300.23,313.14,114.83,77.84,299.89,313.68,1.0
2018-08-18 11:35:00,89.55514,36.76461,971.485,272.03,83.2,293.9,17.56,-6.25,-45.93,113.87,78.74,300.04,313.34,114.9,77.78,299.89,313.64,1.0
2018-08-18 11:35:00,89.55514,36.76458,971.49,272.03,83.2,293.8,16.85,-6.57,-45.21,112.56,78.61,300.23,313.34,114.83,77.71,299.92,313.58,1.0
2018-08-18 11:35:00,89.55514,36.76455,971.566,272.03,83.2,293.2,15.39,-6.66,-44.52,113.15,78.61,300.22,313.43,114.6,77.65,299.97,313.51,1.0
2018-08-18 11:35:00,89.55514,36.76452,971.531,272.02,83.2,293.5,13.67,-6.67,-43.7,114.07,78.68,300.21,313.52,114.22,77.58,300.01,313.46,1.0
2018-08-18 11:35:00,89.55514,36.76449,971.503,272.02,83.2,293.7,14.92,-6.77,-43.1,114.27,78.54,300.04,313.32,113.7,77.51,300.04,313.48,1.0
2018-08-18 11:35:00,89.55514,36.76446,971.524,272.02,83.2,293.5,18.44,-6.82,-42.32,113.35,78.61,300.04,313.32,113.1,77.45,300.05,313.48,1.0
2018-08-18 11:35:00,89.55514,36.76443,971.559,272.02,83.2,293.3,20.82,-6.88,-41.52,113.74,78.47,300.04,313.12,112.47,77.42,300.0,313.43,1.0
2018-08-18 11:35:00,89.55514,36.7644,971.565,272.02,83.2,293.2,21.47,-6.91,-40.77,113.02,78.54,300.23,313.32,111.87,77.41,299.92,313.38,1.0
2018-08-18 11:35:00,89.55514,36.76437,971.524,272.02,83.2,293.5,21.89,-6.81,-40.2,114.2,78.33,300.02,313.51,111.38,77.43,299.89,313.39,1.0
2018-08-18 11:35:00,89.55514,36.76434,971.544,272.02,83.2,293.4,21.77,-6.76,-40.85,113.74,78.61,300.09,314.01,111.02,77.49,299.84,313.41,1.0
2018-08-18 11:35:00,89.55514,36.7643,971.628,272.02,83.3,292.7,20.05,-6.43,-41.71,112.96,78.47,299.57,313.75,110.84,77.57,299.8,313.42,1.0
2018-08-18 11:35:00,89.55514,36.76427,971.638,272.02,83.3,292.6,16.91,-6.5,-42.58,113.22,78.12,299.09,312.66,110.84,77.67,299.74,313.42,1.0
2018-08-18 11:35:00,89.55514,36.76424,971.597,272.02,83.3,292.9,14.07,-6.65,-43.05,112.37,78.26,298.83,312.72,110.98,77.77,299.67,313.42,1.0
2018-08-18 11:35:00,89.55514,36.76421,971.604,272.02,83.3,292.9,13.4,-6.6,-42.96,113.87,78.26,299.48,313.02,111.24,77.86,299.6,313.41,1.0
2018-08-18 11:35:00,89.55514,36.76418,971.651,272.01,83.3,292.5,16.56,-6.63,-42.74,112.5,78.47,299.58,313.22,111.56,77.93,299.54,313.39,1.0
2018-08-18 11:35:00,89.55514,36.76415,971.627,272.01,83.3,292.7,15.99,-6.8,-42.81,112.11,78.33,300.16,313.31,111.9,77.96,299.49,313.29,1.0
2018-08-18 11:35:00,89.55514,36.76412,971.681,272.01,83.3,292.3,14.18,-6.54,-42.69,113.74,78.47,300.04,313.51,112.22,77.96,299.5,313.27,1.0
2018-08-18 11:35:00,89.55514,36.76408,971.719,272.01,83.3,291.9,12.87,-6.38,-42.62,113.35,78.33,300.03,313.32,112.51,77.92,299.6,313.32,1.0
2018-08-18 11:35:00,89.55514,36.76405,971.692,272.01,83.3,292.2,13.02,-6.43,-42.71,113.35,78.33,300.02,313.41,112.77,77.85,299.73,313.38,1.0
2018-08-18 11:35:00,89.55514,36.76402,971.711,272.01,83.3,292.0,14.48,-6.41,-42.89,112.56,78.4,300.0,313.25,113.02,77.76,299.81,313.42,1.0
2018-08-18 11:35:00,89.55514,36.76399,971.772,272.01,83.4,291.5,13.52,-6.46,-43.51,113.09,78.26,300.05,312.67,113.29,77.65,299.9,313.47,1.0
2018-08-18 11:35:00,89.55514,36.76396,971.771,272.01,83.4,291.5,13.16,-6.42,-43.6,112.56,78.33,300.05,313.23,113.59,77.54,299.95,313.51,1.0
2018-08-18 11:35:00,89.55514,36.76393,971.781,272.01,83.4,291.4,12.43,-6.33,-43.72,113.74,78.12,300.03,313.03,113.94,77.45,299.97,313.54,1.0
2018-08-18 11:35:00,89.55514,36.7639,971.806,272.0,83.4,291.2,11.96,-6.29,-43.88,113.15,78.26,299.93,313.13,114.34,77.38,299.98,313.54,1.0
2018-08-18 11:35:00,89.55514,36.76385,971.787,272.01,83.4,291.4,12.67,-6.33,-43.93,112.76,78.12,300.3,312.92,114.75,77.32,299.96,313.53,1.0
2018-08-18 11:35:00,89.55514,36.76381,971.787,272.0,83.4,291.4,13.72,-6.18,-43.96,112.89,78.26,300.02,313.3,115.13,77.28,299.93,313.51,1.0
2018-08-18 11:35:00,89.55514,36.76377,971.821,272.0,83.4,291.1,14.85,-5.93,-43.81,113.87,78.12,300.02,313.4,115.41,77.26,299.9,313.54,1.0
2018-08-18 11:35:00,89.55514,36.76372,971.822,272.0,83.4,291.1,15.36,-6.0,-43.59,111.72,78.12,299.93,313.5,115.54,77.25,299.85,313.53,1.0
2018-08-18 11:35:00,89.55514,36.76368,971.816,272.0,83.4,291.1,15.8,-6.17,-43.21,113.42,78.12,299.83,313.4,115.46,77.25,299.79,313.57,1.0
2018-08-18 11:35:00,89.55514,36.76364,971.848,272.0,83.4,290.9,16.34,-6.28,-42.79,114.46,78.12,299.92,313.3,115.17,77.24,299.74,313.65,1.0
2018-08-18 11:35:00,89.55514,36.7636,971.943,272.01,83.4,290.1,16.26,-6.37,-42.84,113.55,78.05,300.12,313.5,114.66,77.22,299.71,313.7,1.0
2018-08-18 11:35:00,89.55514,36.76355,971.936,272.0,83.4,290.2,14.56,-6.36,-43.01,113.94,77.98,299.99,313.3,113.97,77.2,299.71,313.69,1.0
2018-08-18 11:35:00,89.55513,36.76351,971.911,272.0,83.5,290.4,12.23,-6.39,-43.02,113.15,78.05,300.23,313.59,113.2,77.19,299.63,313.73,1.0
2018-08-18 11:35:00,89.55513,36.76347,971.891,272.0,83.5,290.5,10.78,-6.4,-43.23,112.83,78.12,299.98,313.56,112.41,77.17,299.54,313.74,1.0
2018-08-18 11:35:00,89.55513,36.76342,971.903,272.0,83.5,290.4,10.65,-6.48,-43.66,114.14,77.98,299.96,313.82,111.72,77.16,299.49,313.74,1.0
2018-08-18 11:35:00,89.55513,36.76338,972.009,272.0,83.5,289.6,11.65,-6.73,-44.02,114.27,77.92,300.02,313.6,111.19,77.16,299.53,313.73,1.0
2018-08-18 11:35:00,89.55513,36.76334,972.054,271.99,83.5,289.2,12.68,-6.66,-43.99,113.94,77.98,299.83,312.78,110.89,77.17,299.55,313.7,1.0
2018-08-18 11:35:00,89.55513,36.76329,972.068,272.0,83.5,289.1,13.81,-6.66,-43.88,112.76,77.85,298.91,313.14,110.84,77.19,299.54,313.68,1.0
2018-08-18 11:35:00,89.55513,36.76324,972.018,272.0,83.5,289.5,14.04,-6.67,-44.05,112.5,77.85,298.3,313.08,111.02,77.21,299.5,313.65,1.0
2018-08-18 11:35:00,89.55513,36.76319,971.977,272.0,83.5,289.8,14.33,-6.64,-44.1,112.5,77.85,298.84,313.04,111.38,77.23,299.46,313.61,1.0
2018-08-18 11:35:00,89.55513,36.76314,972.065,272.0,83.5,289.1,15.74,-6.58,-43.69,112.11,77.85,300.01,313.38,111.85,77.25,299.41,313.57,1.0
2018-08-18 11:35:00,89.55513,36.7631,972.069,271.99,83.5,289.1,17.04,-6.64,-43.42,112.24,77.98,300.02,313.58,112.34,77.25,299.35,313.59,1.0
2018-08-18 11:35:00,89.55513,36.76305,972.063,272.0,83.5,289.1,16.67,-6.34,-43.49,113.48,77.85,299.92,313.89,112.79,77.24,299.29,313.63,1.0
2018-08-18 11:35:00,89.55513,36.763,972.12,272.0,83.6,288.7,14.33,-6.09,-43.78,113.87,77.85,299.74,314.18,113.12,77.21,299.35,313.7,1.0
2018-08-18 11:35:00,89.55513,36.76295,972.175,272.0,83.6,288.2,12.71,-5.82,-44.58,113.55,77.85,299.64,313.86,113.32,77.16,299.48,313.82,1.0
2018-08-18 11:35:00,89.55513,36.7629,972.177,272.0,83.6,288.2,12.8,-5.55,-45.82,113.28,77.71,300.04,313.56,113.39,77.11,299.58,313.93,1.0
2018-08-18 11:35:00,89.55513,36.76285,972.153,271.99,83.6,288.4,13.53,-5.39,-46.99,112.96,77.85,299.54,313.69,113.34,77.06,299.57,313.97,1.0
2018-08-18 11:35:00,89.55513,36.76281,972.136,271.99,83.6,288.5,13.87,-5.43,-46.95,113.68,77.85,299.61,313.0,113.22,77.02,299.55,313.97,1.0
2018-08-18 11:35:00,89.55513,36.76276,972.137,271.99,83.6,288.5,13.26,-5.56,-46.65,112.37,77.71,299.64,313.51,113.08,76.99,299.57,313.86,1.0
2018-08-18 11:35:00,89.55513,36.76271,972.174,271.99,83.6,288.2,13.89,-5.7,-46.34,113.28,77.71,299.76,313.37,112.95,76.97,299.6,313.69,1.0
2018-08-18 11:35:00,89.55513,36.76266,972.236,271.99,83.6,287.7,15.54,-5.78,-46.16,112.5,77.71,299.56,313.11,112.87,76.97,299.6,313.49,1.0
2018-08-18 11:35:00,89.55513,36.76261,972.284,271.99,83.6,287.3,17.1,-5.71,-46.25,113.35,77.57,299.21,313.08,112.84,76.98,299.59,313.25,1.0
2018-08-18 11:35:00,89.55513,36.76252,972.24,271.99,83.6,287.7,18.94,-5.31,-47.06,112.7,77.64,299.08,312.72,112.84,76.99,299.54,313.01,1.0
2018-08-18 11:35:00,89.55513,36.76242,972.227,271.99,83.6,287.8,15.1,-5.28,-47.98,112.76,77.64,299.43,312.94,112.86,77.0,299.5,312.85,1.0
2018-08-18 11:35:00,89.55513,36.76231,972.265,271.99,83.6,287.5,11.89,-5.35,-48.03,113.35,77.64,299.63,312.86,112.86,77.0,299.44,312.74,1.0
2018-08-18 11:35:00,89.55513,36.76221,972.308,271.99,83.6,287.1,11.22,-5.28,-48.17,113.28,77.64,299.59,312.99,112.81,76.98,299.35,312.68,1.0
2018-08-18 11:35:00,89.55513,36.7621,972.305,271.99,83.6,287.2,12.58,-5.13,-48.67,112.96,77.71,299.7,312.87,112.72,76.94,299.3,312.71,1.0
2018-08-18 11:35:00,89.55513,36.762,972.252,271.99,83.7,287.6,13.38,-5.34,-48.08,113.09,77.71,299.91,313.03,112.59,76.88,299.34,312.84,1.0
2018-08-18 11:35:00,89.55512,36.76189,972.301,271.99,83.7,287.2,15.07,-5.57,-47.37,112.96,77.5,300.01,313.35,112.44,76.81,299.43,313.04,1.0
2018-08-18 11:35:00,89.55512,36.76179,972.338,271.99,83.7,286.9,15.06,-5.48,-47.34,112.56,77.5,300.09,313.34,112.32,76.74,299.49,313.31,1.0
2018-08-18 11:35:00,89.55512,36.76168,972.34,271.99,83.7,286.9,13.39,-5.28,-47.36,113.87,77.43,299.82,313.65,112.25,76.68,299.53,313.59,1.0
2018-08-18 11:35:00,89.55512,36.76159,972.332,271.98,83.7,286.9,11.05,-5.13,-47.34,113.55,77.43,299.67,313.84,112.27,76.63,299.59,313.82,1.0
2018-08-18 11:35:00,89.55512,36.76151,972.423,271.98,83.7,286.2,9.7,-5.17,-47.65,113.09,77.64,299.9,313.65,112.4,76.61,299.72,314.0,1.0
2018-08-18 11:35:00,89.55512,36.76143,972.394,271.98,83.7,286.4,6.13,-5.29,-46.14,112.5,77.71,300.18,313.37,112.63,76.63,299.81,314.08,1.0
2018-08-18 11:35:00,89.55512,36.76134,972.372,271.98,83.7,286.6,5.29,-5.36,-45.2,112.5,77.3,299.6,313.63,112.94,76.69,299.87,314.08,1.0
2018-08-18 11:35:00,89.55512,36.76126,972.395,271.98,83.7,286.4,5.38,-5.46,-45.08,111.06,77.23,298.8,313.47,113.27,76.77,299.85,314.1,1.0
2018-08-18 11:35:00,89.55512,36.76118,972.448,271.98,83.7,286.0,6.76,-5.49,-45.19,113.35,77.36,298.96,313.45,113.57,76.89,299.81,314.12,1.0
2018-08-18 11:35:00,89.55512,36.7611,972.476,271.98,83.7,285.7,9.78,-5.41,-44.8,112.76,77.3,299.81,313.28,113.78,77.01,299.76,314.11,1.0
2018-08-18 11:35:00,89.55512,36.76102,972.398,271.98,83.8,286.4,13.19,-5.57,-44.1,113.87,77.43,299.62,313.65,113.87,77.13,299.67,314.1,1.0
2018-08-18 11:35:00,89.55512,36.76094,972.474,271.98,83.8,285.8,16.04,-5.59,-43.74,113.28,77.5,299.98,313.66,113.82,77.24,299.57,314.13,1.0
2018-08-18 11:35:00,89.55512,36.76085,972.489,271.98,83.8,285.6,16.95,-5.54,-44.45,114.0,77.43,299.64,314.77,113.62,77.31,299.5,314.12,1.0
2018-08-18 11:35:00,89.55512,36.76077,972.487,271.98,83.8,285.7,16.42,-5.43,-45.61,113.15,77.3,299.48,315.03,113.33,77.35,299.54,314.15,1.0
2018-08-18 11:35:00,89.55512,36.76069,972.53,271.98,83.8,285.3,15.28,-5.25,-46.7,112.37,77.43,299.79,315.31,112.98,77.34,299.61,314.24,1.0
2018-08-18 11:35:00,89.55512,36.76061,972.519,271.97,83.8,285.4,14.6,-4.97,-47.5,113.94,77.23,299.89,314.73,112.63,77.29,299.57,314.37,1.0
2018-08-18 11:35:00,89.55512,36.76056,972.509,271.97,83.8,285.5,14.82,-4.8,-47.83,111.98,77.5,299.98,314.54,112.35,77.19,299.59,314.51,1.0
2018-08-18 11:35:00,89.55512,36.7605,972.506,271.97,83.8,285.5,16.31,-4.58,-47.95,112.96,77.43,299.88,313.81,112.17,77.07,299.63,314.63,1.0
2018-08-18 11:35:00,89.55512,36.76044,972.53,271.97,83.8,285.3,14.69,-4.64,-47.93,112.56,77.43,300.27,313.52,112.11,76.92,299.71,314.59,1.0
2018-08-18 11:35:00,89.55512,36.76038,972.582,271.97,83.8,284.9,11.79,-4.91,-47.52,113.02,77.3,300.61,313.63,112.15,76.77,299.78,314.44,1.0
2018-08-18 11:35:00,89.55512,36.76032,972.633,271.97,83.8,284.5,11.45,-5.13,-46.59,112.76,77.5,299.88,313.83,112.26,76.62,299.81,314.23,1.0
2018-08-18 11:35:00,89.55512,36.76026,972.57,271.97,83.8,285.0,11.76,-5.43,-46.05,113.87,77.3,299.89,313.54,112.4,76.49,299.82,313.96,1.0
2018-08-18 11:35:00,89.55512,36.76021,972.632,271.97,83.9,284.5,12.19,-5.51,-45.1,112.89,77.23,299.88,313.64,112.51,76.38,299.8,313.72,1.0
2018-08-18 11:35:00,89.55512,36.76015,972.664,271.97,83.9,284.2,12.5,-5.46,-44.37,112.96,77.23,299.78,313.83,112.55,76.3,299.76,313.54,1.0
2018-08-18 11:35:00,89.55512,36.76009,972.663,271.97,83.9,284.2,13.13,-5.47,-43.89,112.5,77.3,299.87,313.55,112.5,76.25,299.67,313.42,1.0
2018-08-18 11:35:00,89.55512,36.76003,972.681,271.97,83.9,284.1,14.23,-5.56,-43.6,112.5,77.16,299.6,313.61,112.37,76.23,299.57,313.35,1.0
2018-08-18 11:35:00,89.55512,36.75997,972.724,271.96,83.9,283.7,15.16,-5.33,-43.43,112.3,77.3,299.87,313.03,112.18,76.24,299.53,313.34,1.0
2018-08-18 11:35:00,89.55512,36.75991,972.718,271.97,83.9,283.8,17.1,-5.13,-43.5,113.55,77.09,299.69,313.33,111.97,76.26,299.5,313.48,1.0
2018-08-18 11:35:00,89.55512,36.75985,972.723,271.96,83.9,283.7,19.24,-4.94,-43.15,112.76,76.88,299.78,313.63,111.81,76.31,299.46,313.64,1.0
2018-08-18 11:35:00,89.55512,36.75979,972.738,271.96,83.9,283.6,21.11,-4.83,-43.03,113.55,77.23,299.7,313.83,111.74,76.36,299.52,313.84,1.0
2018-08-18 11:35:00,89.55512,36.75973,972.749,271.97,83.9,283.5,22.75,-4.74,-43.18,113.09,77.16,299.61,313.82,111.79,76.43,299.65,314.01,1.0
2018-08-18 11:35:00,89.55512,36.75966,972.744,271.97,83.9,283.6,24.49,-4.52,-43.13,112.83,77.23,299.85,313.64,111.96,76.49,299.73,314.05,1.0
2018-08-18 11:35:00,89.55512,36.7596,972.741,271.97,83.9,283.6,25.92,-4.25,-42.72,112.5,77.23,299.39,314.9,112.24,76.56,299.86,314.11,1.0
2018-08-18 11:35:00,89.55512,36.75954,972.756,271.97,83.9,283.5,24.66,-4.13,-42.8,112.17,76.88,298.98,313.89,112.59,76.62,299.99,314.1,1.0
2018-08-18 11:35:00,89.55512,36.75947,972.769,271.96,84.0,283.4,22.65,-4.03,-42.93,112.3,76.81,300.08,314.27,112.94,76.69,300.09,314.05,1.0
2018-08-18 11:35:00,89.55512,36.75941,972.774,271.96,84.0,283.3,20.8,-3.91,-43.19,111.98,77.02,300.54,313.76,113.22,76.75,300.16,313.96,1.0
2018-08-18 11:35:00,89.55512,36.75935,972.81,271.96,84.0,283.0,18.7,-3.84,-44.03,112.17,77.16,299.82,312.89,113.39,76.8,300.17,313.86,1.0
2018-08-18 11:35:00,89.55512,36.75928,972.794,271.96,84.0,283.1,16.5,-3.92,-45.53,113.42,77.09,300.6,313.01,113.41,76.85,300.19,313.76,1.0
2018-08-18 11:35:00,89.55512,36.75922,972.841,271.96,84.0,282.8,16.51,-4.17,-45.86,113.35,77.16,300.36,313.3,113.28,76.89,300.22,313.6,1.0
2018-08-18 11:35:00,89.55512,36.75916,972.865,271.96,84.0,282.6,17.64,-4.36,-45.92,113.02,77.02,300.44,313.55,113.01,76.93,300.29,313.5,1.0
2018-08-18 11:35:00,89.55512,36.75911,972.86,271.96,84.0,282.6,19.5,-4.46,-45.93,113.55,76.81,300.29,313.62,112.67,76.96,300.28,313.5,1.0
2018-08-18 11:35:00,89.55512,36.75907,972.835,271.95,84.0,282.8,21.14,-4.53,-46.06,113.15,77.09,299.75,313.63,112.32,76.99,300.25,313.64,1.0
2018-08-18 11:35:00,89.55512,36.75903,972.85,271.96,84.0,282.7,20.99,-4.74,-46.46,112.63,77.09,299.76,313.82,112.03,77.01,300.29,313.92,1.0
2018-08-18 11:35:00,89.55512,36.75899,972.882,271.96,84.1,282.4,20.8,-4.54,-46.78,112.96,77.02,299.96,313.81,111.85,77.03,300.26,314.2,1.0
2018-08-18 11:35:00,89.55512,36.75896,972.918,271.96,84.1,282.1,19.78,-4.32,-47.57,112.3,76.95,299.86,313.72,111.81,77.06,300.24,314.4,1.0
2018-08-18 11:35:00,89.55512,36.75892,972.982,271.96,84.1,281.6,18.25,-4.3,-48.5,112.37,77.16,299.63,314.54,111.92,77.08,300.19,314.54,1.0
2018-08-18 11:35:00,89.55512,36.75888,973.038,271.96,84.1,281.2,16.92,-4.47,-49.0,112.17,76.88,299.89,314.7,112.15,77.1,300.16,314.61,1.0
2018-08-18 11:35:00,89.55512,36.75884,972.983,271.96,84.1,281.6,16.44,-4.67,-48.59,111.52,77.16,299.86,314.82,112.46,77.12,300.13,314.6,1.0
2018-08-18 11:35:00,89.55512,36.75881,972.941,271.96,84.1,281.9,15.92,-5.02,-48.58,113.02,77.09,299.95,314.51,112.78,77.14,300.08,314.55,1.0
2018-08-18 11:35:00,89.55512,36.75877,972.993,271.95,84.1,281.5,13.01,-5.12,-48.19,112.63,77.02,299.97,314.08,113.07,77.14,300.02,314.45,1.0
2018-08-18 11:35:00,89.55512,36.75873,973.04,271.95,84.1,281.1,11.27,-5.2,-47.62,114.14,77.02,299.77,313.98,113.26,77.14,299.96,314.33,1.0
2018-08-18 11:35:00,89.55512,36.75869,973.066,271.96,84.1,280.9,12.39,-5.35,-46.87,112.5,76.95,299.86,313.81,113.34,77.12,299.91,314.15,1.0
2018-08-18 11:35:00,89.55512,36.75865,973.094,271.96,84.1,280.7,15.25,-5.51,-46.03,112.76,77.09,299.58,313.9,113.31,77.09,299.89,313.95,1.0
2018-08-18 11:35:00,89.55512,36.75862,973.03,271.96,84.2,281.2,14.24,-5.5,-45.27,112.5,76.95,299.95,313.8,113.2,77.04,299.9,313.78,1.0
2018-08-18 11:35:00,89.55512,36.75858,973.054,271.95,84.2,281.0,15.29,-5.75,-44.87,113.35,77.16,299.68,313.51,113.05,76.97,300.04,313.75,1.0
2018-08-18 11:35:00,89.55512,36.75853,973.076,271.95,84.2,280.8,17.01,-5.59,-44.65,112.56,77.09,300.14,313.8,112.91,76.89,300.13,313.73,1.0
2018-08-18 11:35:00,89.55512,36.75849,973.108,271.95,84.2,280.6,18.2,-5.47,-44.38,112.63,77.02,299.76,313.71,112.83,76.8,300.19,313.74,1.0
2018-08-18 11:35:00,89.55512,36.75844,973.147,271.95,84.2,280.3,18.63,-5.54,-44.05,112.7,77.16,299.86,313.9,112.83,76.72,300.26,313.78,1.0
2018-08-18 11:35:00,89.55512,36.75839,973.131,271.96,84.2,280.4,19.1,-5.56,-43.92,112.7,77.09,300.08,313.52,112.92,76.64,300.31,313.85,1.0
2018-08-18 11:35:00,89.55512,36.75835,973.127,271.95,84.2,280.4,19.24,-5.09,-43.73,112.24,77.02,301.0,314.6,113.08,76.58,300.33,313.91,1.0
2018-08-18 11:35:00,89.55512,36.7583,973.154,271.95,84.2,280.2,20.07,-5.01,-43.73,112.7,76.88,300.08,313.84,113.27,76.54,300.33,314.01,1.0
2018-08-18 11:35:00,89.55512,36.75825,973.157,271.95,84.2,280.2,20.76,-4.91,-43.81,112.96,76.88,299.86,313.8,113.43,76.52,300.3,314.06,1.0
2018-08-18 11:35:00,89.55512,36.75821,973.145,271.95,84.2,280.3,21.02,-4.68,-44.01,112.96,76.95,299.95,313.8,113.51,76.54,300.26,314.07,1.0
2018-08-18 11:35:00,89.55512,36.75816,973.198,271.95,84.3,279.8,20.88,-4.36,-44.35,112.5,77.02,299.58,313.6,113.47,76.58,300.2,314.07,1.0
2018-08-18 11:35:00,89.55512,36.75811,973.219,271.95,84.3,279.7,21.27,-4.08,-44.6,112.96,76.95,299.78,313.6,113.29,76.64,300.13,314.05,1.0
2018-08-18 11:35:00,89.55512,36.75805,973.213,271.95,84.3,279.7,19.33,-3.96,-44.87,113.68,77.02,299.86,313.82,112.96,76.72,299.98,313.96,1.0
2018-08-18 11:35:00,89.55512,36.758,973.219,271.95,84.3,279.7,17.52,-3.88,-46.73,112.56,76.81,299.76,314.15,112.52,76.81,299.99,313.92,1.0
2018-08-18 11:35:00,89.55512,36.75794,973.231,271.95,84.3,279.6,16.25,-3.84,-47.99,113.94,76.95,299.94,313.78,112.01,76.89,300.07,313.9,1.0
2018-08-18 11:35:00,89.55512,36.75788,973.244,271.94,84.3,279.5,15.0,-3.83,-47.91,111.98,76.88,299.93,313.59,111.51,76.96,300.17,313.9,1.0
2018-08-18 11:35:00,89.55512,36.75783,973.307,271.95,84.3,279.0,12.24,-3.82,-48.72,112.89,77.02,300.22,313.71,111.07,77.02,300.26,313.92,1.0
2018-08-18 11:35:00,89.55512,36.75777,973.298,271.95,84.3,279.0,9.65,-3.85,-48.95,111.91,77.09,300.03,313.8,110.74,77.05,300.33,313.94,1.0
2018-08-18 11:35:00,89.55512,36.75771,973.297,271.95,84.3,279.0,6.24,-3.67,-49.09,113.35,76.81,300.79,313.37,110.56,77.05,300.39,313.9,1.0
2018-08-18 11:35:00,89.55512,36.75766,973.294,271.95,84.4,279.1,4.54,-3.74,-49.36,112.37,76.95,300.56,313.47,110.54,77.03,300.43,313.94,1.0
2018-08-18 11:35:00,89.55512,36.7576,973.3,271.95,84.4,279.0,5.44,-3.91,-49.32,113.09,76.95,300.46,313.42,110.65,76.98,300.44,314.02,1.0
2018-08-18 11:35:00,89.55512,36.75754,973.368,271.95,84.4,278.5,8.34,-3.7,-48.31,111.78,76.95,300.2,313.68,110.87,76.92,300.42,314.08,1.0
2018-08-18 11:35:00,89.55512,36.75749,973.397,271.95,84.4,278.2,10.84,-3.72,-47.92,112.96,77.02,299.96,313.76,111.14,76.84,300.36,314.13,1.0
2018-08-18 11:35:00,89.55512,36.75743,973.309,271.94,84.4,278.9,10.34,-3.69,-47.45,111.13,77.02,299.74,313.77,111.42,76.76,300.28,314.16,1.0
2018-08-18 11:35:00,89.55512,36.75737,973.295,271.94,84.4,279.1,9.31,-3.61,-47.38,112.5,76.88,300.01,314.54,111.67,76.69,300.15,314.2,1.0
2018-08-18 11:35:00,89.55512,36.75731,973.342,271.94,84.4,278.7,7.16,-3.47,-47.54,113.28,76.88,300.04,314.73,111.87,76.62,300.01,314.24,1.0
2018-08-18 11:35:00,89.55512,36.75725,973.34,271.94,84.4,278.7,3.92,-3.3,-47.71,112.7,77.02,299.86,314.69,112.01,76.57,299.95,314.3,1.0
2018-08-18 11:35:00,89.55512,36.75719,973.353,271.94,84.4,278.6,2.49,-3.4,-48.22,111.91,76.95,299.92,314.97,112.13,76.55,300.02,314.4,1.0
2018-08-18 11:35:00,89.55512,36.75713,973.411,271.94,84.4,278.1,4.09,-3.48,-48.21,112.5,77.02,299.94,314.79,112.24,76.54,300.15,314.48,1.0
2018-08-18 11:35:00,89.55512,36.75707,973.385,271.94,84.4,278.3,4.34,-3.29,-48.25,112.56,76.81,300.03,314.53,112.39,76.57,300.22,314.52,1.0
2018-08-18 11:35:00,89.55512,36.75701,973.352,271.94,84.4,278.6,2.98,-3.17,-48.08,112.63,76.67,299.94,314.21,112.59,76.62,300.26,314.49,1.0
2018-08-18 11:35:00,89.55512,36.75695,973.386,271.94,84.5,278.3,0.98,-3.17,-47.61,111.72,76.95,300.49,314.38,112.87,76.69,300.31,314.4,1.0
2018-08-18 11:35:00,89.55512,36.75689,973.447,271.94,84.5,277.8,0.23,-2.98,-47.0,111.91,76.88,301.65,314.59,113.22,76.78,300.36,314.31,1.0
2018-08-18 11:35:00,89.55512,36.75683,973.47,271.94,84.5,277.6,1.26,-2.89,-47.07,112.17,76.81,300.84,314.04,113.6,76.88,300.4,314.23,1.0
2018-08-18 11:35:00,89.55512,36.75677,973.508,271.94,84.5,277.3,1.52,-3.05,-46.96,113.48,76.95,300.12,313.73,113.97,76.98,300.42,314.11,1.0
2018-08-18 11:35:00,89.55512,36.75671,973.541,271.94,84.5,277.0,1.58,-3.19,-46.68,112.76,76.81,299.73,313.56,114.28,77.08,300.42,313.98,1.0
2018-08-18 11:35:00,89.55512,36.75665,973.567,271.94,84.5,276.8,2.24,-3.19,-46.59,112.3,76.81,299.82,313.46,114.46,77.16,300.4,313.87,1.0
2018-08-18 11:35:00,89.55511,36.75658,973.608,271.94,84.5,276.5,3.89,-3.06,-47.04,111.98,77.09,299.93,313.77,114.47,77.23,300.35,313.77,1.0
2018-08-18 11:35:00,89.55511,36.75652,973.555,271.94,84.5,276.9,5.32,-3.07,-47.42,112.17,76.95,299.94,314.27,114.27,77.28,300.2,313.65,1.0
2018-08-18 11:35:00,89.55511,36.75645,973.522,271.94,84.5,277.2,4.62,-3.03,-48.0,113.55,76.88,299.94,314.09,113.89,77.3,300.07,313.57,1.0
2018-08-18 11:35:00,89.55511,36.75639,973.551,271.94,84.6,277.0,2.87,-2.99,-47.88,113.09,76.95,299.94,313.66,113.33,77.3,300.05,313.55,1.0
2018-08-18 11:35:00,89.55511,36.75632,973.584,271.93,84.6,276.7,1.85,-2.87,-47.42,112.56,76.81,300.21,313.56,112.68,77.27,300.08,313.57,1.0
2018-08-18 11:35:00,89.55511,36.75626,973.574,271.93,84.6,276.8,2.06,-2.76,-47.14,112.63,76.88,299.92,313.95,111.99,77.23,300.13,313.6,1.0
2018-08-18 11:35:00,89.55511,36.75619,973.655,271.94,84.6,276.1,1.49,-2.95,-47.38,114.33,77.02,300.2,313.76,111.36,77.18,300.19,313.63,1.0
2018-08-18 11:35:00,89.55511,36.75612,973.68,271.94,84.6,275.9,0.59,-2.89,-48.08,112.7,77.02,299.92,313.87,110.86,77.12,300.25,313.61,1.0
2018-08-18 11:35:00,89.55511,36.75606,973.636,271.94,84.6,276.3,-2.17,-2.89,-49.03,111.39,77.02,300.01,313.76,110.55,77.05,300.3,313.62,1.0
2018-08-18 11:35:00,89.55511,36.75599,973.611,271.94,84.6,276.5,-4.29,-2.93,-49.66,112.11,77.09,299.83,313.76,110.47,77.0,300.37,313.6,1.0
2018-08-18 11:35:00,89.55511,36.75593,973.649,271.93,84.6,276.2,-3.9,-3.03,-49.72,112.44,76.88,299.92,313.48,110.62,76.94,300.44,313.55,1.0
2018-08-18 11:35:00,89.55511,36.75586,973.639,271.93,84.6,276.2,-0.59,-3.18,-49.49,112.5,77.02,300.02,313.59,110.97,76.9,300.46,313.54,1.0
2018-08-18 11:35:00,89.55511,36.75579,973.659,271.93,84.6,276.1,2.44,-3.19,-49.78,112.89,76.88,299.83,313.58,111.45,76.87,300.43,313.52,1.0
2018-08-18 11:35:00,89.55511,36.75573,973.633,271.93,84.6,276.3,2.93,-3.23,-49.66,112.37,76.95,300.1,313.77,112.0,76.86,300.4,313.46,1.0
2018-08-18 11:35:00,89.55511,36.75566,973.666,271.93,84.6,276.0,1.22,-3.39,-49.62,111.39,76.88,300.33,313.54,112.55,76.85,300.36,313.43,1.0
2018-08-18 11:35:00,89.55511,36.75559,973.732,271.94,84.6,275.5,-0.76,-3.36,-49.59,112.5,76.88,300.7,312.98,113.0,76.85,300.34,313.47,1.0
2018-08-18 11:35:00,89.55511,36.75552,973.738,271.94,84.7,275.4,-1.73,-3.04,-49.38,112.04,77.02,300.27,313.76,113.32,76.86,300.35,313.56,1.0
2018-08-18 11:35:00,89.55511,36.75545,973.78,271.93,84.7,275.1,-3.56,-3.36,-49.19,113.09,76.95,300.09,313.76,113.48,76.87,300.43,313.66,1.0
2018-08-18 11:35:00,89.55511,36.75538,973.795,271.94,84.7,275.0,-3.82,-3.5,-50.47,112.24,77.02,300.09,313.25,113.45,76.89,300.43,313.71,1.0
2018-08-18 11:35:00,89.55511,36.75532,973.809,271.93,84.7,274.9,-2.63,-3.62,-50.65,112.89,76.95,300.19,313.56,113.28,76.92,300.44,313.79,1.0
2018-08-18 11:35:00,89.55511,36.75525,973.843,271.93,84.7,274.6,-1.95,-3.38,-50.25,112.96,76.95,300.14,313.99,113.01,76.96,300.41,313.89,1.0
2018-08-18 11:35:00,89.55511,36.75518,973.896,271.94,84.7,274.1,-1.57,-2.91,-49.9,112.37,76.95,300.66,314.55,112.69,77.0,300.36,313.95,1.0
2018-08-18 11:35:00,89.55511,36.75511,973.857,271.93,84.7,274.5,1.82,-2.99,-50.04,113.35,76.81,300.67,314.26,112.38,77.05,300.34,313.9,1.0
2018-08-18 11:35:00,89.55511,36.75504,973.877,271.93,84.7,274.3,5.57,-3.25,-52.37,111.78,76.95,299.92,313.95,112.13,77.1,300.34,313.84,1.0
2018-08-18 11:35:00,89.55511,36.75497,973.864,271.93,84.8,274.4,6.27,-3.0,-52.83,112.5,77.02,299.99,314.46,111.99,77.15,300.33,313.81,1.0
2018-08-18 11:35:00,89.55511,36.7549,973.86,271.93,84.8,274.4,6.19,-3.05,-52.62,112.37,76.88,300.18,314.6,111.96,77.2,300.31,313.77,1.0
2018-08-18 11:35:00,89.55511,36.75483,973.877,271.93,84.8,274.3,6.14,-3.27,-52.32,112.17,76.88,300.27,314.23,112.05,77.25,300.27,313.67,1.0
2018-08-18 11:35:00,89.55511,36.75473,973.881,271.93,84.8,274.3,6.67,-3.21,-52.11,112.17,77.16,300.08,313.73,112.23,77.28,300.21,313.55,1.0
2018-08-18 11:35:00,89.55511,36.75462,973.856,271.93,84.8,274.5,10.67,-3.21,-51.55,112.24,76.95,300.09,313.72,112.46,77.3,300.1,313.44,1.0
2018-08-18 11:35:00,89.5551,36.75451,973.903,271.93,84.8,274.1,10.55,-3.29,-52.0,112.89,77.02,300.09,313.54,112.68,77.3,300.08,313.41,1.0
2018-08-18 11:35:00,89.5551,36.7544,973.912,271.93,84.8,274.0,9.82,-3.51,-52.08,113.28,76.95,300.0,313.64,112.85,77.28,300.08,313.36,1.0
2018-08-18 11:35:00,89.5551,36.75429,973.887,271.93,84.8,274.2,8.86,-3.56,-51.48,112.37,77.02,300.19,313.73,112.93,77.26,300.08,313.31,1.0
2018-08-18 11:35:00,89.5551,36.75418,973.87,271.93,84.8,274.4,7.81,-3.45,-50.52,112.7,77.09,299.9,313.74,112.87,77.22,300.09,313.3,1.0
2018-08-18 11:35:00,89.5551,36.75406,973.902,271.93,84.8,274.1,7.18,-3.72,-50.34,111.26,76.88,300.08,313.45,112.68,77.17,300.1,313.32,1.0
2018-08-18 11:35:00,89.5551,36.75396,974.01,271.92,84.8,273.2,5.13,-3.74,-50.53,112.76,77.09,299.99,313.45,112.34,77.13,300.03,313.24,1.0
2018-08-18 11:35:00,89.5551,36.75387,974.003,271.92,84.8,273.3,3.5,-3.61,-50.48,112.96,76.95,299.9,313.44,111.89,77.09,300.04,313.21,1.0
2018-08-18 11:35:00,89.5551,36.75382,973.959,271.92,84.9,273.6,2.62,-3.61,-50.76,112.17,77.16,299.9,313.44,111.35,77.06,300.07,313.2,1.0
2018-08-18 11:35:00,89.5551,36.75377,973.974,271.93,84.9,273.5,1.86,-3.63,-51.37,112.7,77.02,300.09,313.74,110.79,77.04,300.08,313.18,1.0
2018-08-18 11:35:00,89.5551,36.75372,974.059,271.93,84.9,272.8,0.45,-3.46,-51.88,113.28,77.23,300.17,313.4,110.25,77.04,300.1,313.15,1.0
2018-08-18 11:35:00,89.5551,36.75367,974.098,271.93,84.9,272.5,-0.72,-3.85,-52.42,111.98,76.88,299.51,312.46,109.78,77.06,300.12,313.13,1.0
2018-08-18 11:35:00,89.5551,36.75362,974.064,271.92,84.9,272.8,-0.81,-3.96,-52.62,112.96,76.88,299.9,312.94,109.44,77.09,300.14,313.11,1.0
2018-08-18 11:35:00,89.5551,36.75357,974.022,271.92,84.9,273.1,-0.58,-3.88,-52.86,112.04,77.02,300.07,313.17,109.27,77.13,300.17,313.1,1.0
2018-08-18 11:35:00,89.5551,36.75352,974.012,271.93,84.9,273.2,-0.98,-3.92,-53.23,110.73,76.88,299.82,313.43,109.28,77.17,300.22,313.11,1.0
2018-08-18 11:35:00,89.5551,36.75347,974.074,271.93,84.9,272.7,-2.4,-4.26,-53.6,112.11,77.02,300.09,313.33,109.48,77.22,300.3,313.15,1.0
2018-08-18 11:35:00,89.5551,36.75342,974.08,271.93,84.9,272.6,-2.45,-4.0,-53.25,112.56,77.09,300.19,313.53,109.86,77.26,300.34,313.26,1.0
2018-08-18 11:35:00,89.5551,36.75337,974.1,271.93,84.9,272.5,-3.16,-3.97,-52.91,111.32,77.23,300.18,313.62,110.39,77.31,300.43,313.4,1.0
2018-08-18 11:35:00,89.5551,36.75332,974.137,271.93,84.9,272.2,-5.09,-4.14,-52.83,111.78,77.3,300.09,313.32,111.03,77.34,300.43,313.44,1.0
2018-08-18 11:35:00,89.5551,36.75327,974.169,271.93,85.0,271.9,-7.3,-4.28,-52.4,112.63,77.02,300.45,313.58,111.72,77.37,300.4,313.46,1.0
2018-08-18 11:35:00,89.5551,36.75323,974.173,271.93,85.0,271.9,-8.78,-4.31,-51.48,110.73,76.81,300.45,313.71,112.41,77.39,300.38,313.47,1.0
2018-08-18 11:35:00,89.5551,36.75319,974.109,271.92,85.0,272.4,-8.27,-4.46,-50.7,111.72,76.95,300.2,314.26,113.04,77.41,300.34,313.47,1.0
2018-08-18 11:35:00,89.5551,36.75315,974.187,271.92,85.0,271.8,-6.47,-4.2,-49.94,112.3,77.02,300.09,313.34,113.55,77.42,300.16,313.46,1.0
2018-08-18 11:35:00,89.5551,36.75311,974.151,271.92,85.0,272.1,-5.13,-3.9,-48.75,112.56,77.23,300.08,313.52,113.92,77.44,300.11,313.52,1.0
2018-08-18 11:35:00,89.5551,36.75307,974.141,271.92,85.0,272.1,-2.12,-3.79,-47.82,111.78,77.16,300.26,313.52,114.1,77.45,300.1,313.61,1.0
2018-08-18 11:35:00,89.5551,36.75303,974.223,271.93,85.0,271.5,0.95,-3.8,-47.49,112.44,77.23,300.17,313.71,114.11,77.47,300.06,313.69,1.0
2018-08-18 11:35:00,89.5551,36.753,974.336,271.93,85.0,270.5,1.25,-3.71,-47.8,112.96,77.09,300.12,313.67,113.94,77.49,299.99,313.77,1.0
2018-08-18 11:35:00,89.5551,36.75296,974.281,271.93,85.0,271.0,0.46,-3.45,-48.13,110.8,77.09,298.64,313.31,113.62,77.5,299.87,313.81,1.0
2018-08-18 11:35:00,89.5551,36.75292,974.333,271.92,85.0,270.6,-0.91,-3.49,-48.01,111.91,77.09,299.68,313.68,113.2,77.52,299.85,313.84,1.0
2018-08-18 11:35:00,89.5551,36.75288,974.337,271.92,85.0,270.5,-2.5,-3.38,-48.15,112.3,77.3,300.09,314.26,112.71,77.53,299.85,313.85,1.0
2018-08-18 11:35:00,89.5551,36.75284,974.315,271.92,85.0,270.7,-3.4,-3.31,-48.6,112.89,77.02,300.07,314.11,112.21,77.54,299.83,313.84,1.0
2018-08-18 11:35:00,89.5551,36.7528,974.359,271.92,85.0,270.4,-3.16,-3.43,-49.21,113.15,77.23,299.83,314.23,111.75,77.53,299.81,313.8,1.0
2018-08-18 11:35:00,89.5551,36.75276,974.319,271.92,85.1,270.7,-2.95,-3.34,-49.66,112.37,77.02,298.82,314.47,111.35,77.51,299.78,313.75,1.0
2018-08-18 11:35:00,89.5551,36.75271,974.347,271.92,85.1,270.5,-3.69,-3.68,-50.55,112.37,77.23,300.06,313.37,111.06,77.48,299.8,313.8,1.0
2018-08-18 11:35:00,89.5551,36.75266,974.368,271.92,85.1,270.3,-3.69,-3.95,-51.01,112.96,77.3,300.08,313.4,110.88,77.43,299.71,313.8,1.0
2018-08-18 11:35:00,89.5551,36.75261,974.381,271.92,85.1,270.2,-3.1,-4.0,-51.18,110.86,77.23,300.18,313.4,110.83,77.37,299.63,313.71,1.0
2018-08-18 11:35:00,89.5551,36.75256,974.405,271.92,85.1,270.0,-2.11,-3.93,-50.99,110.8,77.3,300.27,313.49,110.9,77.3,299.59,313.57,1.0
2018-08-18 11:35:00,89.55509,36.75252,974.466,271.92,85.1,269.5,-0.84,-4.02,-50.2,112.17,77.23,300.02,313.56,111.08,77.24,299.57,313.45,1.0
2018-08-18 11:35:00,89.55509,36.75247,974.415,271.92,85.1,269.9,-0.26,-3.81,-49.43,112.3,77.3,299.06,314.58,111.34,77.17,299.69,313.34,1.0
2018-08-18 11:35:00,89.55509,36.75242,974.45,271.92,85.1,269.6,1.06,-4.03,-48.4,111.91,76.95,298.96,314.87,111.66,77.12,299.71,313.35,1.0
2018-08-18 11:35:00,89.55509,36.75237,974.488,271.92,85.1,269.3,1.03,-4.18,-47.64,112.56,77.23,299.86,313.86,112.01,77.09,299.74,313.4,1.0
2018-08-18 11:35:00,89.55509,36.75232,974.494,271.92,85.1,269.3,1.2,-4.24,-47.02,111.78,77.09,299.86,313.5,112.35,77.09,299.82,313.5,1.0
2018-08-18 11:35:00,89.55509,36.75227,974.492,271.92,85.1,269.3,3.05,-4.31,-46.29,112.83,77.23,299.93,313.5,112.65,77.11,299.92,313.64,1.0
2018-08-18 11:35:00,89.55509,36.75222,974.501,271.92,85.2,269.2,1.87,-4.15,-45.22,112.11,77.3,300.07,313.79,112.88,77.16,299.99,313.72,1.0
2018-08-18 11:35:00,89.55509,36.75218,974.51,271.92,85.2,269.1,3.62,-4.08,-44.94,112.37,77.16,299.67,313.4,113.0,77.24,300.14,313.67,1.0
2018-08-18 11:35:00,89.55509,36.75213,974.535,271.92,85.2,268.9,4.76,-4.14,-43.87,110.86,77.43,299.86,313.2,113.0,77.32,300.27,313.57,1.0
2018-08-18 11:35:00,89.55509,36.75208,974.558,271.92,85.2,268.7,5.26,-4.12,-42.51,112.17,77.02,300.26,313.82,112.86,77.42,300.34,313.52,1.0
2018-08-18 11:35:00,89.55509,36.75204,974.548,271.92,85.2,268.8,5.21,-3.98,-41.34,111.85,77.09,300.25,313.72,112.58,77.51,300.37,313.51,1.0
2018-08-18 11:35:00,89.55509,36.75199,974.478,271.92,85.2,269.4,3.92,-3.98,-40.02,112.3,77.09,300.06,312.92,112.18,77.6,300.42,313.48,1.0
2018-08-18 11:35:00,89.55509,36.75195,974.513,271.92,85.2,269.1,4.75,-3.87,-39.42,112.24,77.23,300.08,313.4,111.67,77.66,300.43,313.44,1.0
2018-08-18 11:35:00,89.55509,36.7519,974.529,271.92,85.2,269.0,4.63,-3.83,-38.93,113.28,77.36,300.26,313.39,111.12,77.7,300.47,313.4,1.0
2018-08-18 11:35:00,89.55509,36.75186,974.513,271.92,85.2,269.1,5.87,-3.86,-38.5,112.11,77.16,300.06,313.1,110.58,77.73,300.51,313.38,1.0
2018-08-18 11:35:00,89.55509,36.75181,974.511,271.92,85.2,269.1,8.9,-4.0,-38.26,112.17,77.3,300.06,313.49,110.12,77.73,300.52,313.34,1.0
2018-08-18 11:35:00,89.55509,36.75176,974.62,271.91,85.2,268.2,12.78,-4.22,-38.36,112.3,77.3,300.44,313.39,109.78,77.72,300.51,313.3,1.0
2018-08-18 11:35:00,89.55509,36.75172,974.613,271.91,85.2,268.3,14.54,-4.0,-38.41,110.93,77.43,299.97,313.48,109.63,77.7,300.55,313.33,1.0
2018-08-18 11:35:00,89.55509,36.75167,974.572,271.91,85.2,268.6,14.21,-3.92,-38.83,112.37,77.3,300.16,313.19,109.68,77.69,300.58,313.37,1.0
2018-08-18 11:35:00,89.55509,36.75163,974.584,271.91,85.2,268.5,12.2,-3.9,-39.02,111.58,77.43,300.25,313.39,109.96,77.68,300.61,313.45,1.0
2018-08-18 11:35:00,89.55509,36.75158,974.644,271.91,85.3,268.0,10.85,-3.83,-38.99,111.65,77.09,300.34,313.49,110.43,77.69,300.63,313.56,1.0
2018-08-18 11:35:00,89.55509,36.75154,974.686,271.92,85.3,267.7,11.5,-3.67,-38.94,111.58,77.36,300.43,313.38,111.05,77.7,300.63,313.64,1.0
2018-08-18 11:35:00,89.55509,36.75149,974.654,271.92,85.3,268.0,12.04,-3.49,-39.06,111.58,77.3,300.14,313.38,111.76,77.71,300.62,313.67,1.0
2018-08-18 11:35:00,89.55509,36.75146,974.736,271.92,85.3,267.3,12.7,-3.6,-38.96,110.93,77.3,300.05,313.18,112.47,77.72,300.59,313.64,1.0
2018-08-18 11:35:00,89.55509,36.75144,974.741,271.92,85.3,267.2,11.19,-3.78,-38.89,111.45,77.3,300.34,314.04,113.12,77.71,300.56,313.58,1.0
2018-08-18 11:35:00,89.55509,36.75141,974.703,271.92,85.3,267.5,9.61,-3.94,-38.81,112.7,77.36,300.33,314.05,113.65,77.68,300.52,313.52,1.0
2018-08-18 11:35:00,89.55509,36.75139,974.685,271.91,85.3,267.7,9.44,-3.99,-38.78,111.91,77.5,300.23,314.26,114.0,77.64,300.46,313.47,1.0
2018-08-18 11:35:00,89.55508,36.75137,974.689,271.92,85.3,267.7,10.96,-3.84,-38.89,112.56,77.3,300.33,313.97,114.16,77.56,300.36,313.46,1.0
2018-08-18 11:35:00,89.55508,36.75134,974.732,271.91,85.3,267.3,12.03,-4.16,-38.39,112.04,77.43,300.33,313.52,114.16,77.47,300.35,313.45,1.0
2018-08-18 11:35:00,89.55508,36.75132,974.777,271.91,85.3,266.9,11.56,-4.53,-38.07,112.7,77.5,300.33,313.36,114.0,77.37,300.27,313.47,1.0
2018-08-18 11:35:00,89.55508,36.7513,974.785,271.91,85.3,266.9,10.94,-4.73,-37.57,109.75,77.43,300.14,313.46,113.76,77.27,300.2,313.54,1.0
2018-08-18 11:35:00,89.55508,36.75127,974.778,271.91,85.4,266.9,11.17,-4.89,-37.15,112.5,77.36,300.01,313.33,113.47,77.18,300.2,313.62,1.0
2018-08-18 11:35:00,89.55508,36.75124,974.834,271.91,85.4,266.5,12.36,-5.14,-37.26,112.7,77.3,299.52,313.55,113.18,77.13,300.3,313.64,1.0
2018-08-18 11:35:00,89.55508,36.7512,974.814,271.91,85.4,266.6,10.78,-5.13,-37.95,113.74,77.3,300.12,313.45,112.91,77.11,300.3,313.65,1.0
2018-08-18 11:35:00,89.55508,36.75116,974.843,271.92,85.4,266.4,8.53,-5.08,-38.49,112.3,77.43,299.47,313.36,112.67,77.13,300.28,313.7,1.0
2018-08-18 11:35:00,89.55508,36.75112,974.879,271.92,85.4,266.1,6.04,-4.97,-38.44,112.56,77.43,299.29,313.93,112.44,77.19,300.27,313.73,1.0
2018-08-18 11:35:00,89.55508,36.75108,974.909,271.91,85.4,265.9,4.29,-4.86,-38.16,111.13,77.02,299.95,313.92,112.2,77.28,300.25,313.72,1.0
2018-08-18 11:35:00,89.55508,36.75104,974.926,271.92,85.4,265.7,3.97,-4.84,-38.02,110.93,77.36,301.22,313.2,111.9,77.39,300.25,313.67,1.0
2018-08-18 11:35:00,89.55508,36.75099,974.93,271.91,85.4,265.7,4.78,-5.14,-38.41,112.63,77.3,299.86,313.35,111.51,77.5,300.28,313.58,1.0
2018-08-18 11:35:00,89.55508,36.75095,974.926,271.91,85.4,265.7,5.7,-5.13,-39.37,112.44,77.43,299.9,313.18,111.01,77.6,300.25,313.5,1.0
2018-08-18 11:35:00,89.55508,36.75091,974.897,271.91,85.4,266.0,6.64,-4.84,-39.81,111.85,77.3,300.0,313.47,110.42,77.68,300.3,313.43,1.0
2018-08-18 11:35:00,89.55508,36.75087,974.914,271.91,85.4,265.8,7.22,-4.55,-39.87,113.02,77.43,300.41,313.17,109.77,77.72,300.38,313.29,1.0
2018-08-18 11:35:00,89.55508,36.75083,974.988,271.91,85.4,265.2,8.09,-4.37,-39.92,112.5,77.43,300.42,313.45,109.12,77.73,300.41,313.18,1.0
2018-08-18 11:35:00,89.55508,36.75079,974.962,271.91,85.4,265.4,11.01,-4.29,-40.32,111.58,77.43,300.41,313.46,108.55,77.7,300.39,313.18,1.0
2018-08-18 11:35:00,89.55508,36.75075,974.926,271.91,85.5,265.7,13.61,-4.08,-39.85,112.37,77.43,300.22,313.25,108.14,77.65,300.48,313.23,1.0
2018-08-18 11:35:00,89.55507,36.75072,974.954,271.91,85.5,265.5,9.88,-4.2,-41.33,112.83,77.36,300.41,313.26,107.98,77.6,300.6,313.31,1.0
2018-08-18 11:35:00,89.55507,36.75068,974.995,271.91,85.5,265.2,5.03,-4.29,-42.04,110.67,77.43,300.32,313.37,108.11,77.54,300.71,313.41,1.0
2018-08-18 11:35:00,89.55507,36.75064,975.02,271.91,85.5,265.0,1.52,-4.32,-41.9,110.21,77.3,300.6,313.56,108.55,77.5,300.81,313.51,1.0
2018-08-18 11:35:00,89.55507,36.75061,975.032,271.91,85.5,264.9,0.36,-4.28,-41.42,111.13,77.43,300.33,313.46,109.28,77.47,300.87,313.63,1.0
2018-08-18 11:35:00,89.55507,36.75057,975.078,271.91,85.5,264.5,0.63,-3.91,-40.48,111.91,77.43,300.31,313.65,110.23,77.47,300.87,313.83,1.0
2018-08-18 11:35:00,89.55507,36.75054,975.073,271.91,85.5,264.5,0.05,-4.14,-40.35,111.52,77.43,300.3,313.26,111.31,77.49,300.89,313.86,1.0
2018-08-18 11:35:00,89.55507,36.7505,975.058,271.91,85.5,264.6,-2.49,-4.14,-40.22,109.88,77.43,300.31,313.26,112.4,77.52,300.82,313.9,1.0
2018-08-18 11:35:00,89.55507,36.75046,975.072,271.91,85.5,264.5,-4.0,-4.01,-40.01,112.17,77.36,300.41,313.36,113.38,77.55,300.69,313.91,1.0
2018-08-18 11:35:00,89.55507,36.75043,975.129,271.91,85.5,264.1,-3.76,-3.93,-39.82,111.06,77.5,300.24,313.65,114.15,77.58,300.56,313.89,1.0
2018-08-18 11:35:00,89.55507,36.75039,975.184,271.9,85.5,263.6,-4.02,-4.08,-39.86,112.56,77.3,299.68,314.91,114.62,77.59,300.48,313.84,1.0
2018-08-18 11:35:00,89.55507,36.75036,975.147,271.91,85.5,263.9,-3.84,-3.82,-40.74,111.78,77.36,300.23,313.53,114.76,77.59,300.4,313.77,1.0
2018-08-18 11:35:00,89.55507,36.75033,975.162,271.91,85.6,263.8,-4.87,-3.77,-41.12,111.91,77.43,299.72,313.8,114.57,77.57,300.2,313.61,1.0
2018-08-18 11:35:00,89.55507,36.75034,975.237,271.91,85.6,263.2,-6.86,-3.73,-41.87,111.98,77.5,299.46,313.94,114.09,77.54,300.03,313.54,1.0
2018-08-18 11:35:00,89.55507,36.75034,975.276,271.91,85.6,262.9,-8.15,-3.59,-42.76,111.52,77.43,299.9,314.25,113.4,77.5,299.97,313.56,1.0
2018-08-18 11:35:00,89.55507,36.75034,975.129,271.9,85.6,264.1,-6.92,-3.41,-43.19,112.44,77.64,300.68,314.05,112.57,77.46,299.99,313.54,1.0
2018-08-18 11:35:00,89.55507,36.75034,975.249,271.91,85.6,263.1,-4.04,-3.7,-43.35,112.76,77.43,300.4,314.05,111.72,77.43,300.01,313.49,1.0
2018-08-18 11:35:00,89.55507,36.75034,975.228,271.91,85.6,263.3,-1.41,-3.45,-43.64,112.04,77.5,299.17,312.78,110.94,77.42,300.04,313.57,1.0
2018-08-18 11:35:00,89.55507,36.75034,975.218,271.91,85.6,263.3,0.38,-3.48,-43.73,111.45,77.36,299.11,313.17,110.3,77.43,300.11,313.59,1.0
2018-08-18 11:35:00,89.55507,36.75034,975.242,271.9,85.6,263.1,1.21,-3.69,-43.75,111.26,77.23,299.76,313.72,109.86,77.46,300.18,313.57,1.0
2018-08-18 11:35:00,89.55507,36.75034,975.254,271.9,85.6,263.1,0.55,-3.83,-43.97,111.72,77.36,300.24,313.34,109.64,77.5,300.22,313.55,1.0
2018-08-18 11:35:00,89.55507,36.75034,975.278,271.91,85.6,262.9,-1.32,-4.12,-44.33,112.5,77.5,299.5,314.08,109.64,77.56,300.18,313.51,1.0
2018-08-18 11:35:00,89.55507,36.75034,975.317,271.91,85.6,262.5,-3.34,-4.35,-44.93,111.58,77.5,300.14,313.74,109.85,77.62,300.13,313.47,1.0
2018-08-18 11:35:00,89.55507,36.75034,975.33,271.91,85.6,262.4,-5.75,-4.6,-45.46,111.13,77.43,299.63,313.36,110.23,77.68,300.21,313.51,1.0
2018-08-18 11:35:00,89.55507,36.75034,975.306,271.91,85.6,262.6,-8.14,-4.85,-45.72,110.86,77.5,299.45,313.23,110.72,77.73,300.27,313.46,1.0
2018-08-18 11:35:00,89.55507,36.75034,975.276,271.91,85.6,262.9,-8.98,-4.97,-45.43,111.65,77.43,299.54,313.14,111.28,77.76,300.24,313.36,1.0
2018-08-18 11:35:00,89.55507,36.75033,975.332,271.91,85.6,262.4,-6.42,-4.86,-44.46,111.78,77.5,299.87,313.05,111.85,77.78,300.18,313.29,1.0
2018-08-18 11:35:00,89.55506,36.75033,975.363,271.91,85.7,262.2,-2.76,-4.76,-43.89,112.11,77.43,300.11,313.44,112.36,77.79,300.2,313.21,1.0
2018-08-18 11:35:00,89.55506,36.75032,975.405,271.91,85.7,261.8,-0.12,-4.57,-43.45,111.13,77.5,300.27,313.44,112.78,77.78,300.2,313.14,1.0
2018-08-18 11:35:00,89.55506,36.75032,975.429,271.91,85.7,261.6,-0.42,-4.69,-43.7,111.72,77.5,300.58,313.34,113.03,77.75,300.24,313.13,1.0
2018-08-18 11:35:00,89.55506,36.75031,975.427,271.91,85.7,261.6,-2.78,-4.84,-43.49,111.45,77.5,300.58,313.33,113.1,77.72,300.33,313.14,1.0
2018-08-18 11:35:00,89.55506,36.75031,975.41,271.9,85.7,261.8,-5.65,-4.71,-42.2,112.24,77.64,300.67,313.33,112.95,77.68,300.43,313.17,1.0
2018-08-18 11:35:00,89.55506,36.7503,975.396,271.91,85.7,261.9,-8.67,-4.52,-42.68,111.72,77.5,300.47,313.35,112.56,77.63,300.53,313.22,1.0
2018-08-18 11:35:00,89.55506,36.7503,975.449,271.91,85.7,261.5,-10.27,-4.56,-42.49,112.3,77.43,300.67,313.34,111.96,77.57,300.61,313.26,1.0
2018-08-18 11:35:00,89.55506,36.75029,975.417,271.91,85.7,261.7,-9.34,-4.62,-42.32,111.06,77.57,300.57,313.44,111.17,77.5,300.66,313.3,1.0
2018-08-18 11:35:00,89.55506,36.75028,975.381,271.91,85.7,262.0,-6.36,-4.73,-42.25,111.91,77.36,300.57,313.14,110.25,77.43,300.65,313.38,1.0
2018-08-18 11:35:00,89.55506,36.75028,975.443,271.91,85.7,261.5,-2.77,-4.81,-42.34,110.73,77.5,300.48,313.04,109.29,77.36,300.59,313.47,1.0
2018-08-18 11:35:00,89.55506,36.75027,975.509,271.91,85.7,261.0,-1.32,-4.69,-42.69,113.55,77.5,300.58,313.44,108.38,77.3,300.58,313.46,1.0
2018-08-18 11:35:00,89.55506,36.75027,975.475,271.91,85.7,261.2,-2.62,-4.57,-43.29,111.52,77.64,300.58,313.14,107.62,77.25,300.55,313.44,1.0
2018-08-18 11:35:00,89.55506,36.75026,975.532,271.91,85.7,260.8,-5.63,-4.59,-44.29,111.91,77.5,300.38,313.41,107.09,77.22,300.39,313.39,1.0
2018-08-18 11:35:00,89.55506,36.75026,975.565,271.91,85.7,260.5,-7.22,-4.76,-44.95,111.32,77.5,300.11,313.72,106.87,77.2,300.29,313.36,1.0
2018-08-18 11:35:00,89.55506,36.75027,975.522,271.91,85.8,260.9,-7.18,-4.96,-45.37,110.47,77.5,299.93,314.17,106.99,77.21,300.28,313.33,1.0
2018-08-18 11:35:00,89.55506,36.75028,975.486,271.91,85.8,261.2,-7.31,-5.03,-46.1,111.32,77.5,300.65,313.34,107.46,77.24,300.26,313.32,1.0
2018-08-18 11:35:00,89.55506,36.7503,975.577,271.91,85.8,260.4,-7.9,-5.21,-46.7,110.34,77.43,300.47,313.33,108.23,77.29,300.24,313.33,1.0
2018-08-18 11:35:00,89.55506,36.75031,975.582,271.91,85.8,260.4,-7.07,-5.27,-46.97,110.47,77.36,299.52,313.14,109.22,77.35,300.1,313.4,1.0
2018-08-18 11:35:00,89.55506,36.75032,975.589,271.91,85.8,260.3,-5.47,-5.35,-47.0,109.56,77.3,299.81,313.35,110.32,77.41,300.07,313.45,1.0
2018-08-18 11:35:00,89.55505,36.75034,975.61,271.91,85.8,260.1,-3.63,-5.33,-46.47,111.26,77.43,300.75,313.68,111.42,77.47,300.16,313.43,1.0
2018-08-18 11:35:00,89.55505,36.75035,975.624,271.91,85.8,260.0,-2.56,-5.2,-45.5,111.78,77.5,300.48,313.72,112.41,77.51,300.28,313.37,1.0
2018-08-18 11:35:00,89.55505,36.75036,975.634,271.9,85.8,260.0,-5.13,-5.41,-45.71,109.95,77.43,300.48,313.97,113.17,77.54,300.35,313.35,1.0
2018-08-18 11:35:00,89.55505,36.75037,975.666,271.91,85.8,259.7,-6.2,-5.18,-46.07,110.6,77.5,299.02,314.16,113.67,77.55,300.41,313.37,1.0
2018-08-18 11:35:00,89.55505,36.75037,975.682,271.91,85.8,259.6,-6.26,-5.07,-45.41,112.3,77.5,299.68,313.97,113.86,77.56,300.58,313.41,1.0
2018-08-18 11:35:00,89.55505,36.75036,975.691,271.91,85.8,259.5,-6.7,-5.09,-44.69,111.91,77.5,300.65,313.29,113.78,77.56,300.68,313.42,1.0
2018-08-18 11:35:00,89.55505,36.75036,975.7,271.91,85.8,259.4,-8.03,-5.16,-44.4,112.04,77.71,300.68,313.2,113.48,77.57,300.66,313.4,1.0
2018-08-18 11:35:00,89.55505,36.75035,975.693,271.91,85.8,259.5,-9.76,-5.13,-44.26,111.19,77.5,300.57,312.58,113.03,77.6,300.59,313.35,1.0
2018-08-18 11:35:00,89.55505,36.75035,975.659,271.91,85.8,259.7,-11.12,-5.12,-43.8,110.73,77.36,300.18,312.56,112.53,77.64,300.53,313.25,1.0
2018-08-18 11:35:00,89.55505,36.75034,975.698,271.92,85.8,259.4,-11.63,-5.19,-43.52,111.65,77.3,300.52,312.83,112.06,77.7,300.63,313.1,1.0
2018-08-18 11:35:00,89.55505,36.75034,975.734,271.92,85.8,259.1,-11.69,-5.31,-43.32,110.73,77.3,300.37,313.12,111.69,77.78,300.63,312.92,1.0
2018-08-18 11:35:00,89.55505,36.75033,975.743,271.91,85.9,259.1,-11.25,-5.41,-43.05,111.58,77.64,300.32,313.42,111.44,77.86,300.57,312.77,1.0
2018-08-18 11:35:00,89.55505,36.75033,975.771,271.91,85.9,258.8,-10.05,-5.41,-42.64,111.45,77.5,299.87,313.34,111.32,77.93,300.57,312.72,1.0
2018-08-18 11:35:00,89.55505,36.75032,975.755,271.91,85.9,259.0,-7.05,-5.32,-42.64,110.86,77.5,299.81,313.43,111.29,77.97,300.56,312.74,1.0
2018-08-18 11:35:00,89.55505,36.75032,975.807,271.91,85.9,258.5,-5.74,-5.61,-42.76,112.04,77.64,299.9,313.13,111.32,77.99,300.62,312.76,1.0
2018-08-18 11:35:00,89.55505,36.75031,975.812,271.91,85.9,258.5,-6.42,-5.64,-43.26,111.45,77.5,299.92,312.41,111.34,77.96,300.65,312.7,1.0
2018-08-18 11:35:00,89.55505,36.75028,975.795,271.91,85.9,258.6,-7.62,-5.64,-43.85,110.93,77.57,299.9,312.71,111.3,77.9,300.68,312.63,1.0
2018-08-18 11:35:00,89.55504,36.75025,975.823,271.91,85.9,258.4,-8.81,-5.79,-44.5,111.39,77.5,300.59,313.12,111.16,77.79,300.73,312.58,1.0
2018-08-18 11:35:00,89.55504,36.75022,975.885,271.91,85.9,257.9,-11.22,-6.03,-45.57,111.85,77.71,300.88,313.13,110.92,77.66,300.85,312.56,1.0
2018-08-18 11:35:00,89.55504,36.7502,975.788,271.91,85.9,258.7,-11.79,-5.63,-45.0,111.72,77.57,301.33,313.32,110.6,77.51,301.02,312.58,1.0
2018-08-18 11:35:00,89.55504,36.75017,975.807,271.91,85.9,258.5,-8.08,-5.45,-44.29,111.65,77.71,301.25,312.38,110.24,77.37,301.19,312.67,1.0
2018-08-18 11:35:00,89.55504,36.75014,975.875,271.91,85.9,258.0,-2.71,-5.41,-43.44,110.8,77.5,301.06,311.75,109.92,77.25,301.31,312.76,1.0
2018-08-18 11:35:00,89.55504,36.75011,975.914,271.91,85.9,257.7,0.6,-5.48,-42.78,110.73,77.57,301.08,311.9,109.69,77.17,301.35,312.77,1.0
2018-08-18 11:35:00,89.55504,36.75008,975.87,271.91,85.9,258.0,-1.28,-5.6,-42.62,112.17,77.57,301.07,312.19,109.62,77.13,301.37,312.7,1.0
2018-08-18 11:35:00,89.55504,36.75005,975.9,271.91,86.0,257.8,-3.56,-5.45,-41.87,110.47,77.43,301.36,312.51,109.72,77.13,301.39,312.64,1.0
2018-08-18 11:35:00,89.55504,36.75002,975.924,271.91,86.0,257.6,-5.03,-5.68,-41.73,110.54,77.36,301.45,313.33,110.01,77.17,301.34,312.56,1.0
2018-08-18 11:35:00,89.55504,36.75,975.966,271.91,86.0,257.2,-6.42,-5.75,-41.24,111.39,77.5,300.7,313.01,110.45,77.24,301.3,312.56,1.0
2018-08-18 11:35:00,89.55504,36.74997,976.008,271.9,86.0,256.9,-7.25,-5.77,-40.69,110.34,77.43,300.31,312.62,110.97,77.34,301.26,312.63,1.0
2018-08-18 11:35:00,89.55504,36.74994,976.003,271.91,86.0,256.9,-7.03,-5.94,-40.54,112.63,77.43,300.78,312.82,111.5,77.44,301.19,312.74,1.0
2018-08-18 11:35:00,89.55504,36.74991,975.987,271.91,86.0,257.1,-6.26,-5.97,-39.99,111.32,77.57,300.64,313.22,111.94,77.54,301.05,312.86,1.0
2018-08-18 11:35:00,89.55504,36.74987,975.982,271.91,86.0,257.1,-3.31,-5.84,-40.03,110.21,77.5,300.73,313.13,112.23,77.63,300.86,312.9,1.0
2018-08-18 11:35:00,89.55504,36.74984,975.972,271.9,86.0,257.2,-2.77,-5.75,-40.56,111.32,77.64,300.73,313.12,112.33,77.71,300.71,312.93,1.0
2018-08-18 11:35:00,89.55504,36.74981,975.951,271.9,86.0,257.4,-2.69,-5.76,-41.32,110.67,77.5,300.73,313.6,112.22,77.77,300.65,313.04,1.0
2018-08-18 11:35:00,89.55504,36.74978,975.935,271.91,86.0,257.5,-1.14,-5.87,-41.95,111.32,77.57,300.67,313.33,111.93,77.82,300.63,313.19,1.0
2018-08-18 11:35:00,89.55504,36.74975,975.997,271.91,86.0,257.0,3.1,-6.0,-42.0,111.39,77.43,299.65,313.23,111.54,77.86,300.58,313.31,1.0
2018-08-18 11:35:00,89.55504,36.74972,976.021,271.91,86.0,256.8,2.48,-6.08,-42.08,111.39,77.43,299.58,312.14,111.13,77.9,300.6,313.36,1.0
2018-08-18 11:35:00,89.55504,36.74969,976.066,271.91,86.0,256.4,1.88,-6.06,-42.07,111.32,77.64,300.43,312.48,110.8,77.93,300.64,313.37,1.0
2018-08-18 11:35:00,89.55504,36.74966,976.074,271.91,86.0,256.4,1.44,-6.22,-42.01,112.17,77.5,300.65,313.01,110.64,77.96,300.68,313.33,1.0
2018-08-18 11:35:00,89.55503,36.74963,976.044,271.91,86.0,256.6,1.27,-6.4,-42.18,111.26,77.5,300.3,313.29,110.71,77.98,300.73,313.25,1.0
2018-08-18 11:35:00,89.55503,36.7496,976.039,271.91,86.0,256.6,1.16,-6.34,-42.75,110.93,77.57,300.39,313.0,111.02,77.98,300.77,313.14,1.0
2018-08-18 11:35:00,89.55503,36.74956,976.061,271.91,86.1,256.5,-0.56,-6.36,-42.84,111.78,77.64,300.88,313.2,111.56,77.97,300.81,313.04,1.0
2018-08-18 11:35:00,89.55503,36.74955,976.086,271.91,86.1,256.3,-0.67,-6.41,-42.04,110.47,77.64,300.73,312.91,112.24,77.95,300.85,313.03,1.0
2018-08-18 11:35:00,89.55503,36.74954,976.114,271.91,86.1,256.0,1.17,-6.44,-41.43,111.13,77.71,300.74,313.3,112.97,77.9,300.81,313.01,1.0
2018-08-18 11:35:00,89.55503,36.74953,976.149,271.91,86.1,255.8,2.84,-6.31,-41.94,109.49,77.5,300.93,313.39,113.62,77.83,300.79,312.99,1.0
2018-08-18 11:35:00,89.55503,36.74952,976.188,271.91,86.1,255.4,3.47,-6.13,-43.1,112.04,77.64,300.71,313.19,114.08,77.76,300.83,313.02,1.0
2018-08-18 11:35:00,89.55503,36.7495,976.209,271.91,86.1,255.3,4.62,-6.36,-42.51,111.0,77.78,299.91,313.3,114.26,77.67,300.86,313.08,1.0
2018-08-18 11:35:00,89.55503,36.74949,976.178,271.91,86.1,255.5,3.51,-6.37,-41.64,111.78,77.5,300.01,313.1,114.11,77.59,300.82,313.1,1.0
2018-08-18 11:35:00,89.55503,36.74948,976.177,271.91,86.1,255.5,2.46,-6.16,-41.62,111.58,77.64,300.07,313.29,113.63,77.52,300.78,313.17,1.0
2018-08-18 11:35:00,89.55503,36.74947,976.205,271.91,86.1,255.3,0.5,-5.98,-41.83,112.56,77.64,300.54,313.48,112.86,77.46,300.76,313.2,1.0
2018-08-18 11:35:00,89.55503,36.74945,976.228,271.91,86.1,255.1,-2.93,-5.96,-41.97,112.17,77.64,300.92,313.09,111.92,77.43,300.75,313.16,1.0
2018-08-18 11:35:00,89.55503,36.74944,976.172,271.91,86.1,255.6,-7.68,-6.07,-41.98,113.15,77.64,300.89,313.32,110.91,77.42,300.76,313.1,1.0
2018-08-18 11:35:00,89.55503,36.74943,976.226,271.91,86.1,255.1,-10.36,-6.08,-41.48,112.04,77.43,300.72,312.04,109.97,77.42,300.75,313.12,1.0
2018-08-18 11:35:00,89.55503,36.74942,976.226,271.91,86.1,255.1,-9.19,-6.05,-41.09,110.54,77.5,300.57,312.86,109.23,77.44,300.81,312.99,1.0
2018-08-18 11:35:00,89.55503,36.74941,976.23,271.91,86.1,255.1,-7.68,-5.99,-40.52,111.52,77.64,301.08,312.49,108.77,77.48,300.89,312.84,1.0
2018-08-18 11:35:00,89.55503,36.74939,976.271,271.91,86.2,254.8,-5.94,-5.95,-39.85,110.34,77.64,300.93,312.03,108.63,77.52,300.93,312.69,1.0
2018-08-18 11:35:00,89.55503,36.74938,976.324,271.91,86.2,254.3,-3.35,-5.82,-39.3,111.72,77.57,301.12,312.6,108.83,77.56,300.94,312.58,1.0
2018-08-18 11:35:00,89.55503,36.74937,976.262,271.91,86.2,254.8,-2.59,-5.14,-39.21,110.34,77.64,299.85,313.57,109.3,77.6,300.95,312.54,1.0
2018-08-18 11:35:00,89.55503,36.74933,976.259,271.91,86.2,254.8,-1.15,-4.74,-38.68,110.86,77.57,300.65,312.42,109.96,77.64,300.97,312.59,1.0
2018-08-18 11:35:00,89.55503,36.74929,976.333,271.91,86.2,254.3,-0.91,-4.66,-38.59,111.19,77.57,300.84,312.45,110.71,77.68,300.92,312.63,1.0
2018-08-18 11:35:00,89.55503,36.74925,976.366,271.91,86.2,254.0,-1.42,-4.69,-38.7,110.8,77.57,300.81,312.63,111.42,77.71,300.94,312.8,1.0
2018-08-18 11:35:00,89.55503,36.74921,976.304,271.91,86.2,254.5,-1.74,-4.68,-38.75,112.24,77.64,301.0,312.6,112.01,77.75,300.99,313.06,1.0
2018-08-18 11:35:00,89.55503,36.74917,976.324,271.91,86.2,254.3,-0.62,-4.63,-38.74,110.54,77.64,300.89,313.28,112.4,77.78,300.96,313.19,1.0
2018-08-18 11:35:00,89.55502,36.74913,976.367,271.91,86.2,254.0,1.05,-4.6,-38.7,112.37,77.5,301.08,313.28,112.56,77.81,301.04,313.2,1.0
2018-08-18 11:35:00,89.55502,36.74909,976.382,271.91,86.2,253.8,2.61,-4.58,-38.4,111.85,77.64,300.32,313.28,112.51,77.83,301.03,313.29,1.0
2018-08-18 11:35:00,89.55502,36.74905,976.369,271.91,86.2,254.0,4.52,-4.6,-38.15,111.39,77.5,301.17,313.93,112.27,77.84,301.01,313.37,1.0
2018-08-18 11:35:00,89.55502,36.74902,976.343,271.91,86.2,254.2,6.76,-4.71,-37.96,110.93,77.64,301.68,314.25,111.92,77.85,301.0,313.42,1.0
2018-08-18 11:35:00,89.55502,36.74898,976.325,271.91,86.2,254.3,8.78,-4.83,-37.91,111.06,77.71,300.89,313.28,111.52,77.84,300.99,313.42,1.0
2018-08-18 11:35:00,89.55502,36.74895,976.372,271.91,86.2,253.9,9.28,-4.59,-39.28,111.98,77.64,300.99,312.99,111.16,77.82,300.99,313.39,1.0
2018-08-18 11:35:00,89.55502,36.74892,976.4,271.91,86.2,253.7,7.25,-4.45,-39.9,110.28,77.64,300.79,313.27,110.87,77.8,301.0,313.36,1.0
2018-08-18 11:35:00,89.55502,36.74888,976.439,271.91,86.2,253.4,5.5,-4.61,-40.54,111.32,77.71,300.89,313.08,110.71,77.77,301.08,313.34,1.0
2018-08-18 11:35:00,89.55502,36.74885,976.47,271.91,86.2,253.1,4.19,-4.66,-41.15,111.52,77.64,300.98,313.27,110.67,77.73,301.06,313.25,1.0
2018-08-18 11:35:00,89.55502,36.74881,976.474,271.91,86.2,253.1,3.57,-4.48,-41.61,111.98,77.57,300.98,313.28,110.74,77.7,300.96,313.13,1.0
2018-08-18 11:35:00,89.55502,36.74878,976.517,271.91,86.3,252.7,5.04,-4.61,-41.86,110.86,77.78,300.9,313.27,110.88,77.67,300.96,313.11,1.0
2018-08-18 11:35:00,89.55502,36.74875,976.534,271.91,86.3,252.6,6.84,-4.48,-42.11,111.52,77.5,300.9,313.07,111.05,77.65,301.05,313.12,1.0
2018-08-18 11:35:00,89.55502,36.74871,976.546,271.91,86.3,252.5,5.76,-4.59,-42.49,111.52,77.85,301.09,313.27,111.22,77.63,301.06,313.15,1.0
2018-08-18 11:35:00,89.55502,36.74868,976.534,271.91,86.3,252.6,3.87,-4.81,-42.42,111.72,77.5,300.55,313.17,111.35,77.61,301.02,313.18,1.0
2018-08-18 11:35:00,89.55502,36.74864,976.504,271.91,86.3,252.9,2.88,-4.99,-41.91,111.06,77.71,300.28,312.79,111.42,77.59,300.99,313.21,1.0
2018-08-18 11:35:00,89.55502,36.74861,976.55,271.91,86.3,252.5,3.8,-5.03,-41.66,110.54,77.5,300.45,312.63,111.42,77.57,300.97,313.19,1.0
2018-08-18 11:35:00,89.55502,36.7486,976.575,271.91,86.3,252.3,5.67,-5.31,-41.85,110.6,77.5,301.18,312.47,111.38,77.54,300.93,313.08,1.0
2018-08-18 11:35:00,89.55502,36.7486,976.621,271.91,86.3,251.9,4.96,-5.17,-42.77,111.78,77.78,300.34,313.19,111.3,77.5,300.93,313.05,1.0
2018-08-18 11:35:00,89.55501,36.74859,976.594,271.91,86.3,252.1,3.76,-4.94,-43.62,111.58,77.64,300.27,313.07,111.23,77.46,300.95,313.03,1.0
2018-08-18 11:35:00,89.55501,36.74858,976.55,271.91,86.3,252.5,3.92,-4.73,-43.89,111.52,77.78,300.22,313.08,111.17,77.43,300.97,312.99,1.0
2018-08-18 11:35:00,89.55501,36.74857,976.614,271.91,86.3,252.0,6.42,-4.56,-43.43,112.04,77.64,300.52,313.06,111.14,77.41,301.0,312.91,1.0
2018-08-18 11:35:00,89.55501,36.74857,976.634,271.91,86.3,251.8,10.51,-4.46,-42.59,110.93,77.71,300.26,312.04,111.15,77.41,300.99,312.86,1.0
2018-08-18 11:35:00,89.55501,36.74856,976.609,271.91,86.3,252.0,13.2,-4.22,-41.61,110.73,77.5,300.96,313.01,111.18,77.44,300.97,312.78,1.0
2018-08-18 11:35:00,89.55501,36.74855,976.595,271.91,86.3,252.1,15.13,-4.34,-40.66,110.86,77.57,301.17,313.25,111.22,77.5,301.02,312.69,1.0
2018-08-18 11:35:00,89.55501,36.74854,976.6,271.91,86.3,252.1,14.51,-4.45,-40.04,112.17,77.5,300.9,312.89,111.25,77.58,301.09,312.65,1.0
2018-08-18 11:35:00,89.55501,36.74854,976.616,271.91,86.4,251.9,11.12,-4.35,-39.74,111.52,77.57,300.59,312.32,111.24,77.69,301.13,312.63,1.0
2018-08-18 11:35:00,89.55501,36.74853,976.617,271.91,86.4,251.9,7.06,-4.13,-39.37,110.67,77.64,300.29,311.91,111.17,77.8,301.15,312.62,1.0
2018-08-18 11:35:00,89.55501,36.7485,976.694,271.91,86.4,251.3,4.35,-4.22,-39.7,111.26,77.43,301.43,311.79,111.04,77.9,301.17,312.7,1.0
2018-08-18 11:35:00,89.55501,36.74846,976.717,271.92,86.4,251.1,3.89,-4.5,-39.59,110.86,77.71,301.32,312.37,110.85,77.98,301.15,312.68,1.0
2018-08-18 11:35:00,89.55501,36.74842,976.741,271.92,86.4,250.9,5.45,-4.69,-39.54,110.73,77.71,301.16,312.54,110.63,78.03,301.11,312.65,1.0
2018-08-18 11:35:00,89.55501,36.74837,976.775,271.91,86.4,250.6,6.83,-4.85,-39.68,112.37,77.64,301.35,313.47,110.4,78.04,301.1,312.65,1.0
2018-08-18 11:35:00,89.55501,36.74833,976.764,271.92,86.4,250.7,5.72,-5.15,-39.95,112.11,77.71,301.06,313.46,110.19,78.0,301.12,312.71,1.0
2018-08-18 11:35:00,89.555,36.74829,976.738,271.91,86.4,250.9,3.9,-5.39,-40.09,111.26,77.64,301.06,313.06,110.05,77.92,301.16,312.81,1.0
2018-08-18 11:35:00,89.555,36.74825,976.747,271.91,86.4,250.9,3.17,-5.18,-40.7,110.47,77.78,301.06,313.35,110.0,77.81,301.1,312.93,1.0
2018-08-18 11:35:00,89.555,36.7482,976.752,271.91,86.4,250.8,4.03,-5.22,-41.35,110.34,77.71,301.16,313.25,110.05,77.68,301.11,313.05,1.0
2018-08-18 11:35:00,89.555,36.74816,976.756,271.91,86.4,250.8,4.01,-5.2,-42.12,111.65,77.64,301.06,313.15,110.22,77.56,301.13,313.11,1.0
2018-08-18 11:35:00,89.555,36.74812,976.783,271.91,86.4,250.6,1.43,-4.93,-43.07,110.73,77.64,301.05,313.24,110.48,77.45,301.12,313.15,1.0
2018-08-18 11:35:00,89.555,36.74808,976.838,271.91,86.4,250.1,-2.1,-4.97,-44.04,110.73,77.71,301.15,313.05,110.81,77.38,301.07,313.24,1.0
2018-08-18 11:35:00,89.555,36.74804,976.828,271.91,86.4,250.2,-3.64,-5.31,-44.5,111.78,77.71,300.8,312.96,111.17,77.34,301.05,313.33,1.0
2018-08-18 11:35:00,89.555,36.748,976.856,271.91,86.4,250.0,-4.12,-5.5,-44.78,110.08,77.71,301.0,312.96,111.52,77.35,301.02,313.34,1.0
2018-08-18 11:35:00,89.555,36.74797,976.89,271.91,86.4,249.7,-3.97,-5.58,-44.61,111.98,77.5,301.07,313.26,111.8,77.38,300.99,313.31,1.0
2018-08-18 11:35:00,89.555,36.74795,976.902,271.91,86.4,249.6,-4.02,-5.58,-43.91,111.65,77.5,300.88,313.45,111.98,77.43,300.94,313.28,1.0
2018-08-18 11:35:00,89.555,36.74792,976.93,271.92,86.4,249.4,-5.23,-5.5,-42.87,109.95,77.43,300.27,313.8,112.04,77.49,300.9,313.27,1.0
2018-08-18 11:35:00,89.555,36.7479,976.958,271.91,86.5,249.2,-4.65,-5.29,-41.73,111.06,77.64,300.99,313.66,111.97,77.54,300.89,313.36,1.0
2018-08-18 11:35:00,89.555,36.74787,976.968,271.92,86.5,249.1,-4.36,-5.34,-41.6,111.91,77.78,300.87,313.52,111.78,77.56,300.9,313.4,1.0
2018-08-18 11:35:00,89.555,36.74785,976.956,271.92,86.5,249.2,-2.64,-5.09,-40.93,110.6,77.71,300.96,313.03,111.51,77.56,300.84,313.44,1.0
2018-08-18 11:35:00,89.555,36.74782,976.946,271.92,86.5,249.3,0.13,-4.78,-40.11,111.58,77.71,301.14,313.22,111.2,77.54,300.78,313.51,1.0
2018-08-18 11:35:00,89.555,36.7478,976.981,271.92,86.5,249.0,2.38,-4.8,-39.98,111.06,77.57,301.11,313.41,110.89,77.49,300.8,313.58,1.0
2018-08-18 11:35:00,89.555,36.74777,976.993,271.92,86.5,248.9,1.64,-4.64,-40.03,111.91,77.64,301.5,314.31,110.63,77.44,300.89,313.61,1.0
2018-08-18 11:35:00,89.555,36.74775,976.946,271.91,86.5,249.3,-0.79,-4.65,-40.58,112.17,77.5,301.02,313.48,110.46,77.4,300.97,313.61,1.0
2018-08-18 11:35:00,89.555,36.74772,976.988,271.91,86.5,248.9,-2.2,-4.8,-40.79,110.08,77.64,300.77,312.98,110.4,77.37,301.09,313.65,1.0
2018-08-18 11:35:00,89.555,36.7477,977.062,271.92,86.5,248.3,-1.72,-4.82,-41.08,111.32,77.57,299.96,313.18,110.46,77.37,301.18,313.68,1.0
2018-08-18 11:35:00,89.555,36.74767,977.049,271.92,86.5,248.4,0.18,-4.67,-41.7,110.67,77.57,300.43,312.95,110.62,77.4,301.22,313.67,1.0
2018-08-18 11:35:00,89.555,36.74764,977.015,271.92,86.5,248.7,2.16,-4.77,-42.26,109.75,77.64,300.7,313.04,110.84,77.45,301.22,313.6,1.0
2018-08-18 11:35:00,89.555,36.74762,977.051,271.91,86.5,248.4,2.85,-4.75,-43.37,111.72,77.5,301.17,313.24,111.07,77.51,301.17,313.41,1.0
2018-08-18 11:35:00,89.555,36.74758,977.046,271.91,86.5,248.4,1.17,-4.94,-44.77,110.86,77.64,301.47,313.24,111.26,77.58,301.11,313.24,1.0
2018-08-18 11:35:00,89.555,36.74752,977.058,271.91,86.5,248.3,-0.11,-5.11,-46.32,111.91,77.43,301.18,313.33,111.38,77.62,301.07,313.08,1.0
2018-08-18 11:35:00,89.555,36.74746,977.105,271.91,86.5,248.0,0.19,-5.18,-47.26,110.8,77.64,301.14,313.24,111.37,77.62,301.06,312.95,1.0
2018-08-18 11:35:00,89.555,36.7474,977.123,271.91,86.5,247.8,1.66,-5.13,-46.69,112.37,77.5,301.06,313.24,111.23,77.58,301.04,312.86,1.0
2018-08-18 11:35:00,89.555,36.74735,977.122,271.92,86.5,247.8,1.85,-4.94,-46.35,110.34,77.64,301.25,313.32,110.97,77.5,301.03,312.84,1.0
2018-08-18 11:35:00,89.555,36.74729,977.135,271.92,86.6,247.7,0.13,-4.86,-46.0,110.86,77.64,301.06,312.78,110.61,77.37,301.01,312.87,1.0
2018-08-18 11:35:00,89.55499,36.74723,977.111,271.92,86.6,247.9,-0.6,-5.03,-45.45,111.06,77.71,301.01,312.52,110.2,77.22,300.98,312.94,1.0
2018-08-18 11:35:00,89.55499,36.74717,977.091,271.91,86.6,248.1,-0.72,-5.12,-44.85,111.32,77.57,300.9,312.71,109.79,77.05,300.99,313.04,1.0
2018-08-18 11:35:00,89.55499,36.74711,977.155,271.92,86.6,247.5,-1.2,-4.92,-44.25,111.39,77.5,301.23,313.09,109.45,76.9,301.01,313.15,1.0
2018-08-18 11:35:00,89.55499,36.74705,977.128,271.91,86.6,247.8,-2.12,-5.05,-43.08,110.47,77.64,301.06,313.23,109.23,76.79,300.97,313.21,1.0
2018-08-18 11:35:00,89.55499,36.74701,977.156,271.91,86.6,247.5,-4.27,-4.88,-41.97,111.39,77.5,301.32,313.04,109.15,76.73,301.02,313.26,1.0
2018-08-18 11:35:00,89.55499,36.74697,977.196,271.92,86.6,247.2,-4.34,-4.71,-40.76,111.06,77.64,301.12,313.14,109.23,76.74,301.08,313.32,1.0
2018-08-18 11:35:00,89.55499,36.74693,977.246,271.92,86.6,246.8,-3.33,-4.75,-39.57,110.67,77.43,300.9,313.56,109.45,76.8,301.12,313.34,1.0
2018-08-18 11:35:00,89.55499,36.74689,977.3,271.92,86.6,246.4,-1.92,-4.82,-38.7,110.54,77.09,300.38,312.85,109.8,76.92,301.12,313.31,1.0
2018-08-18 11:35:00,89.55499,36.74685,977.303,271.91,86.6,246.3,-0.27,-4.35,-38.8,110.47,77.23,299.51,312.8,110.22,77.08,301.09,313.25,1.0
2018-08-18 11:35:00,89.55499,36.74681,977.262,271.91,86.6,246.7,1.55,-4.57,-39.16,110.01,77.43,300.65,313.23,110.65,77.26,301.03,313.15,1.0
2018-08-18 11:35:00,89.55499,36.74677,977.299,271.92,86.6,246.4,2.48,-4.61,-39.57,110.47,77.57,301.02,313.04,111.05,77.43,300.96,313.11,1.0
2018-08-18 11:35:00,89.55499,36.74673,977.352,271.92,86.6,245.9,1.29,-4.5,-40.22,111.98,77.5,301.0,313.41,111.38,77.57,300.89,313.07,1.0
2018-08-18 11:35:00,89.55499,36.74669,977.354,271.92,86.6,245.9,-0.63,-4.58,-41.19,111.26,77.43,300.99,313.12,111.6,77.67,300.84,313.06,1.0
2018-08-18 11:35:00,89.55499,36.74665,977.279,271.92,86.6,246.5,-1.16,-5.1,-42.39,110.34,77.5,301.29,313.04,111.7,77.73,300.85,313.12,1.0
2018-08-18 11:35:00,89.55499,36.74661,977.378,271.92,86.6,245.7,-1.07,-5.01,-43.53,111.06,77.57,301.1,313.34,111.69,77.73,300.96,313.18,1.0
2018-08-18 11:35:00,89.55499,36.74656,977.437,271.92,86.6,245.3,-2.42,-5.13,-44.65,111.52,77.36,301.01,313.91,111.59,77.7,300.98,313.3,1.0
2018-08-18 11:35:00,89.55499,36.74652,977.435,271.91,86.6,245.3,-1.29,-5.19,-45.25,109.82,77.43,300.96,313.52,111.42,77.63,301.01,313.43,1.0
2018-08-18 11:35:00,89.55499,36.74648,977.416,271.91,86.6,245.4,1.73,-5.27,-45.42,110.8,77.43,301.04,313.73,111.21,77.54,301.01,313.52,1.0
2018-08-18 11:35:00,89.55499,36.74644,977.428,271.92,86.6,245.3,5.61,-5.41,-45.38,110.67,77.64,301.0,314.06,110.99,77.44,301.01,313.57,1.0
2018-08-18 11:35:00,89.55499,36.7464,977.481,271.91,86.6,244.9,9.43,-5.4,-45.32,111.72,77.43,301.09,313.19,110.77,77.35,301.04,313.59,1.0
2018-08-18 11:35:00,89.55499,36.74636,977.509,271.92,86.7,244.7,6.67,-5.03,-45.13,111.72,77.5,300.99,313.7,110.57,77.28,301.05,313.55,1.0
2018-08-18 11:35:00,89.55499,36.74632,977.519,271.92,86.7,244.6,4.14,-5.18,-44.24,111.13,77.5,301.11,313.58,110.38,77.21,301.03,313.41,1.0
2018-08-18 11:35:00,89.55498,36.74628,977.52,271.92,86.7,244.6,2.41,-5.12,-42.91,110.08,77.43,300.68,313.28,110.21,77.16,300.99,313.31,1.0
2018-08-18 11:35:00,89.55498,36.74624,977.525,271.92,86.7,244.5,1.42,-4.9,-41.57,110.67,77.3,300.38,313.1,110.05,77.12,300.93,313.19,1.0
2018-08-18 11:35:00,89.55498,36.7462,977.567,271.92,86.7,244.2,0.69,-5.01,-40.52,110.73,77.57,301.01,313.0,109.9,77.08,300.88,312.99,1.0
2018-08-18 11:35:00,89.55498,36.74616,977.559,271.92,86.7,244.3,0.81,-4.96,-38.72,110.67,77.43,301.01,313.21,109.76,77.04,300.82,312.89,1.0
2018-08-18 11:35:00,89.55498,36.74612,977.57,271.92,86.7,244.2,2.0,-4.4,-37.24,110.54,77.3,300.91,312.92,109.64,76.99,300.81,312.78,1.0
2018-08-18 11:35:00,89.55498,36.74608,977.583,271.92,86.7,244.1,4.36,-4.25,-36.2,110.67,77.57,300.97,313.74,109.55,76.95,300.82,312.67,1.0
2018-08-18 11:35:00,89.55498,36.74606,977.569,271.92,86.7,244.2,6.58,-4.22,-35.59,111.52,77.09,301.06,313.5,109.51,76.91,300.87,312.63,1.0
2018-08-18 11:35:00,89.55498,36.74603,977.512,271.92,86.7,244.6,7.47,-3.96,-35.3,111.13,77.64,301.2,313.1,109.53,76.88,300.94,312.7,1.0
2018-08-18 11:35:00,89.55498,36.746,977.552,271.93,86.7,244.3,7.2,-3.94,-35.19,110.93,77.3,301.3,313.3,109.64,76.88,301.08,312.71,1.0
2018-08-18 11:35:00,89.55498,36.74598,977.659,271.93,86.7,243.4,5.41,-4.0,-34.4,110.47,77.5,301.01,313.2,109.82,76.91,301.07,312.8,1.0
2018-08-18 11:35:00,89.55498,36.74595,977.683,271.93,86.7,243.2,3.72,-3.76,-34.08,110.41,77.43,301.11,312.47,110.08,76.98,301.14,312.9,1.0
2018-08-18 11:35:00,89.55498,36.74592,977.668,271.93,86.7,243.4,2.01,-3.61,-34.35,109.95,77.3,300.68,312.31,110.4,77.08,301.24,312.96,1.0
2018-08-18 11:35:00,89.55498,36.7459,977.671,271.92,86.8,243.3,0.75,-3.73,-35.16,109.95,77.16,300.39,312.6,110.75,77.22,301.34,312.99,1.0
2018-08-18 11:35:00,89.55498,36.74587,977.655,271.93,86.7,243.5,0.81,-3.55,-35.53,110.54,77.23,301.19,311.51,111.11,77.38,301.45,313.07,1.0
2018-08-18 11:35:00,89.55498,36.74584,977.667,271.93,86.7,243.4,-0.85,-3.69,-36.32,110.67,77.23,299.6,312.38,111.45,77.55,301.47,313.02,1.0
2018-08-18 11:35:00,89.55498,36.74582,977.705,271.92,86.8,243.1,-2.87,-3.78,-36.91,111.13,77.23,300.7,312.52,111.73,77.71,301.54,312.96,1.0
2018-08-18 11:35:00,89.55498,36.74579,977.74,271.92,86.8,242.8,-2.61,-3.83,-37.61,110.47,77.43,301.26,313.19,111.93,77.85,301.63,312.95,1.0
2018-08-18 11:35:00,89.55498,36.74576,977.733,271.93,86.8,242.8,-0.98,-3.88,-38.41,111.58,77.43,301.58,313.48,112.04,77.95,301.74,312.96,1.0
2018-08-18 11:35:00,89.55498,36.74573,977.647,271.92,86.8,243.5,0.11,-3.96,-39.12,110.93,77.43,301.88,313.83,112.06,78.0,301.83,312.94,1.0
2018-08-18 11:35:00,89.55497,36.74569,977.708,271.92,86.8,243.0,-0.46,-4.04,-39.18,110.67,77.5,301.13,312.97,111.98,78.01,301.8,313.03,1.0
2018-08-18 11:35:00,89.55497,36.74566,977.764,271.93,86.8,242.6,-1.23,-4.17,-39.65,111.19,77.43,302.15,312.9,111.82,77.97,301.95,313.09,1.0
2018-08-18 11:35:00,89.55497,36.74562,977.78,271.93,86.8,242.5,-1.31,-4.06,-40.17,110.93,77.5,302.16,313.16,111.59,77.88,302.03,313.14,1.0
2018-08-18 11:35:00,89.55497,36.74558,977.772,271.93,86.8,242.5,-1.16,-4.02,-40.31,109.88,77.43,302.35,313.18,111.32,77.76,302.09,313.2,1.0
2018-08-18 11:35:00,89.55497,36.74554,977.772,271.93,86.8,242.5,-1.02,-4.14,-40.02,110.14,77.5,301.8,313.2,111.02,77.62,302.12,313.27,1.0
2018-08-18 11:35:00,89.55497,36.74551,977.801,271.93,86.8,242.3,-0.42,-3.83,-40.08,111.06,77.36,301.26,313.3,110.72,77.49,302.09,313.35,1.0
2018-08-18 11:35:00,89.55497,36.74547,977.819,271.93,86.8,242.1,0.52,-3.86,-40.8,111.26,77.43,301.27,313.19,110.44,77.36,302.14,313.48,1.0
2018-08-18 11:35:00,89.55497,36.74543,977.82,271.93,86.8,242.1,-0.76,-4.0,-39.61,111.72,77.43,301.37,313.29,110.19,77.26,302.07,313.56,1.0
2018-08-18 11:35:00,89.55497,36.7454,977.815,271.93,86.8,242.2,-3.0,-4.38,-39.08,111.19,77.5,301.37,313.19,110.01,77.2,301.94,313.57,1.0
2018-08-18 11:35:00,89.55497,36.74536,977.817,271.93,86.8,242.2,-5.17,-4.93,-39.92,111.52,77.43,301.18,313.46,109.9,77.17,301.8,313.52,1.0
2018-08-18 11:35:00,89.55497,36.74532,977.855,271.92,86.8,241.8,-6.55,-5.37,-41.0,109.75,77.43,301.1,313.85,109.89,77.19,301.7,313.45,1.0
2018-08-18 11:35:00,89.55497,36.74528,977.901,271.93,86.8,241.5,-7.46,-4.91,-39.12,110.8,77.36,301.3,314.28,109.96,77.25,301.64,313.38,1.0
2018-08-18 11:35:00,89.55497,36.74525,977.919,271.93,86.8,241.3,-6.46,-4.77,-37.19,109.56,77.43,301.31,313.68,110.13,77.34,301.58,313.32,1.0
2018-08-18 11:35:00,89.55497,36.74521,977.921,271.93,86.8,241.3,-4.64,-4.68,-36.24,110.93,77.5,301.04,313.53,110.37,77.46,301.54,313.31,1.0
2018-08-18 11:35:00,89.55497,36.74517,977.906,271.92,86.8,241.4,-2.1,-4.59,-36.23,110.73,77.23,301.08,312.95,110.67,77.59,301.52,313.31,1.0
2018-08-18 11:35:00,89.55497,36.74511,977.882,271.93,86.8,241.6,0.74,-4.55,-36.52,110.86,77.43,301.27,312.87,110.98,77.72,301.49,313.29,1.0
2018-08-18 11:35:00,89.55497,36.74505,977.893,271.93,86.8,241.5,2.59,-4.84,-35.73,111.39,77.36,301.26,313.18,111.27,77.83,301.49,313.23,1.0
2018-08-18 11:35:00,89.55497,36.74499,977.908,271.93,86.8,241.4,2.49,-4.33,-35.96,110.67,77.5,301.3,313.18,111.5,77.93,301.47,313.19,1.0
2018-08-18 11:35:00,89.55497,36.74493,977.953,271.93,86.9,241.0,2.53,-4.41,-35.83,110.6,77.43,301.64,313.69,111.61,77.99,301.47,313.16,1.0
2018-08-18 11:35:00,89.55497,36.74487,977.982,271.93,86.9,240.8,2.3,-4.61,-35.8,110.08,77.43,301.63,313.32,111.6,78.02,301.49,313.15,1.0
2018-08-18 11:35:00,89.55497,36.74481,977.969,271.93,86.9,240.9,2.14,-4.64,-36.21,110.93,77.5,301.26,312.9,111.43,78.01,301.51,313.17,1.0
2018-08-18 11:35:00,89.55497,36.74475,977.989,271.93,86.9,240.8,3.22,-4.52,-37.13,111.45,77.64,301.35,312.99,111.12,77.96,301.52,313.18,1.0
2018-08-18 11:35:00,89.55497,36.74469,977.981,271.93,86.9,240.8,3.46,-4.74,-37.79,110.86,77.5,301.36,313.09,110.69,77.88,301.53,313.19,1.0
2018-08-18 11:35:00,89.55496,36.74463,977.99,271.93,86.9,240.7,4.7,-4.76,-38.4,110.86,77.5,301.35,312.8,110.18,77.79,301.54,313.18,1.0
2018-08-18 11:35:00,89.55496,36.74462,978.01,271.93,86.9,240.6,5.28,-4.54,-38.65,110.8,77.64,301.27,313.01,109.67,77.69,301.53,313.14,1.0
2018-08-18 11:35:00,89.55496,36.74462,978.048,271.93,86.9,240.3,5.04,-4.38,-38.61,111.58,77.5,301.37,312.98,109.19,77.61,301.52,313.12,1.0
2018-08-18 11:35:00,89.55496,36.74462,978.107,271.93,86.9,239.8,5.0,-4.68,-38.66,110.28,77.5,301.27,312.98,108.82,77.54,301.55,313.14,1.0
2018-08-18 11:35:00,89.55496,36.74462,978.102,271.94,86.9,239.8,5.39,-4.86,-38.34,110.8,77.57,301.26,313.18,108.59,77.5,301.58,313.18,1.0
2018-08-18 11:35:00,89.55496,36.74462,978.145,271.93,86.9,239.5,3.97,-4.82,-40.3,110.08,77.5,301.52,313.18,108.53,77.5,301.69,313.22,1.0
2018-08-18 11:35:00,89.55496,36.74462,978.171,271.93,86.9,239.3,2.03,-4.71,-40.7,110.08,77.43,301.25,313.28,108.65,77.52,301.81,313.27,1.0
2018-08-18 11:35:00,89.55496,36.74462,978.168,271.93,86.9,239.3,0.0,-4.63,-40.11,111.32,77.5,301.54,313.18,108.9,77.58,301.89,313.3,1.0
2018-08-18 11:35:00,89.55496,36.74462,978.161,271.93,86.9,239.4,-1.43,-4.51,-39.46,110.28,77.64,301.35,313.36,109.26,77.65,301.95,313.29,1.0
2018-08-18 11:35:00,89.55496,36.74462,978.207,271.94,86.9,239.0,-0.78,-4.02,-39.03,109.95,77.5,301.49,313.18,109.65,77.72,301.97,313.25,1.0
2018-08-18 11:35:00,89.55496,36.74462,978.204,271.94,86.9,239.0,0.77,-4.41,-37.85,110.47,77.5,302.39,313.18,110.02,77.79,301.93,313.18,1.0
2018-08-18 11:35:00,89.55496,36.74462,978.214,271.94,86.9,238.9,0.92,-4.49,-36.68,110.54,77.36,302.55,313.04,110.3,77.83,301.89,313.08,1.0
2018-08-18 11:35:00,89.55496,36.74464,978.204,271.94,86.9,239.0,0.95,-4.49,-35.74,109.75,77.64,302.21,313.31,110.45,77.85,301.85,312.95,1.0
2018-08-18 11:35:00,89.55496,36.74471,978.187,271.93,86.9,239.1,0.77,-4.57,-35.02,110.86,77.5,302.04,312.98,110.45,77.83,301.82,312.83,1.0
2018-08-18 11:35:00,89.55496,36.74479,978.254,271.94,86.9,238.6,-0.2,-4.78,-34.36,110.67,77.64,301.97,312.98,110.31,77.79,301.81,312.71,1.0
2018-08-18 11:35:00,89.55496,36.74487,978.305,271.94,87.0,238.2,0.88,-4.52,-34.07,110.93,77.64,301.37,313.07,110.04,77.72,301.81,312.63,1.0
2018-08-18 11:35:00,89.55496,36.74495,978.286,271.94,87.0,238.3,0.76,-4.62,-33.39,110.54,77.71,301.44,313.07,109.7,77.65,301.74,312.65,1.0
2018-08-18 11:35:00,89.55496,36.74502,978.31,271.94,87.0,238.1,0.88,-4.73,-32.86,109.29,77.71,301.43,313.26,109.35,77.58,301.68,312.72,1.0
2018-08-18 11:35:00,89.55495,36.7451,978.338,271.94,87.0,237.9,1.7,-4.63,-32.63,110.86,77.3,301.62,313.26,109.04,77.53,301.67,312.85,1.0
2018-08-18 11:35:00,89.55495,36.74518,978.281,271.94,87.0,238.4,3.48,-4.36,-32.69,110.73,77.71,301.36,313.35,108.85,77.5,301.7,313.0,1.0
2018-08-18 11:35:00,89.55495,36.74526,978.267,271.94,87.0,238.5,6.64,-4.74,-32.82,110.8,77.5,301.45,313.24,108.8,77.51,301.71,313.08,1.0
2018-08-18 11:35:00,89.55495,36.74533,978.282,271.94,87.0,238.4,8.25,-4.57,-32.56,110.67,77.64,301.82,313.56,108.9,77.56,301.73,313.17,1.0
2018-08-18 11:35:00,89.55495,36.74541,978.328,271.94,87.0,238.0,8.35,-4.75,-32.53,109.1,77.43,301.11,313.8,109.16,77.63,301.74,313.23,1.0
2018-08-18 11:35:00,89.55495,36.74549,978.373,271.94,87.0,237.6,6.14,-4.91,-33.26,109.82,77.43,301.47,313.68,109.53,77.73,301.72,313.25,1.0
2018-08-18 11:35:00,89.55495,36.74556,978.384,271.93,87.0,237.5,2.29,-5.01,-34.85,109.62,77.57,301.56,313.51,109.97,77.84,301.69,313.25,1.0
2018-08-18 11:35:00,89.55495,36.74556,978.39,271.94,87.0,237.5,-1.18,-5.59,-36.85,109.88,77.57,301.42,312.86,110.41,77.95,301.65,313.21,1.0
2018-08-18 11:35:00,89.55495,36.74556,978.396,271.94,87.0,237.4,-3.98,-5.73,-37.88,110.34,77.64,301.56,312.77,110.8,78.04,301.61,313.15,1.0
2018-08-18 11:35:00,89.55495,36.74555,978.416,271.94,87.0,237.3,-2.51,-6.13,-37.85,110.93,77.64,301.54,312.78,111.09,78.12,301.59,313.02,1.0
2018-08-18 11:35:00,89.55495,36.74555,978.424,271.94,87.0,237.2,-0.34,-6.36,-37.52,110.47,77.85,301.34,313.16,111.25,78.18,301.59,312.89,1.0
2018-08-18 11:35:00,89.55495,36.74554,978.445,271.94,87.0,237.0,2.09,-6.45,-37.0,110.14,77.57,301.43,312.87,111.26,78.21,301.59,312.77,1.0
2018-08-18 11:35:00,89.55494,36.74553,978.532,271.94,87.0,236.3,5.15,-6.55,-36.27,110.8,77.57,301.52,313.26,111.15,78.22,301.58,312.69,1.0
2018-08-18 11:35:00,89.55494,36.74553,978.547,271.94,87.0,236.2,8.32,-6.32,-35.6,110.86,77.57,301.5,312.96,110.94,78.22,301.62,312.73,1.0
2018-08-18 11:35:00,89.55494,36.74552,978.536,271.94,87.0,236.3,9.44,-6.24,-35.01,109.29,77.71,301.62,312.88,110.69,78.2,301.77,312.85,1.0
2018-08-18 11:35:00,89.55494,36.74552,978.553,271.94,87.0,236.2,7.58,-6.2,-34.56,109.62,77.71,301.35,312.98,110.43,78.19,301.86,312.97,1.0
2018-08-18 11:35:00,89.55494,36.74551,978.582,271.94,87.0,235.9,4.09,-6.17,-34.37,110.73,77.71,301.35,312.97,110.22,78.17,301.89,313.06,1.0
2018-08-18 11:35:00,89.55494,36.74551,978.59,271.94,87.0,235.9,0.76,-6.06,-34.31,110.8,77.85,301.43,312.96,110.08,78.16,301.89,313.13,1.0
2018-08-18 11:35:00,89.55494,36.7455,978.588,271.94,87.1,235.9,-1.17,-5.58,-33.66,110.34,77.85,301.67,313.18,110.04,78.14,301.89,313.18,1.0
2018-08-18 11:35:00,89.55494,36.74549,978.6,271.94,87.0,235.8,-2.69,-5.63,-34.0,110.34,77.5,302.54,313.59,110.1,78.12,301.95,313.19,1.0
2018-08-18 11:35:00,89.55494,36.74547,978.603,271.94,87.1,235.8,-2.72,-5.21,-34.22,110.93,77.64,301.99,313.32,110.21,78.09,301.92,313.16,1.0
2018-08-18 11:35:00,89.55494,36.74546,978.62,271.94,87.1,235.6,-2.76,-5.03,-34.45,110.28,77.78,301.43,313.15,110.35,78.05,301.86,313.1,1.0
2018-08-18 11:35:00,89.55494,36.74544,978.66,271.94,87.1,235.3,-2.73,-5.13,-34.76,109.62,77.85,301.43,313.06,110.48,78.0,301.81,313.01,1.0
2018-08-18 11:35:00,89.55494,36.74542,978.695,271.94,87.1,235.0,-1.41,-4.99,-35.08,109.69,77.92,301.65,312.96,110.55,77.93,301.79,312.92,1.0
2018-08-18 11:35:00,89.55494,36.74541,978.676,271.94,87.1,235.2,-0.43,-4.92,-35.55,109.69,77.85,302.54,312.96,110.52,77.86,301.83,312.84,1.0
2018-08-18 11:35:00,89.55494,36.74539,978.666,271.94,87.1,235.2,0.26,-4.94,-35.48,111.39,77.64,302.01,312.97,110.38,77.79,301.78,312.77,1.0
2018-08-18 11:35:00,89.55494,36.74537,978.683,271.94,87.1,235.1,0.84,-4.96,-35.92,110.08,77.85,301.5,312.79,110.13,77.73,301.71,312.76,1.0
2018-08-18 11:35:00,89.55494,36.74536,978.71,271.94,87.1,234.9,0.96,-4.93,-36.3,111.26,77.71,301.59,312.89,109.81,77.69,301.69,312.78,1.0
2018-08-18 11:35:00,89.55494,36.74534,978.711,271.94,87.1,234.9,0.62,-4.9,-36.07,110.47,77.71,301.4,313.07,109.44,77.68,301.77,312.84,1.0
2018-08-18 11:35:00,89.55494,36.74532,978.685,271.94,87.1,235.1,1.36,-5.22,-35.77,109.95,77.71,302.12,313.15,109.08,77.7,301.84,313.02,1.0
2018-08-18 11:35:00,89.55494,36.74531,978.763,271.94,87.1,234.5,0.89,-5.33,-35.92,110.28,77.92,301.99,313.46,108.79,77.75,301.8,313.2,1.0
2018-08-18 11:35:00,89.55494,36.74529,978.801,271.94,87.1,234.1,-0.79,-5.18,-35.7,110.86,77.64,300.32,313.34,108.6,77.83,301.81,313.36,1.0
2018-08-18 11:35:00,89.55493,36.74527,978.783,271.95,87.1,234.3,-1.57,-5.14,-35.66,109.23,77.71,300.37,313.04,108.55,77.91,301.82,313.45,1.0
2018-08-18 11:35:00,89.55493,36.74526,978.745,271.95,87.1,234.6,-0.02,-5.23,-35.89,110.28,77.85,301.24,313.43,108.64,78.0,301.82,313.48,1.0
2018-08-18 11:35:00,89.55493,36.74524,978.764,271.95,87.1,234.4,3.13,-5.0,-35.61,109.36,77.64,301.52,314.22,108.85,78.06,301.79,313.54,1.0
2018-08-18 11:35:00,89.55493,36.74526,978.727,271.95,87.1,234.7,5.21,-4.72,-35.16,110.08,77.92,301.52,313.78,109.16,78.1,301.71,313.55,1.0
2018-08-18 11:35:00,89.55493,36.74528,978.78,271.95,87.1,234.3,6.7,-4.74,-35.18,110.01,77.71,301.52,313.96,109.5,78.09,301.66,313.47,1.0
2018-08-18 11:35:00,89.55493,36.7453,978.832,271.95,87.1,233.9,7.53,-4.81,-35.22,110.28,77.92,301.51,313.74,109.82,78.03,301.73,313.4,1.0
2018-08-18 11:35:00,89.55493,36.74532,978.847,271.95,87.1,233.8,7.68,-4.79,-35.34,110.86,77.71,301.7,313.22,110.06,77.93,301.86,313.43,1.0
2018-08-18 11:35:00,89.55493,36.74534,978.861,271.95,87.2,233.7,7.3,-4.7,-35.71,108.97,77.85,301.61,313.53,110.17,77.78,301.97,313.51,1.0
2018-08-18 11:35:00,89.55493,36.74536,978.83,271.95,87.2,233.9,7.25,-4.94,-35.9,110.14,77.85,301.61,313.56,110.13,77.61,302.02,313.41,1.0
2018-08-18 11:35:00,89.55493,36.74538,978.882,271.95,87.2,233.5,6.86,-5.13,-35.88,109.88,77.85,301.61,312.94,109.92,77.43,302.09,313.33,1.0
2018-08-18 11:35:00,89.55493,36.74539,978.91,271.95,87.2,233.3,7.39,-5.29,-35.78,110.28,77.92,301.43,312.86,109.56,77.27,302.27,313.21,1.0
2018-08-18 11:35:00,89.55493,36.74541,978.928,271.95,87.2,233.1,8.18,-5.27,-35.95,110.73,77.64,302.25,313.43,109.08,77.14,302.45,313.16,1.0
2018-08-18 11:35:00,89.55493,36.74545,978.97,271.95,87.2,232.8,8.62,-5.02,-36.46,109.29,77.85,302.51,314.1,108.53,77.07,302.57,313.2,1.0
2018-08-18 11:35:00,89.55493,36.74549,978.929,271.95,87.2,233.1,9.04,-4.8,-36.71,110.34,77.71,301.7,313.15,107.95,77.05,302.68,313.2,1.0
2018-08-18 11:35:00,89.55493,36.74552,978.97,271.95,87.2,232.8,5.87,-4.67,-37.04,110.01,77.85,301.9,313.05,107.4,77.09,302.73,313.16,1.0
2018-08-18 11:35:00,89.55493,36.74556,978.937,271.95,87.2,233.0,5.52,-4.56,-37.25,110.54,77.64,302.89,312.34,106.91,77.2,302.76,313.12,1.0
2018-08-18 11:35:00,89.55492,36.7456,978.91,271.95,87.2,233.3,7.27,-4.41,-37.28,109.49,77.5,302.41,312.2,106.51,77.36,302.77,313.07,1.0
2018-08-18 11:35:00,89.55492,36.74564,978.932,271.95,87.2,233.1,9.86,-4.25,-37.34,109.42,77.43,301.96,313.07,106.22,77.55,302.72,312.96,1.0
2018-08-18 11:35:00,89.55492,36.74568,978.941,271.95,87.2,233.0,12.04,-4.12,-37.69,108.97,77.5,302.37,313.53,106.04,77.76,302.63,312.84,1.0
2018-08-18 11:35:00,89.55492,36.74571,978.981,271.95,87.2,232.7,11.11,-4.0,-37.46,108.77,77.85,301.66,312.71,105.95,77.96,302.63,312.95,1.0
2018-08-18 11:35:00,89.55492,36.74575,979.014,271.96,87.2,232.4,11.21,-4.07,-37.29,109.95,77.85,301.72,313.07,105.95,78.14,302.7,312.92,1.0
2018-08-18 11:35:00,89.55492,36.74579,979.066,271.96,87.2,232.0,11.74,-4.07,-36.78,109.49,77.71,301.81,313.09,106.02,78.28,302.62,313.05,1.0
2018-08-18 11:35:00,89.55492,36.74583,979.105,271.96,87.2,231.7,11.07,-4.07,-36.33,109.16,77.78,301.9,312.74,106.15,78.38,302.47,313.21,1.0
2018-08-18 11:35:00,89.55492,36.74586,979.082,271.96,87.2,231.9,8.28,-4.18,-36.29,109.36,77.85,301.88,313.28,106.33,78.42,302.35,313.26,1.0
2018-08-18 11:35:00,89.55492,36.74587,979.122,271.96,87.2,231.5,5.93,-4.12,-36.34,109.42,77.64,302.08,314.49,106.56,78.42,302.33,313.25,1.0
2018-08-18 11:35:00,89.55492,36.74587,979.113,271.96,87.2,231.6,4.63,-4.2,-36.32,108.51,77.71,302.72,312.38,106.82,78.37,302.36,313.28,1.0
2018-08-18 11:35:00,89.55492,36.74587,979.146,271.96,87.2,231.3,6.1,-4.43,-36.3,108.12,77.85,302.22,313.37,107.13,78.28,302.4,313.3,1.0
2018-08-18 11:35:00,89.55492,36.74587,979.151,271.96,87.2,231.3,8.56,-4.52,-36.31,109.23,77.85,301.32,314.01,107.47,78.16,302.45,313.31,1.0
2018-08-18 11:35:00,89.55492,36.74588,979.086,271.95,87.2,231.8,10.11,-4.47,-36.4,109.23,77.85,300.97,313.13,107.82,78.03,302.51,313.29,1.0
2018-08-18 11:35:00,89.55492,36.74588,979.072,271.96,87.2,231.9,9.79,-4.68,-36.61,108.97,77.85,301.9,312.94,108.18,77.89,302.56,313.21,1.0
2018-08-18 11:35:00,89.55492,36.74588,979.125,271.95,87.2,231.5,10.03,-4.48,-36.63,108.38,77.85,302.18,312.93,108.52,77.75,302.57,312.99,1.0
2018-08-18 11:35:00,89.55492,36.74588,979.144,271.96,87.2,231.4,10.95,-4.29,-36.65,108.44,77.85,301.81,312.75,108.8,77.62,302.51,312.95,1.0
2018-08-18 11:35:00,89.55492,36.74588,979.172,271.96,87.2,231.1,12.38,-4.12,-36.87,108.84,77.85,302.08,312.94,109.01,77.52,302.49,312.83,1.0
2018-08-18 11:35:00,89.55492,36.74588,979.197,271.95,87.2,230.9,12.79,-3.94,-37.24,109.56,77.85,301.8,312.65,109.13,77.43,302.54,312.7,1.0
2018-08-18 11:35:00,89.55492,36.74588,979.158,271.95,87.3,231.2,10.45,-3.77,-37.66,108.9,77.64,301.9,313.12,109.15,77.36,302.61,312.66,1.0
2018-08-18 11:35:00,89.55492,36.74588,979.193,271.96,87.3,231.0,8.02,-3.87,-38.25,108.7,77.85,302.09,312.94,109.08,77.32,302.59,312.68,1.0
2018-08-18 11:35:00,89.55492,36.74588,979.206,271.96,87.3,230.9,7.77,-4.14,-38.44,109.62,77.78,301.9,312.84,108.93,77.3,302.57,312.72,1.0
2018-08-18 11:35:00,89.55492,36.74586,979.232,271.96,87.3,230.6,9.56,-4.25,-38.64,107.92,77.5,301.8,312.83,108.74,77.3,302.56,312.79,1.0
2018-08-18 11:35:00,89.55492,36.74584,979.269,271.96,87.3,230.3,10.74,-4.14,-38.98,108.77,77.71,302.17,313.11,108.53,77.32,302.53,312.88,1.0
2018-08-18 11:35:00,89.55491,36.74582,979.292,271.96,87.3,230.1,9.44,-3.95,-39.45,109.16,77.85,302.08,312.81,108.35,77.35,302.49,312.99,1.0
2018-08-18 11:35:00,89.55491,36.7458,979.262,271.96,87.3,230.4,6.29,-4.19,-39.81,108.97,77.92,301.98,313.1,108.22,77.4,302.45,313.09,1.0
2018-08-18 11:35:00,89.55491,36.74578,979.276,271.96,87.3,230.3,3.79,-4.06,-40.33,109.49,77.71,302.36,312.9,108.16,77.46,302.36,313.14,1.0
2018-08-18 11:35:00,89.55491,36.74576,979.303,271.96,87.3,230.1,2.61,-4.08,-40.42,108.64,77.71,302.11,313.02,108.17,77.53,302.33,313.15,1.0
2018-08-18 11:35:00,89.55491,36.74574,979.344,271.96,87.3,229.7,2.35,-4.05,-40.36,109.1,77.57,301.89,312.95,108.24,77.61,302.37,313.15,1.0
2018-08-18 11:35:00,89.55491,36.74572,979.394,271.97,87.3,229.3,2.89,-3.98,-40.2,108.7,77.64,301.41,312.98,108.35,77.69,302.46,313.14,1.0
2018-08-18 11:35:00,89.55491,36.7457,979.442,271.96,87.3,228.9,4.29,-3.96,-39.8,107.26,77.43,301.08,313.2,108.47,77.77,302.54,313.11,1.0
2018-08-18 11:35:00,89.55491,36.74568,979.382,271.97,87.3,229.4,6.45,-3.92,-39.03,108.64,77.78,300.45,312.69,108.58,77.86,302.59,313.03,1.0
2018-08-18 11:35:00,89.55491,36.74566,979.362,271.97,87.3,229.6,7.35,-3.91,-38.63,109.36,77.71,300.95,312.82,108.66,77.94,302.61,313.0,1.0
2018-08-18 11:35:00,89.55491,36.74564,979.388,271.97,87.3,229.4,7.86,-3.83,-38.02,109.03,77.92,301.72,312.57,108.69,78.02,302.63,312.96,1.0
2018-08-18 11:35:00,89.55491,36.74562,979.44,271.97,87.3,229.0,6.93,-3.77,-37.36,108.84,77.85,302.38,313.03,108.68,78.1,302.67,312.92,1.0
2018-08-18 11:35:00,89.55491,36.74559,979.492,271.97,87.3,228.5,3.65,-3.84,-37.08,109.29,77.85,302.13,312.85,108.63,78.15,302.74,312.88,1.0
2018-08-18 11:35:00,89.55491,36.74556,979.52,271.97,87.3,228.3,0.32,-3.85,-37.92,108.84,77.64,301.84,312.5,108.58,78.19,302.82,312.85,1.0
2018-08-18 11:35:00,89.55491,36.74553,979.471,271.97,87.3,228.7,-1.19,-4.16,-38.85,108.25,77.43,302.0,312.73,108.54,78.21,302.98,312.86,1.0
2018-08-18 11:35:00,89.55491,36.7455,979.485,271.97,87.4,228.6,-0.47,-4.33,-39.33,108.97,77.85,302.07,312.78,108.53,78.19,303.12,312.9,1.0
2018-08-18 11:35:00,89.55491,36.74547,979.502,271.97,87.4,228.4,1.56,-4.41,-39.67,108.77,77.85,302.36,312.82,108.57,78.15,303.21,312.94,1.0
2018-08-18 11:35:00,89.55491,36.74544,979.478,271.97,87.4,228.6,3.66,-4.41,-40.01,108.51,77.85,302.54,312.62,108.65,78.08,303.28,312.97,1.0
2018-08-18 11:35:00,89.55491,36.74542,979.55,271.96,87.4,228.1,4.56,-4.31,-40.16,108.9,77.78,302.26,312.93,108.75,77.99,303.36,313.01,1.0
2018-08-18 11:35:00,89.55491,36.74539,979.526,271.96,87.4,228.2,5.8,-3.96,-40.74,107.92,77.85,302.64,313.12,108.86,77.88,303.46,313.1,1.0
2018-08-18 11:35:00,89.55491,36.74536,979.546,271.97,87.4,228.1,4.89,-3.79,-41.12,108.97,77.85,302.35,313.03,108.94,77.77,303.57,313.14,1.0
2018-08-18 11:35:00,89.55491,36.74533,979.589,271.97,87.4,227.7,5.4,-3.71,-41.2,108.97,77.85,302.79,312.74,108.95,77.65,303.65,313.17,1.0
2018-08-18 11:35:00,89.55491,36.7453,979.609,271.97,87.4,227.6,6.32,-3.62,-41.26,108.77,77.85,302.53,313.22,108.88,77.56,303.7,313.21,1.0
2018-08-18 11:35:00,89.55491,36.74527,979.554,271.97,87.4,228.0,4.88,-3.53,-41.57,109.42,77.71,302.35,313.12,108.72,77.49,303.73,313.23,1.0
2018-08-18 11:35:00,89.55491,36.74524,979.566,271.97,87.4,227.9,3.3,-3.89,-41.02,109.1,77.92,302.63,313.03,108.47,77.44,303.74,313.23,1.0
2018-08-18 11:35:00,89.55491,36.74522,979.622,271.97,87.4,227.5,2.1,-4.02,-40.16,107.79,77.78,302.63,312.93,108.17,77.42,303.72,313.22,1.0
2018-08-18 11:35:00,89.55491,36.74516,979.634,271.97,87.4,227.4,1.66,-4.16,-39.12,108.25,77.64,302.72,312.83,107.84,77.44,303.69,313.18,1.0
2018-08-18 11:35:00,89.55491,36.74511,979.628,271.97,87.4,227.4,0.95,-4.37,-38.38,109.1,77.57,302.63,312.92,107.54,77.46,303.65,313.14,1.0
2018-08-18 11:35:00,89.5549,36.74505,979.695,271.97,87.4,226.9,-0.27,-4.48,-38.05,109.56,77.71,302.63,312.92,107.31,77.5,303.6,313.15,1.0
2018-08-18 11:35:00,89.5549,36.74499,979.697,271.97,87.4,226.9,-0.09,-3.95,-37.09,108.7,77.85,302.71,312.93,107.17,77.54,303.57,313.3,1.0
2018-08-18 11:35:00,89.5549,36.74493,979.683,271.98,87.4,227.0,2.84,-3.71,-36.43,108.84,77.71,302.63,312.83,107.15,77.56,303.62,313.34,1.0
2018-08-18 11:35:00,89.5549,36.74488,979.73,271.98,87.4,226.6,5.44,-3.62,-35.31,108.12,77.78,302.81,312.92,107.24,77.56,303.63,313.32,1.0
2018-08-18 11:35:00,89.5549,36.74482,979.768,271.98,87.4,226.3,7.42,-3.38,-34.39,108.18,77.64,302.72,312.91,107.41,77.54,303.63,313.3,1.0
2018-08-18 11:35:00,89.5549,36.74476,979.757,271.97,87.4,226.4,8.77,-2.92,-33.89,108.18,77.78,302.91,313.6,107.62,77.5,303.59,313.34,1.0
2018-08-18 11:35:00,89.5549,36.7447,979.753,271.98,87.4,226.4,9.44,-2.38,-33.64,107.98,77.85,303.0,315.51,107.82,77.44,303.48,313.47,1.0
2018-08-18 11:35:00,89.5549,36.74468,979.776,271.98,87.4,226.2,7.91,-2.32,-33.76,107.98,77.64,303.52,313.98,107.95,77.38,303.45,313.51,1.0
2018-08-18 11:35:00,89.5549,36.74467,979.807,271.98,87.4,226.0,6.43,-2.2,-34.52,109.16,77.71,303.14,313.22,107.99,77.33,303.43,313.56,1.0
2018-08-18 11:35:00,89.5549,36.74467,979.813,271.98,87.4,225.9,4.72,-2.02,-35.25,109.1,77.85,302.9,312.82,107.91,77.29,303.4,313.62,1.0
2018-08-18 11:35:00,89.5549,36.74466,979.8,271.98,87.4,226.0,2.37,-1.87,-35.85,108.18,77.64,302.54,313.48,107.72,77.28,303.37,313.67,1.0
2018-08-18 11:35:00,89.5549,36.74465,979.795,271.98,87.4,226.1,-0.32,-1.88,-36.32,109.29,77.57,301.65,314.15,107.46,77.3,303.34,313.65,1.0
2018-08-18 11:35:00,89.5549,36.74465,979.8,271.97,87.4,226.0,0.13,-2.25,-36.39,107.66,77.43,302.19,312.77,107.16,77.35,303.3,313.47,1.0
2018-08-18 11:35:00,89.5549,36.74464,979.812,271.98,87.4,225.9,1.39,-2.43,-36.79,108.31,77.64,302.84,312.89,106.89,77.42,303.22,313.38,1.0
2018-08-18 11:35:00,89.5549,36.74463,979.859,271.98,87.4,225.5,4.88,-2.53,-36.83,108.7,77.85,303.09,313.21,106.7,77.51,303.21,313.33,1.0
2018-08-18 11:35:00,89.5549,36.74463,979.889,271.98,87.4,225.3,7.79,-2.64,-36.82,108.38,77.5,303.0,312.92,106.65,77.6,303.23,313.28,1.0
2018-08-18 11:35:00,89.5549,36.74462,979.873,271.98,87.5,225.4,9.09,-2.76,-36.94,107.59,77.71,303.01,312.82,106.77,77.68,303.32,313.2,1.0
2018-08-18 11:35:00,89.5549,36.74461,979.894,271.98,87.5,225.3,10.32,-2.73,-37.03,108.25,77.64,303.0,313.11,107.04,77.75,303.47,313.06,1.0
2018-08-18 11:35:00,89.5549,36.74461,979.916,271.98,87.5,225.1,11.19,-2.81,-36.78,107.79,77.64,302.82,312.92,107.45,77.8,303.56,313.04,1.0
2018-08-18 11:35:00,89.5549,36.7446,979.971,271.99,87.5,224.6,10.92,-2.98,-37.0,108.51,77.71,303.05,312.9,107.94,77.82,303.61,313.02,1.0
2018-08-18 11:35:00,89.5549,36.74458,979.981,271.99,87.5,224.5,10.65,-3.2,-36.72,107.92,77.57,303.03,312.76,108.46,77.82,303.65,313.01,1.0
2018-08-18 11:35:00,89.5549,36.74455,979.947,271.98,87.5,224.8,10.72,-3.33,-35.93,107.72,77.71,302.91,313.11,108.93,77.8,303.66,313.0,1.0
2018-08-18 11:35:00,89.5549,36.74452,979.98,271.99,87.5,224.6,11.19,-3.25,-35.28,108.18,77.64,303.01,313.11,109.29,77.78,303.65,313.0,1.0
2018-08-18 11:35:00,89.5549,36.74449,980.005,271.99,87.5,224.4,13.69,-3.1,-35.89,108.31,77.78,302.89,312.91,109.49,77.75,303.63,313.0,1.0
2018-08-18 11:35:00,89.5549,36.74447,979.935,271.99,87.5,224.9,15.27,-3.02,-35.94,108.57,77.78,303.08,313.11,109.5,77.72,303.59,312.98,1.0
2018-08-18 11:35:00,89.5549,36.74444,979.925,271.99,87.5,225.0,14.24,-3.0,-36.17,108.18,77.5,302.9,312.91,109.33,77.69,303.54,312.98,1.0
2018-08-18 11:35:00,89.5549,36.74441,979.96,271.99,87.5,224.7,11.83,-3.01,-36.51,108.9,77.71,302.9,313.21,109.0,77.67,303.5,312.96,1.0
2018-08-18 11:35:00,89.55489,36.74438,979.968,271.99,87.5,224.7,9.84,-3.06,-36.74,108.31,77.71,303.26,312.92,108.54,77.63,303.48,312.91,1.0
2018-08-18 11:35:00,89.55489,36.74436,979.973,271.99,87.5,224.6,9.64,-3.27,-36.57,108.51,77.71,302.99,313.11,108.02,77.59,303.47,312.87,1.0
2018-08-18 11:35:00,89.55489,36.74433,980.04,271.99,87.5,224.1,9.17,-3.06,-36.38,108.84,77.5,303.26,313.2,107.49,77.54,303.49,312.83,1.0
2018-08-18 11:35:00,89.55489,36.7443,980.063,271.99,87.5,223.9,10.08,-3.19,-35.98,107.72,77.71,303.17,312.91,106.99,77.47,303.53,312.81,1.0
2018-08-18 11:35:00,89.55489,36.74428,980.057,271.99,87.5,223.9,11.0,-3.23,-35.6,107.92,77.57,303.26,313.0,106.55,77.39,303.58,312.81,1.0
2018-08-18 11:35:00,89.55489,36.74425,980.057,271.99,87.5,223.9,11.93,-3.04,-35.35,108.12,77.71,303.06,312.61,106.2,77.29,303.63,312.79,1.0
2018-08-18 11:35:00,89.55489,36.74422,980.086,271.99,87.5,223.7,14.08,-2.75,-35.24,108.05,77.71,303.17,312.91,105.94,77.21,303.67,312.74,1.0
2018-08-18 11:35:00,89.55489,36.74419,980.124,271.99,87.5,223.4,13.52,-2.82,-35.03,108.64,77.85,303.27,313.2,105.77,77.13,303.7,312.89,1.0
2018-08-18 11:35:00,89.55489,36.74416,980.133,271.99,87.5,223.3,11.59,-2.62,-35.98,108.57,77.64,303.27,313.2,105.68,77.08,303.7,312.97,1.0
2018-08-18 11:35:00,89.55489,36.74413,980.127,271.99,87.5,223.4,8.21,-2.44,-36.04,107.59,77.64,303.45,313.0,105.66,77.06,303.69,313.02,1.0
2018-08-18 11:35:00,89.55489,36.74411,980.132,271.99,87.5,223.3,4.3,-2.43,-35.55,107.2,77.5,302.97,312.61,105.7,77.08,303.64,313.06,1.0
2018-08-18 11:35:00,89.55489,36.74408,980.178,271.99,87.5,222.9,1.34,-2.58,-35.45,108.38,77.3,302.95,311.78,105.81,77.15,303.58,313.08,1.0
2018-08-18 11:35:00,89.55489,36.74405,980.193,271.99,87.6,222.8,2.34,-2.42,-35.35,106.54,77.5,302.96,313.64,106.0,77.24,303.52,313.08,1.0
2018-08-18 11:35:00,89.55489,36.74402,980.237,271.99,87.6,222.5,2.81,-2.33,-34.67,108.77,77.5,303.26,312.94,106.28,77.36,303.45,313.05,1.0
2018-08-18 11:35:00,89.55489,36.74399,980.232,271.99,87.6,222.5,4.1,-2.48,-34.67,107.72,77.64,303.44,312.89,106.66,77.49,303.4,313.0,1.0
2018-08-18 11:35:00,89.55489,36.74397,980.191,272.0,87.6,222.8,6.03,-2.74,-35.2,108.31,77.64,303.26,313.08,107.14,77.61,303.36,312.95,1.0
2018-08-18 11:35:00,89.55489,36.74394,980.166,271.99,87.6,223.0,8.24,-2.89,-35.76,106.74,77.5,303.17,312.79,107.72,77.71,303.34,312.94,1.0
2018-08-18 11:35:00,89.55489,36.74391,980.216,271.99,87.6,222.6,10.4,-2.69,-35.71,106.81,77.5,303.26,313.09,108.38,77.77,303.35,312.99,1.0
2018-08-18 11:35:00,89.55489,36.74391,980.249,271.99,87.6,222.4,9.0,-2.8,-36.38,108.77,77.64,303.26,312.71,109.06,77.8,303.36,312.87,1.0
2018-08-18 11:35:00,89.55489,36.74392,980.273,271.99,87.6,222.2,6.41,-3.09,-36.02,108.31,77.57,303.26,313.2,109.73,77.78,303.35,312.85,1.0
2018-08-18 11:35:00,89.55489,36.74393,980.277,271.99,87.6,222.1,4.23,-3.35,-35.97,106.94,77.64,303.26,313.1,110.33,77.72,303.31,312.87,1.0
2018-08-18 11:35:00,89.55489,36.74393,980.266,272.0,87.6,222.2,2.93,-3.51,-36.3,107.46,77.71,303.17,313.2,110.8,77.63,303.29,312.92,1.0
2018-08-18 11:35:00,89.55489,36.74394,980.264,272.0,87.6,222.2,1.96,-3.67,-36.53,107.4,77.43,303.27,313.2,111.08,77.53,303.28,312.98,1.0
2018-08-18 11:35:00,89.55489,36.74394,980.301,272.0,87.6,221.9,-0.61,-4.24,-37.16,108.7,77.64,303.27,313.1,111.15,77.42,303.26,313.05,1.0
2018-08-18 11:35:00,89.55489,36.74395,980.336,272.0,87.6,221.7,-2.36,-4.55,-39.03,108.25,77.64,302.75,312.88,111.0,77.31,303.26,313.12,1.0
2018-08-18 11:35:00,89.55489,36.74396,980.356,272.0,87.6,221.5,-0.48,-4.87,-40.02,108.31,77.64,302.7,312.79,110.62,77.22,303.23,313.17,1.0
2018-08-18 11:35:00,89.55489,36.74396,980.351,272.0,87.6,221.5,4.03,-5.11,-40.07,109.75,77.43,303.0,313.0,110.06,77.14,303.17,313.24,1.0
2018-08-18 11:35:00,89.55489,36.74397,980.328,272.0,87.6,221.7,8.96,-5.14,-39.76,108.51,77.5,303.28,313.09,109.37,77.08,303.11,313.29,1.0
2018-08-18 11:35:00,89.55489,36.74397,980.365,272.0,87.6,221.4,10.94,-4.94,-39.97,108.31,77.57,303.27,313.09,108.6,77.04,303.06,313.28,1.0
2018-08-18 11:35:00,89.55489,36.74398,980.412,272.0,87.6,221.0,8.17,-5.01,-39.73,107.59,77.5,303.86,312.99,107.83,77.01,303.01,313.3,1.0
2018-08-18 11:35:00,89.55489,36.74399,980.401,272.0,87.6,221.1,5.99,-5.03,-40.45,108.25,77.5,303.48,312.9,107.11,76.98,303.02,313.26,1.0
2018-08-18 11:35:00,89.55488,36.74399,980.389,272.0,87.6,221.2,3.39,-5.16,-41.41,107.98,77.5,303.25,313.42,106.5,76.96,303.09,313.24,1.0
2018-08-18 11:35:00,89.55488,36.744,980.414,272.0,87.6,221.0,0.46,-5.36,-42.03,108.12,77.5,303.25,313.14,106.04,76.95,303.2,313.25,1.0
2018-08-18 11:35:00,89.55488,36.74405,980.433,272.0,87.6,220.9,-1.63,-5.42,-42.02,108.12,77.43,303.17,312.88,105.74,76.93,303.33,313.17,1.0
2018-08-18 11:35:00,89.55488,36.7441,980.475,272.0,87.6,220.5,-4.07,-5.49,-41.7,109.1,77.5,303.35,313.61,105.61,76.92,303.33,313.09,1.0
2018-08-18 11:35:00,89.55488,36.74415,980.514,272.0,87.6,220.2,-5.14,-5.53,-41.1,108.31,77.43,303.15,313.61,105.64,76.92,303.33,313.14,1.0
2018-08-18 11:35:00,89.55488,36.7442,980.521,272.0,87.6,220.2,-5.17,-5.47,-40.22,107.72,77.5,303.7,313.88,105.8,76.91,303.33,313.17,1.0
2018-08-18 11:35:00,89.55488,36.74426,980.512,272.0,87.7,220.2,-4.56,-5.44,-39.31,107.79,77.3,304.14,313.77,106.06,76.92,303.33,313.15,1.0
2018-08-18 11:35:00,89.55488,36.74431,980.528,272.0,87.7,220.1,-3.65,-5.54,-38.68,106.68,77.36,304.69,312.88,106.4,76.93,303.32,313.16,1.0
2018-08-18 11:35:00,89.55488,36.74436,980.572,272.01,87.7,219.7,-2.53,-5.43,-38.25,107.72,77.43,303.02,313.0,106.78,76.95,303.32,313.24,1.0
2018-08-18 11:36:00,89.55488,36.74441,980.562,272.0,87.7,219.8,-0.26,-5.14,-37.77,107.2,77.23,303.61,314.34,107.17,76.98,303.19,313.28,1.0
2018-08-18 11:36:00,89.55488,36.74446,980.561,272.0,87.7,219.8,1.46,-4.99,-37.15,108.84,77.5,303.19,313.59,107.54,76.99,303.17,313.48,1.0
2018-08-18 11:36:00,89.55488,36.74449,980.572,272.01,87.7,219.7,3.13,-4.83,-36.56,107.53,77.23,303.14,313.09,107.88,77.01,303.18,313.6,1.0
2018-08-18 11:36:00,89.55488,36.7445,980.586,272.0,87.7,219.6,5.0,-4.58,-36.2,108.51,77.43,303.34,313.1,108.17,77.01,303.1,313.61,1.0
2018-08-18 11:36:00,89.55488,36.74451,980.621,272.01,87.7,219.3,6.69,-4.37,-36.16,107.2,77.57,303.16,313.1,108.39,77.0,302.99,313.67,1.0
2018-08-18 11:36:00,89.55488,36.74452,980.602,272.0,87.7,219.5,8.14,-4.41,-36.5,108.57,77.3,301.7,312.73,108.52,76.98,303.01,313.68,1.0
2018-08-18 11:36:00,89.55488,36.74454,980.656,272.01,87.7,219.1,6.72,-4.22,-37.03,107.4,77.16,302.59,313.82,108.56,76.95,302.98,313.53,1.0
2018-08-18 11:36:00,89.55488,36.74455,980.663,272.01,87.7,219.0,3.54,-4.18,-37.4,108.31,77.23,303.17,313.52,108.5,76.91,302.97,313.38,1.0
2018-08-18 11:36:00,89.55488,36.74456,980.616,272.01,87.7,219.4,0.36,-4.25,-37.79,106.35,77.23,302.96,312.8,108.34,76.86,302.94,313.21,1.0
2018-08-18 11:36:00,89.55488,36.74457,980.696,272.01,87.7,218.7,-0.6,-4.17,-38.63,108.77,77.5,303.24,312.91,108.07,76.81,302.86,313.0,1.0
2018-08-18 11:36:00,89.55488,36.74458,980.678,272.0,87.7,218.9,0.95,-4.09,-39.32,108.31,77.3,303.33,313.0,107.72,76.77,302.88,312.82,1.0
2018-08-18 11:36:00,89.55488,36.7446,980.711,272.01,87.7,218.6,2.58,-4.21,-39.94,106.94,77.5,303.14,313.11,107.31,76.72,302.95,312.54,1.0
2018-08-18 11:36:00,89.55488,36.74461,980.71,272.01,87.7,218.6,4.24,-4.35,-40.0,108.51,77.16,303.33,313.0,106.86,76.69,302.91,312.28,1.0
2018-08-18 11:36:00,89.55488,36.74462,980.689,272.01,87.7,218.8,5.68,-4.56,-39.82,108.38,77.23,302.65,312.73,106.41,76.66,302.85,312.17,1.0
2018-08-18 11:36:00,89.55488,36.74461,980.708,272.01,87.7,218.6,6.63,-4.83,-39.71,108.44,76.88,302.24,312.8,105.99,76.65,302.84,312.2,1.0
2018-08-18 11:36:00,89.55488,36.74458,980.745,272.01,87.7,218.3,6.83,-4.81,-39.12,107.4,77.23,303.15,313.09,105.65,76.65,302.89,312.28,1.0
2018-08-18 11:36:00,89.55488,36.74454,980.748,272.01,87.7,218.3,6.9,-4.97,-39.32,108.44,77.3,302.38,311.54,105.42,76.66,302.96,312.35,1.0
2018-08-18 11:36:00,89.55488,36.74451,980.769,272.01,87.7,218.1,4.34,-5.21,-39.86,106.02,77.3,302.21,312.46,105.3,76.68,302.96,312.39,1.0
2018-08-18 11:36:00,89.55487,36.74448,980.79,272.01,87.7,218.0,0.73,-5.35,-39.99,107.0,77.16,302.37,313.2,105.32,76.7,302.97,312.42,1.0
2018-08-18 11:36:00,89.55487,36.74444,980.796,272.01,87.7,217.9,-2.62,-5.44,-39.92,107.98,77.09,302.76,313.2,105.45,76.72,303.07,312.48,1.0
2018-08-18 11:36:00,89.55487,36.74441,980.807,272.01,87.7,217.8,-4.74,-5.76,-40.8,107.59,77.23,303.3,313.14,105.69,76.74,303.21,312.49,1.0
2018-08-18 11:36:00,89.55487,36.74438,980.806,272.01,87.7,217.8,-2.37,-5.92,-40.79,108.18,77.23,303.62,311.95,105.99,76.74,303.2,312.42,1.0
2018-08-18 11:36:00,89.55487,36.74435,980.811,272.01,87.7,217.8,-3.19,-5.82,-41.26,106.41,77.09,302.9,311.48,106.31,76.73,303.32,312.42,1.0
2018-08-18 11:36:00,89.55487,36.74431,980.832,272.01,87.7,217.6,-4.27,-5.81,-41.91,107.26,77.02,303.17,311.28,106.61,76.7,303.46,312.32,1.0
2018-08-18 11:36:00,89.55487,36.74428,980.864,272.01,87.7,217.4,-4.78,-5.93,-42.3,107.2,77.02,303.9,311.73,106.86,76.64,303.59,312.16,1.0
2018-08-18 11:36:00,89.55487,36.74424,980.85,272.02,87.7,217.5,-5.51,-5.87,-41.93,107.53,77.09,303.83,311.83,107.03,76.57,303.72,312.02,1.0
2018-08-18 11:36:00,89.55487,36.74421,980.886,272.02,87.8,217.2,-4.64,-5.51,-40.84,108.38,77.09,303.35,311.98,107.09,76.47,303.8,311.93,1.0
2018-08-18 11:36:00,89.55487,36.74414,980.892,272.01,87.7,217.1,-4.21,-5.25,-40.15,107.53,77.16,304.07,311.71,107.06,76.38,303.84,311.96,1.0
2018-08-18 11:36:00,89.55487,36.74408,980.932,272.01,87.7,216.8,-4.57,-5.44,-40.52,106.02,77.09,304.31,312.13,106.93,76.28,303.94,312.09,1.0
2018-08-18 11:36:00,89.55487,36.74402,980.983,272.01,87.8,216.4,-6.46,-5.8,-42.64,106.61,77.16,304.15,312.46,106.75,76.21,304.05,312.32,1.0
2018-08-18 11:36:00,89.55487,36.74396,981.0,272.01,87.8,216.3,-9.09,-6.15,-46.05,107.59,76.88,304.01,312.7,106.54,76.17,304.1,312.66,1.0
2018-08-18 11:36:00,89.55487,36.74389,980.999,272.02,87.8,216.3,-9.41,-6.78,-48.65,107.98,77.09,303.64,312.95,106.34,76.17,304.11,313.06,1.0
2018-08-18 11:36:00,89.55487,36.74383,980.981,272.02,87.8,216.4,-10.06,-6.6,-47.43,108.64,77.09,303.51,313.27,106.19,76.21,304.15,313.32,1.0
2018-08-18 11:36:00,89.55487,36.74377,981.026,272.02,87.8,216.0,-10.86,-6.27,-46.63,107.26,76.88,302.97,312.6,106.11,76.3,304.1,313.54,1.0
2018-08-18 11:36:00,89.55487,36.7437,981.078,272.02,87.8,215.6,-11.25,-6.01,-46.04,105.76,76.67,303.05,313.28,106.13,76.43,304.0,313.69,1.0
2018-08-18 11:36:00,89.55487,36.74364,981.047,272.02,87.8,215.9,-11.36,-5.81,-45.61,106.41,76.74,303.27,313.86,106.25,76.58,303.88,313.77,1.0
2018-08-18 11:36:00,89.55487,36.74358,980.901,272.02,87.8,217.1,-11.64,-5.46,-45.61,108.18,76.74,303.19,314.15,106.47,76.73,303.76,313.77,1.0
2018-08-18 11:36:00,89.55487,36.74351,981.037,272.02,87.8,216.0,-11.11,-5.44,-45.95,106.61,77.02,303.33,312.73,106.76,76.86,303.64,313.7,1.0
2018-08-18 11:36:00,89.55487,36.74345,981.061,272.02,87.8,215.8,-9.3,-5.52,-45.72,107.72,77.09,303.34,313.02,107.12,76.95,303.59,313.58,1.0
2018-08-18 11:36:00,89.55487,36.74346,981.043,272.02,87.8,215.9,-7.66,-5.75,-45.55,106.22,76.95,303.33,313.09,107.51,76.99,303.58,313.47,1.0
2018-08-18 11:36:00,89.55487,36.74347,981.043,272.02,87.8,215.9,-6.53,-6.05,-45.78,107.59,77.02,303.23,313.1,107.9,76.97,303.6,313.34,1.0
2018-08-18 11:36:00,89.55487,36.74348,981.102,272.02,87.8,215.4,-6.16,-6.24,-46.42,107.13,76.81,303.52,313.1,108.27,76.89,303.63,313.16,1.0
2018-08-18 11:36:00,89.55487,36.74349,981.108,272.03,87.8,215.4,-7.22,-6.18,-46.78,107.0,77.09,303.42,313.1,108.61,76.76,303.69,313.0,1.0
2018-08-18 11:36:00,89.55487,36.7435,981.103,272.02,87.8,215.4,-7.06,-6.43,-46.74,107.46,76.81,303.32,313.39,108.91,76.6,303.7,313.0,1.0
2018-08-18 11:36:00,89.55486,36.74351,981.129,272.02,87.8,215.2,-5.61,-6.63,-46.49,107.33,76.95,303.7,313.2,109.15,76.44,303.87,313.06,1.0
2018-08-18 11:36:00,89.55486,36.74352,981.136,272.02,87.8,215.2,-4.43,-6.71,-46.17,107.2,76.81,303.34,313.19,109.33,76.28,304.04,313.11,1.0
2018-08-18 11:36:00,89.55486,36.74353,981.105,272.03,87.8,215.4,-4.21,-6.61,-45.52,107.26,76.88,303.62,312.99,109.45,76.16,304.09,313.15,1.0
2018-08-18 11:36:00,89.55486,36.74354,981.139,272.03,87.8,215.1,-4.54,-6.3,-43.9,108.05,77.02,303.25,313.2,109.51,76.09,304.07,313.23,1.0
2018-08-18 11:36:00,89.55486,36.74355,981.168,272.03,87.8,214.9,-6.16,-6.24,-44.02,107.4,76.88,302.52,313.0,109.52,76.08,304.02,313.19,1.0
2018-08-18 11:36:00,89.55486,36.74356,981.155,272.03,87.8,215.0,-6.99,-6.16,-43.54,107.33,76.81,303.99,312.9,109.46,76.14,303.96,313.21,1.0
2018-08-18 11:36:00,89.55486,36.74357,981.176,272.03,87.8,214.8,-6.72,-5.99,-42.98,107.92,76.54,304.2,312.26,109.34,76.24,303.89,313.23,1.0
2018-08-18 11:36:00,89.55486,36.74358,981.227,272.03,87.8,214.4,-5.39,-5.83,-42.3,106.74,76.74,303.15,312.02,109.15,76.38,303.81,313.21,1.0
2018-08-18 11:36:00,89.55486,36.74359,981.207,272.03,87.8,214.6,-3.22,-5.86,-41.35,108.31,76.74,302.77,312.95,108.9,76.53,303.75,313.15,1.0
2018-08-18 11:36:00,89.55486,36.7436,981.223,272.03,87.8,214.4,-1.69,-5.95,-40.9,107.4,76.81,303.03,311.54,108.59,76.68,303.71,312.98,1.0
2018-08-18 11:36:00,89.55486,36.74366,981.255,272.03,87.8,214.2,-2.74,-5.7,-39.41,108.64,76.67,303.43,312.63,108.23,76.81,303.79,312.92,1.0
2018-08-18 11:36:00,89.55486,36.74372,981.253,272.03,87.8,214.2,-3.81,-5.82,-38.48,107.85,76.67,303.6,312.9,107.82,76.89,303.75,312.91,1.0
2018-08-18 11:36:00,89.55486,36.74378,981.262,272.03,87.8,214.1,-5.8,-5.9,-38.38,107.53,76.88,303.6,313.19,107.4,76.93,303.76,312.93,1.0
2018-08-18 11:36:00,89.55486,36.74384,981.309,272.04,87.8,213.8,-8.13,-5.81,-38.68,107.98,76.81,303.6,312.75,106.97,76.92,303.91,312.94,1.0
2018-08-18 11:36:00,89.55486,36.74389,981.302,272.04,87.8,213.8,-7.35,-5.94,-38.78,107.07,77.02,303.32,311.82,106.56,76.87,304.09,312.92,1.0
2018-08-18 11:36:00,89.55486,36.74395,981.292,272.03,87.8,213.9,-7.01,-5.88,-39.0,107.79,76.67,303.51,313.03,106.19,76.78,304.22,313.07,1.0
2018-08-18 11:36:00,89.55486,36.74401,981.328,272.03,87.8,213.6,-6.0,-5.9,-38.52,107.53,76.88,303.51,313.3,105.88,76.67,304.3,313.11,1.0
2018-08-18 11:36:00,89.55486,36.74407,981.356,272.03,87.8,213.4,-5.34,-5.82,-38.33,107.92,76.88,304.06,312.81,105.64,76.55,304.34,313.13,1.0
2018-08-18 11:36:00,89.55486,36.74413,981.358,272.03,87.9,213.4,-6.14,-5.57,-38.26,107.4,76.74,303.93,312.5,105.47,76.42,304.34,313.14,1.0
2018-08-18 11:36:00,89.55486,36.74418,981.36,272.03,87.9,213.3,-8.91,-5.17,-37.65,107.4,76.6,303.85,312.9,105.39,76.31,304.3,313.16,1.0
2018-08-18 11:36:00,89.55486,36.74421,981.416,272.03,87.9,212.9,-8.14,-5.42,-37.44,106.94,76.74,303.52,313.07,105.37,76.2,304.24,313.28,1.0
2018-08-18 11:36:00,89.55486,36.74424,981.421,272.04,87.9,212.8,-8.65,-5.53,-36.33,108.18,76.81,303.78,313.48,105.43,76.11,304.16,313.28,1.0
2018-08-18 11:36:00,89.55486,36.74428,981.443,272.04,87.9,212.7,-10.42,-5.54,-35.79,107.4,76.67,303.6,313.28,105.53,76.03,304.08,313.27,1.0
2018-08-18 11:36:00,89.55486,36.74431,981.462,272.04,87.9,212.5,-11.83,-5.4,-35.11,107.0,76.67,303.6,313.19,105.68,75.97,303.99,313.3,1.0
2018-08-18 11:36:00,89.55486,36.74435,981.448,272.04,87.9,212.6,-11.66,-5.08,-34.13,106.15,76.67,303.78,313.57,105.84,75.91,303.89,313.36,1.0
2018-08-18 11:36:00,89.55486,36.74438,981.451,272.04,87.9,212.6,-9.69,-4.63,-34.15,107.53,76.81,303.79,313.38,106.01,75.85,303.82,313.43,1.0
2018-08-18 11:36:00,89.55486,36.74442,981.544,272.04,87.9,211.8,-4.79,-4.46,-33.08,106.81,76.6,303.6,313.09,106.15,75.81,303.74,313.46,1.0
2018-08-18 11:36:00,89.55486,36.74445,981.551,272.04,87.9,211.8,-3.81,-4.16,-32.65,107.59,76.67,303.79,313.38,106.27,75.77,303.81,313.4,1.0
2018-08-18 11:36:00,89.55486,36.74448,981.542,272.04,87.9,211.9,-4.58,-3.75,-32.75,107.92,76.47,303.63,313.18,106.35,75.75,303.9,313.36,1.0
2018-08-18 11:36:00,89.55486,36.74452,981.564,272.04,87.9,211.7,-5.63,-3.42,-32.86,106.22,76.6,304.1,313.18,106.37,75.73,303.93,313.37,1.0
2018-08-18 11:36:00,89.55486,36.74455,981.586,272.04,87.9,211.5,-6.13,-3.34,-32.33,107.4,76.67,303.65,313.29,106.34,75.74,303.89,313.37,1.0
2018-08-18 11:36:00,89.55486,36.74459,981.589,272.04,87.9,211.5,-6.04,-2.88,-32.52,107.72,76.4,302.65,313.19,106.26,75.76,303.95,313.35,1.0
2018-08-18 11:36:00,89.55486,36.74465,981.585,272.04,87.9,211.5,-6.58,-2.89,-32.39,106.28,76.54,303.83,311.64,106.14,75.8,303.88,313.32,1.0
2018-08-18 11:36:00,89.55485,36.74471,981.591,272.04,87.9,211.5,-4.98,-2.87,-32.57,107.33,76.4,304.1,312.32,106.01,75.85,303.78,313.29,1.0
2018-08-18 11:36:00,89.55485,36.74476,981.598,272.04,87.9,211.4,-2.3,-2.77,-33.14,105.56,76.47,303.04,313.33,105.89,75.91,303.7,313.25,1.0
2018-08-18 11:36:00,89.55485,36.74482,981.582,272.04,87.9,211.5,-0.55,-2.72,-33.93,107.72,76.4,302.52,313.58,105.82,75.96,303.65,313.22,1.0
2018-08-18 11:36:00,89.55485,36.74488,981.592,272.04,87.9,211.4,-0.04,-2.57,-34.9,107.79,76.47,303.76,313.19,105.81,76.01,303.55,313.19,1.0
2018-08-18 11:36:00,89.55485,36.74494,981.63,272.04,87.9,211.1,-2.14,-2.36,-35.68,107.13,76.47,302.57,313.28,105.89,76.03,303.57,313.17,1.0
2018-08-18 11:36:00,89.55485,36.745,981.638,272.04,87.9,211.1,-2.36,-2.24,-36.33,105.69,76.47,302.5,313.28,106.07,76.02,303.48,313.23,1.0
2018-08-18 11:36:00,89.55485,36.74506,981.62,272.04,87.9,211.2,-1.07,-2.26,-36.93,107.79,76.6,302.82,313.38,106.35,75.98,303.38,313.24,1.0
2018-08-18 11:36:00,89.55485,36.74512,981.607,272.05,87.9,211.3,1.09,-2.35,-37.28,106.81,76.4,303.63,313.38,106.72,75.9,303.38,313.19,1.0
2018-08-18 11:36:00,89.55485,36.74517,981.675,272.05,87.9,210.8,3.63,-2.39,-37.01,106.54,76.47,303.17,313.27,107.14,75.79,303.45,313.18,1.0
2018-08-18 11:36:00,89.55485,36.74523,981.677,272.04,87.9,210.8,6.42,-2.34,-36.73,106.35,76.19,303.8,313.28,107.57,75.63,303.45,313.18,1.0
2018-08-18 11:36:00,89.55485,36.74529,981.702,272.05,87.9,210.5,8.44,-2.35,-36.82,106.94,76.4,303.59,312.98,107.97,75.46,303.58,313.18,1.0
2018-08-18 11:36:00,89.55485,36.74535,981.732,272.05,87.9,210.3,9.5,-2.31,-37.07,106.61,76.4,303.78,313.04,108.29,75.27,303.75,313.2,1.0
2018-08-18 11:36:00,89.55485,36.74541,981.746,272.05,87.9,210.2,9.13,-2.28,-37.7,106.15,76.26,303.88,312.98,108.49,75.09,303.88,313.22,1.0
2018-08-18 11:36:00,89.55485,36.74547,981.75,272.05,87.9,210.2,6.99,-2.39,-39.03,107.79,76.26,303.79,313.74,108.54,74.94,303.93,313.21,1.0
2018-08-18 11:36:00,89.55485,36.74552,981.729,272.05,88.0,210.3,1.44,-2.83,-40.12,108.18,76.33,303.88,313.55,108.43,74.83,303.97,313.24,1.0
2018-08-18 11:36:00,89.55485,36.74558,981.731,272.05,87.9,210.3,-3.23,-3.07,-39.59,106.81,76.26,303.97,313.16,108.18,74.77,303.97,313.26,1.0
2018-08-18 11:36:00,89.55485,36.74564,981.74,272.05,87.9,210.2,-7.68,-3.28,-38.33,107.79,76.33,304.16,313.45,107.81,74.78,304.04,313.28,1.0
2018-08-18 11:36:00,89.55485,36.7457,981.767,272.05,88.0,210.0,-9.91,-3.49,-37.23,107.0,76.12,303.63,313.0,107.36,74.85,304.12,313.36,1.0
2018-08-18 11:36:00,89.55485,36.74576,981.832,272.05,88.0,209.5,-7.91,-3.66,-36.76,106.35,75.84,303.2,312.36,106.89,75.0,304.15,313.47,1.0
2018-08-18 11:36:00,89.55485,36.74582,981.788,272.05,88.0,209.9,-3.51,-3.53,-35.91,106.94,75.98,302.68,312.55,106.46,75.19,304.15,313.51,1.0
2018-08-18 11:36:00,89.55485,36.74587,981.807,272.05,88.0,209.7,-0.06,-3.56,-35.0,107.53,75.98,302.44,312.33,106.11,75.43,304.12,313.5,1.0
2018-08-18 11:36:00,89.55484,36.74593,981.824,272.05,88.0,209.6,2.76,-3.46,-34.24,106.81,75.98,303.54,312.19,105.88,75.68,304.05,313.6,1.0
2018-08-18 11:36:00,89.55484,36.74599,981.834,272.05,88.0,209.5,4.45,-3.47,-33.44,107.0,75.84,303.82,312.66,105.78,75.92,303.98,313.61,1.0
2018-08-18 11:36:00,89.55484,36.74604,981.843,272.05,88.0,209.4,5.08,-3.58,-32.58,107.53,76.12,303.86,313.07,105.81,76.13,303.94,313.53,1.0
2018-08-18 11:36:00,89.55484,36.74609,981.84,272.05,88.0,209.4,5.27,-3.58,-31.77,106.94,76.26,303.76,313.36,105.96,76.29,303.96,313.48,1.0
2018-08-18 11:36:00,89.55484,36.74613,981.833,272.06,88.0,209.5,4.07,-3.43,-30.51,107.59,75.91,303.85,313.36,106.18,76.39,304.06,313.43,1.0
2018-08-18 11:36:00,89.55484,36.74618,981.876,272.06,88.0,209.1,2.27,-3.66,-31.03,105.82,76.19,303.76,314.61,106.44,76.42,304.19,313.44,1.0
2018-08-18 11:36:00,89.55484,36.74623,981.911,272.06,88.0,208.9,-0.32,-3.85,-32.14,106.54,75.98,303.67,314.4,106.71,76.39,304.27,313.51,1.0
2018-08-18 11:36:00,89.55484,36.74628,981.951,272.06,88.0,208.5,-3.26,-3.92,-33.19,106.22,76.19,303.95,313.47,106.93,76.3,304.35,313.6,1.0
2018-08-18 11:36:00,89.55484,36.74633,982.049,272.06,88.0,207.7,-5.01,-3.95,-33.87,107.53,76.12,304.04,313.75,107.09,76.19,304.47,313.71,1.0
2018-08-18 11:36:00,89.55484,36.74638,982.029,272.06,88.0,207.9,-2.06,-3.95,-34.42,106.81,76.12,304.04,313.36,107.18,76.06,304.6,313.87,1.0
2018-08-18 11:36:00,89.55484,36.74643,982.013,272.05,88.0,208.0,0.03,-3.76,-34.9,107.85,76.19,303.77,313.65,107.19,75.95,304.72,314.05,1.0
2018-08-18 11:36:00,89.55484,36.74647,982.009,272.05,88.0,208.1,2.79,-3.64,-35.04,107.26,76.05,304.14,313.45,107.13,75.87,304.74,314.01,1.0
2018-08-18 11:36:00,89.55484,36.74652,982.027,272.05,88.0,207.9,4.4,-3.63,-35.04,106.22,76.05,303.86,313.65,107.04,75.83,304.69,314.01,1.0
2018-08-18 11:36:00,89.55484,36.74657,982.052,272.06,88.0,207.7,4.92,-3.67,-35.02,107.0,75.98,304.24,313.66,106.92,75.83,304.63,314.1,1.0
2018-08-18 11:36:00,89.55484,36.74662,982.006,272.06,88.0,208.1,7.6,-3.67,-35.0,106.74,76.19,304.05,313.45,106.8,75.86,304.59,314.12,1.0
2018-08-18 11:36:00,89.55484,36.74667,982.002,272.06,88.0,208.1,7.16,-3.83,-36.53,107.66,75.91,304.05,313.36,106.68,75.92,304.51,314.07,1.0
2018-08-18 11:36:00,89.55484,36.74672,982.038,272.06,88.0,207.8,6.34,-4.32,-38.12,106.35,76.05,302.74,312.69,106.57,75.98,304.4,313.93,1.0
2018-08-18 11:36:00,89.55484,36.74678,982.066,272.06,88.0,207.6,4.23,-4.66,-39.9,106.61,75.91,302.9,312.72,106.46,76.02,304.27,313.74,1.0
2018-08-18 11:36:00,89.55484,36.74684,982.064,272.05,88.0,207.6,2.46,-4.67,-41.26,107.26,76.05,303.42,313.17,106.34,76.03,304.15,313.51,1.0
2018-08-18 11:36:00,89.55484,36.7469,982.089,272.06,88.0,207.4,3.75,-4.66,-41.59,107.0,76.12,304.16,313.46,106.2,75.98,304.05,313.25,1.0
2018-08-18 11:36:00,89.55484,36.74696,982.101,272.06,88.0,207.3,4.04,-4.98,-41.54,107.33,76.05,304.35,313.36,106.02,75.88,303.98,312.9,1.0
2018-08-18 11:36:00,89.55484,36.74702,982.134,272.06,88.0,207.0,3.96,-5.0,-40.36,106.35,76.19,304.16,313.36,105.8,75.74,303.92,312.7,1.0
2018-08-18 11:36:00,89.55484,36.74708,982.171,272.06,88.0,206.7,4.16,-5.31,-39.02,106.54,76.19,304.34,313.36,105.55,75.56,304.03,312.62,1.0
2018-08-18 11:36:00,89.55484,36.74715,982.187,272.06,88.0,206.6,5.64,-5.35,-37.91,106.54,76.05,304.14,313.74,105.29,75.37,304.21,312.63,1.0
2018-08-18 11:36:00,89.55484,36.74721,982.165,272.06,88.0,206.8,8.3,-4.97,-37.37,106.87,75.91,304.33,313.16,105.04,75.19,304.34,312.71,1.0
2018-08-18 11:36:00,89.55484,36.74727,982.138,272.06,88.0,207.0,10.36,-4.93,-37.53,107.07,76.05,304.22,311.79,104.85,75.05,304.41,312.83,1.0
2018-08-18 11:36:00,89.55484,36.74731,982.157,272.06,88.0,206.9,7.67,-4.9,-38.19,107.0,75.78,303.76,312.63,104.75,74.97,304.47,313.01,1.0
2018-08-18 11:36:00,89.55484,36.74733,982.189,272.06,88.0,206.6,5.95,-4.85,-38.76,107.0,75.98,304.18,312.54,104.77,74.96,304.66,313.22,1.0
2018-08-18 11:36:00,89.55484,36.74735,982.209,272.06,88.0,206.4,4.95,-4.88,-39.21,106.94,75.98,304.49,313.07,104.96,75.01,304.77,313.39,1.0
2018-08-18 11:36:00,89.55484,36.74737,982.222,272.06,88.1,206.3,4.21,-5.0,-39.68,105.43,75.98,304.41,313.68,105.3,75.14,304.76,313.51,1.0
2018-08-18 11:36:00,89.55484,36.74739,982.283,272.06,88.1,205.8,3.65,-5.15,-40.32,106.48,75.71,303.85,313.36,105.8,75.31,304.74,313.6,1.0
2018-08-18 11:36:00,89.55484,36.74741,982.238,272.07,88.1,206.2,2.52,-5.22,-40.37,105.56,75.57,303.93,313.24,106.43,75.51,304.77,313.76,1.0
2018-08-18 11:36:00,89.55484,36.74743,982.274,272.06,88.1,205.9,4.05,-5.19,-40.31,106.54,75.57,305.43,313.18,107.12,75.7,304.76,313.79,1.0
2018-08-18 11:36:00,89.55484,36.74745,982.293,272.06,88.1,205.8,5.51,-4.96,-40.69,105.89,75.98,305.07,313.33,107.82,75.87,304.73,313.81,1.0
2018-08-18 11:36:00,89.55484,36.74747,982.291,272.06,88.1,205.8,6.32,-4.79,-41.32,106.61,76.05,304.31,313.44,108.45,76.0,304.7,313.77,1.0
2018-08-18 11:36:00,89.55483,36.74749,982.326,272.07,88.1,205.5,6.74,-4.79,-41.76,106.61,75.91,304.48,313.53,108.94,76.07,304.7,313.68,1.0
2018-08-18 11:36:00,89.55483,36.74751,982.33,272.06,88.1,205.4,7.25,-4.24,-41.57,108.12,75.91,305.16,313.62,109.25,76.07,304.73,313.61,1.0
2018-08-18 11:36:00,89.55483,36.74753,982.355,272.07,88.1,205.2,7.69,-4.26,-42.59,107.72,75.84,304.37,313.55,109.34,76.02,304.78,313.55,1.0
2018-08-18 11:36:00,89.55483,36.74755,982.373,272.06,88.1,205.1,5.21,-4.04,-41.66,105.76,75.91,304.3,313.81,109.18,75.92,304.69,313.5,1.0
2018-08-18 11:36:00,89.55483,36.74756,982.386,272.06,88.1,205.0,2.38,-3.94,-40.23,105.96,75.98,304.46,313.48,108.81,75.79,304.67,313.48,1.0
2018-08-18 11:36:00,89.55483,36.74758,982.398,272.07,88.1,204.9,0.44,-4.07,-39.14,107.2,75.84,304.21,313.64,108.26,75.66,304.73,313.5,1.0
2018-08-18 11:36:00,89.55483,36.74759,982.403,272.07,88.1,204.9,-1.38,-4.21,-38.04,107.53,75.78,304.31,313.44,107.6,75.52,304.76,313.53,1.0
2018-08-18 11:36:00,89.55483,36.7476,982.457,272.07,88.1,204.4,-1.45,-4.03,-36.64,107.0,75.91,304.3,313.44,106.91,75.41,304.68,313.54,1.0
2018-08-18 11:36:00,89.55483,36.74761,982.425,272.07,88.1,204.7,-0.23,-3.95,-35.54,106.81,75.71,304.3,313.53,106.27,75.32,304.61,313.54,1.0
2018-08-18 11:36:00,89.55483,36.74763,982.42,272.07,88.1,204.7,2.89,-3.79,-34.46,107.13,75.84,304.21,313.82,105.74,75.25,304.48,313.52,1.0
2018-08-18 11:36:00,89.55483,36.74764,982.471,272.07,88.1,204.3,6.48,-3.56,-33.48,107.4,75.84,304.3,313.9,105.38,75.2,304.33,313.47,1.0
2018-08-18 11:36:00,89.55483,36.74765,982.524,272.07,88.1,203.9,8.3,-3.32,-32.73,106.61,75.78,304.49,313.21,105.22,75.15,304.21,313.41,1.0
2018-08-18 11:36:00,89.55483,36.74766,982.471,272.07,88.1,204.3,6.9,-3.1,-32.21,106.61,75.91,304.21,313.71,105.26,75.1,304.12,313.34,1.0
2018-08-18 11:36:00,89.55483,36.74768,982.474,272.07,88.1,204.3,4.9,-2.74,-31.75,107.33,75.71,304.11,313.39,105.48,75.03,304.03,313.28,1.0
2018-08-18 11:36:00,89.55483,36.74769,982.508,272.07,88.1,204.0,5.44,-2.53,-30.89,105.56,75.84,303.86,313.65,105.84,74.94,303.97,313.24,1.0
2018-08-18 11:36:00,89.55483,36.74771,982.519,272.07,88.1,203.9,5.92,-2.3,-30.31,106.87,75.57,303.92,313.43,106.26,74.82,303.93,313.23,1.0
2018-08-18 11:36:00,89.55483,36.74775,982.49,272.07,88.1,204.1,4.59,-2.1,-30.43,106.28,75.71,303.84,313.62,106.7,74.7,303.93,313.24,1.0
2018-08-18 11:36:00,89.55483,36.7478,982.6,272.07,88.1,203.3,2.93,-2.36,-30.87,107.13,75.5,304.4,313.33,107.1,74.57,303.94,313.29,1.0
2018-08-18 11:36:00,89.55483,36.74785,982.538,272.07,88.1,203.8,3.06,-2.49,-32.03,105.96,75.78,304.3,313.64,107.41,74.46,303.91,313.42,1.0
2018-08-18 11:36:00,89.55483,36.74789,982.531,272.07,88.1,203.8,4.25,-2.58,-33.38,106.87,75.64,304.2,313.34,107.62,74.39,303.94,313.46,1.0
2018-08-18 11:36:00,89.55483,36.74794,982.551,272.07,88.1,203.7,5.12,-2.78,-34.81,107.53,75.71,304.39,313.33,107.71,74.38,304.01,313.44,1.0
2018-08-18 11:36:00,89.55483,36.74799,982.556,272.07,88.1,203.6,4.92,-2.99,-36.31,106.74,75.57,304.3,313.33,107.71,74.43,304.07,313.43,1.0
2018-08-18 11:36:00,89.55483,36.74803,982.527,272.07,88.2,203.8,3.7,-3.01,-37.98,106.41,75.57,304.12,313.21,107.63,74.55,304.07,313.48,1.0
2018-08-18 11:36:00,89.55483,36.74808,982.513,272.07,88.1,204.0,4.59,-3.47,-38.93,106.81,75.29,303.36,314.04,107.53,74.73,303.99,313.51,1.0
2018-08-18 11:36:00,89.55483,36.74813,982.596,272.07,88.1,203.3,5.5,-3.37,-39.13,107.92,75.36,303.54,313.03,107.43,74.97,303.94,313.53,1.0
2018-08-18 11:36:00,89.55483,36.74817,982.662,272.07,88.2,202.8,7.15,-3.68,-38.9,106.68,75.36,303.93,312.1,107.36,75.25,303.88,313.55,1.0
2018-08-18 11:36:00,89.55483,36.74822,982.685,272.08,88.2,202.6,8.38,-4.19,-38.63,106.41,75.22,303.93,312.5,107.33,75.53,303.83,313.57,1.0
2018-08-18 11:36:00,89.55482,36.74827,982.739,272.08,88.2,202.1,7.42,-4.24,-38.64,107.13,75.5,304.2,313.41,107.35,75.79,303.79,313.59,1.0
2018-08-18 11:36:00,89.55482,36.74831,982.69,272.08,88.2,202.5,7.77,-4.47,-38.45,106.74,75.64,303.59,313.49,107.41,76.01,303.78,313.63,1.0
2018-08-18 11:36:00,89.55482,36.74834,982.744,272.08,88.2,202.1,5.38,-4.82,-38.98,106.81,75.5,304.0,313.02,107.47,76.16,303.85,313.63,1.0
2018-08-18 11:36:00,89.55482,36.74837,982.75,272.08,88.2,202.0,6.67,-4.84,-38.98,106.35,75.57,304.19,313.83,107.53,76.23,303.91,313.74,1.0
2018-08-18 11:36:00,89.55482,36.7484,982.734,272.08,88.2,202.2,8.15,-5.06,-38.68,107.26,75.57,304.29,313.54,107.56,76.21,303.96,313.92,1.0
2018-08-18 11:36:00,89.55482,36.74842,982.74,272.08,88.2,202.1,8.27,-5.41,-38.18,106.68,75.57,304.29,313.72,107.54,76.12,304.02,314.09,1.0
2018-08-18 11:36:00,89.55482,36.74845,982.742,272.08,88.2,202.1,8.57,-5.14,-37.35,106.94,75.71,304.37,313.72,107.46,75.96,304.1,314.17,1.0
2018-08-18 11:36:00,89.55482,36.74848,982.746,272.08,88.2,202.1,4.93,-5.4,-36.22,107.46,75.64,304.17,313.52,107.33,75.76,304.18,314.23,1.0
2018-08-18 11:36:00,89.55482,36.74851,982.753,272.08,88.2,202.0,2.09,-5.42,-36.08,107.4,75.43,304.08,313.62,107.17,75.53,304.21,314.25,1.0
2018-08-18 11:36:00,89.55482,36.74854,982.777,272.08,88.2,201.8,-0.17,-5.55,-36.47,107.46,75.71,304.28,313.72,106.98,75.3,304.19,314.28,1.0
2018-08-18 11:36:00,89.55482,36.74856,982.8,272.08,88.2,201.6,-1.22,-5.53,-36.66,106.94,75.64,304.27,314.02,106.79,75.09,304.14,314.32,1.0
2018-08-18 11:36:00,89.55482,36.74859,982.787,272.08,88.2,201.7,-0.75,-5.06,-36.15,106.74,75.64,304.34,313.53,106.62,74.92,304.07,314.32,1.0
2018-08-18 11:36:00,89.55482,36.74862,982.797,272.08,88.2,201.7,-1.6,-5.3,-36.28,106.35,75.5,304.12,313.62,106.48,74.79,304.02,314.25,1.0
2018-08-18 11:36:00,89.55482,36.74865,982.836,272.09,88.2,201.3,-0.95,-5.18,-36.32,107.59,75.5,304.29,313.71,106.38,74.73,303.97,314.18,1.0
2018-08-18 11:36:00,89.55482,36.74868,982.872,272.09,88.2,201.0,0.09,-5.3,-36.67,106.02,75.5,304.33,314.08,106.32,74.71,303.93,314.12,1.0
2018-08-18 11:36:00,89.55482,36.7487,982.902,272.08,88.2,200.8,0.11,-5.44,-37.16,107.13,75.22,303.99,314.58,106.3,74.75,303.88,314.07,1.0
2018-08-18 11:36:00,89.55482,36.74872,982.936,272.08,88.2,200.5,-1.46,-5.4,-37.44,107.0,75.36,303.71,314.39,106.3,74.81,303.81,314.05,1.0
2018-08-18 11:36:00,89.55482,36.74871,982.896,272.09,88.2,200.9,-3.31,-5.33,-36.85,106.41,75.5,303.92,313.88,106.33,74.91,303.77,314.05,1.0
2018-08-18 11:36:00,89.55482,36.74871,982.892,272.09,88.2,200.9,-1.94,-5.3,-36.84,107.98,75.43,304.11,313.62,106.38,75.01,303.77,314.07,1.0
2018-08-18 11:36:00,89.55482,36.7487,982.88,272.09,88.2,201.0,-1.16,-5.12,-36.48,106.54,75.5,304.29,313.71,106.45,75.12,303.77,314.09,1.0
2018-08-18 11:36:00,89.55482,36.7487,982.891,272.09,88.2,200.9,-0.31,-5.22,-37.25,106.61,75.5,304.0,313.4,106.55,75.21,303.79,314.06,1.0
2018-08-18 11:36:00,89.55482,36.74869,982.938,272.08,88.2,200.5,0.86,-5.62,-38.94,107.0,75.36,303.72,313.79,106.68,75.28,303.8,314.0,1.0
2018-08-18 11:36:00,89.55482,36.74868,982.972,272.08,88.2,200.2,2.15,-5.91,-39.83,107.4,75.29,303.77,313.71,106.85,75.33,303.78,313.93,1.0
2018-08-18 11:36:00,89.55482,36.74868,982.992,272.09,88.2,200.1,-0.16,-5.69,-41.54,106.22,75.43,303.98,313.72,107.05,75.34,303.76,313.91,1.0
2018-08-18 11:36:00,89.55482,36.74868,982.986,272.09,88.2,200.1,1.86,-5.63,-41.39,106.81,75.36,304.09,313.32,107.3,75.33,303.74,313.87,1.0
2018-08-18 11:36:00,89.55482,36.74867,982.985,272.09,88.2,200.1,4.13,-5.7,-40.66,106.81,75.5,303.8,313.62,107.58,75.28,303.72,313.72,1.0
2018-08-18 11:36:00,89.55481,36.74866,982.991,272.09,88.2,200.1,5.27,-5.72,-39.79,106.35,75.36,303.82,313.71,107.87,75.21,303.72,313.59,1.0
2018-08-18 11:36:00,89.55481,36.74865,982.979,272.08,88.2,200.2,4.96,-5.61,-38.81,107.4,75.36,303.78,313.94,108.15,75.11,303.76,313.57,1.0
2018-08-18 11:36:00,89.55481,36.74865,983.014,272.08,88.2,199.9,2.42,-5.66,-37.99,106.54,75.36,304.0,313.73,108.41,75.0,303.79,313.58,1.0
2018-08-18 11:36:00,89.55481,36.74864,983.006,272.09,88.2,200.0,2.95,-5.68,-40.58,107.53,75.43,304.1,313.62,108.63,74.89,303.81,313.6,1.0
2018-08-18 11:36:00,89.55481,36.74863,983.01,272.09,88.2,199.9,3.13,-5.61,-41.85,106.87,75.57,304.1,313.01,108.78,74.77,303.84,313.64,1.0
2018-08-18 11:36:00,89.55481,36.74862,983.047,272.09,88.2,199.6,2.47,-5.48,-42.13,107.53,75.22,304.1,312.6,108.86,74.66,303.87,313.69,1.0
2018-08-18 11:36:00,89.55481,36.74861,983.096,272.09,88.2,199.2,1.18,-5.26,-42.04,106.48,75.36,304.27,313.71,108.86,74.57,303.88,313.76,1.0
2018-08-18 11:36:00,89.55481,36.7486,983.044,272.09,88.3,199.7,0.07,-4.93,-41.95,107.0,75.29,304.09,313.9,108.8,74.49,303.86,313.86,1.0
2018-08-18 11:36:00,89.55481,36.7486,983.12,272.09,88.3,199.0,0.24,-5.12,-40.98,107.59,75.29,304.01,313.72,108.67,74.44,303.84,313.88,1.0
2018-08-18 11:36:00,89.55481,36.74859,983.168,272.09,88.3,198.6,0.15,-4.91,-40.02,107.85,75.29,304.1,313.72,108.5,74.41,303.81,313.87,1.0
2018-08-18 11:36:00,89.55481,36.74858,983.189,272.09,88.3,198.5,0.35,-4.89,-39.24,107.85,75.16,304.0,313.72,108.3,74.4,303.76,313.94,1.0
2018-08-18 11:36:00,89.5548,36.74857,983.198,272.09,88.3,198.4,1.06,-5.08,-38.97,107.13,75.22,303.76,314.26,108.09,74.4,303.72,313.99,1.0
2018-08-18 11:36:00,89.5548,36.7486,983.211,272.1,88.3,198.3,1.89,-5.2,-39.52,106.02,75.02,303.44,314.69,107.87,74.42,303.67,313.93,1.0
2018-08-18 11:36:00,89.5548,36.74866,983.234,272.09,88.3,198.1,-1.14,-5.03,-40.76,107.33,75.16,303.86,313.77,107.66,74.45,303.64,313.87,1.0
2018-08-18 11:36:00,89.5548,36.74871,983.262,272.1,88.3,197.9,-2.93,-5.08,-40.68,107.98,75.22,304.17,313.71,107.46,74.48,303.62,313.82,1.0
2018-08-18 11:36:00,89.5548,36.74876,983.26,272.1,88.3,197.9,-1.9,-4.72,-40.35,107.92,75.29,303.99,313.62,107.28,74.5,303.61,313.79,1.0
2018-08-18 11:36:00,89.5548,36.74881,983.267,272.09,88.3,197.8,-0.08,-4.35,-39.44,106.61,75.02,303.99,313.71,107.12,74.53,303.6,313.83,1.0
2018-08-18 11:36:00,89.5548,36.74886,983.333,272.1,88.3,197.3,1.25,-4.27,-37.79,107.13,75.16,304.0,313.9,106.99,74.54,303.59,313.89,1.0
2018-08-18 11:36:00,89.5548,36.74891,983.381,272.1,88.3,196.9,4.28,-4.16,-36.37,107.4,75.09,304.27,314.0,106.9,74.56,303.62,313.87,1.0
2018-08-18 11:36:00,89.5548,36.74896,983.363,272.1,88.3,197.1,4.72,-4.25,-36.62,107.59,75.22,303.99,313.71,106.86,74.56,303.61,313.98,1.0
2018-08-18 11:36:00,89.5548,36.74901,983.34,272.1,88.3,197.2,1.88,-4.02,-37.35,108.12,75.02,303.81,313.7,106.87,74.55,303.59,314.07,1.0
2018-08-18 11:36:00,89.5548,36.74906,983.336,272.1,88.3,197.3,-1.62,-3.7,-38.04,106.35,75.02,303.74,313.9,106.96,74.54,303.56,314.13,1.0
2018-08-18 11:36:00,89.5548,36.74911,983.355,272.1,88.3,197.1,-4.36,-3.48,-38.39,107.46,74.88,303.29,314.4,107.11,74.51,303.5,314.18,1.0
2018-08-18 11:36:00,89.5548,36.74916,983.387,272.11,88.3,196.9,-6.49,-3.41,-38.34,107.4,74.95,303.41,313.95,107.32,74.48,303.42,314.23,1.0
2018-08-18 11:36:00,89.5548,36.74922,983.335,272.1,88.3,197.3,-2.05,-3.12,-38.2,107.0,75.16,303.53,314.32,107.58,74.44,303.35,314.25,1.0
2018-08-18 11:36:00,89.5548,36.74927,983.342,272.1,88.3,197.2,0.15,-3.0,-38.14,106.94,75.09,303.77,313.7,107.86,74.38,303.3,314.26,1.0
2018-08-18 11:36:00,89.5548,36.74933,983.386,272.1,88.3,196.9,0.41,-2.81,-38.04,107.13,75.16,303.91,313.7,108.13,74.33,303.23,314.27,1.0
2018-08-18 11:36:00,89.5548,36.74938,983.427,272.1,88.3,196.5,0.12,-2.71,-37.63,107.66,74.88,304.0,313.96,108.37,74.27,303.22,314.23,1.0
2018-08-18 11:36:00,89.5548,36.74944,983.436,272.1,88.3,196.5,0.74,-2.87,-36.98,106.81,74.88,303.76,313.66,108.53,74.21,303.29,314.15,1.0
2018-08-18 11:36:00,89.5548,36.74949,983.484,272.11,88.3,196.1,2.35,-3.11,-37.64,108.18,74.88,303.88,314.0,108.61,74.17,303.37,314.07,1.0
2018-08-18 11:36:00,89.5548,36.74955,983.536,272.11,88.3,195.7,0.57,-2.97,-38.37,106.81,75.02,303.97,313.81,108.58,74.14,303.45,314.0,1.0
2018-08-18 11:36:00,89.5548,36.7496,983.554,272.11,88.3,195.5,-2.15,-3.13,-39.53,107.72,74.88,303.49,314.07,108.46,74.14,303.51,313.9,1.0
2018-08-18 11:36:00,89.5548,36.74966,983.561,272.11,88.3,195.5,-5.54,-3.43,-40.89,108.25,74.88,303.49,313.78,108.24,74.16,303.55,313.82,1.0
2018-08-18 11:36:00,89.55479,36.74971,983.588,272.11,88.3,195.2,-8.93,-3.55,-41.71,106.61,74.88,303.72,313.76,107.98,74.2,303.57,313.82,1.0
2018-08-18 11:36:00,89.55479,36.74977,983.631,272.11,88.3,194.9,-10.92,-3.13,-40.58,107.79,74.74,303.81,313.29,107.69,74.25,303.57,313.81,1.0
2018-08-18 11:36:00,89.55479,36.74982,983.589,272.11,88.3,195.2,-9.48,-3.0,-40.04,108.31,74.88,303.71,313.59,107.43,74.32,303.53,313.8,1.0
2018-08-18 11:36:00,89.55479,36.74986,983.574,272.11,88.3,195.4,-6.62,-3.05,-39.91,107.59,74.67,303.87,313.03,107.23,74.38,303.44,313.79,1.0
2018-08-18 11:36:00,89.55479,36.74988,983.602,272.11,88.3,195.1,-2.78,-3.1,-39.16,106.54,74.74,303.79,312.97,107.11,74.42,303.38,313.78,1.0
2018-08-18 11:36:00,89.55479,36.7499,983.624,272.11,88.3,194.9,0.02,-3.12,-38.23,108.31,74.95,303.81,314.0,107.1,74.44,303.32,313.76,1.0
2018-08-18 11:36:00,89.55479,36.74992,983.565,272.11,88.3,195.4,-0.21,-3.28,-38.79,106.35,74.74,303.81,313.81,107.18,74.44,303.23,313.76,1.0
2018-08-18 11:36:00,89.55479,36.74994,983.606,272.11,88.3,195.1,-1.68,-3.78,-42.31,107.46,74.74,303.72,314.19,107.33,74.4,303.18,313.81,1.0
2018-08-18 11:36:00,89.55479,36.74996,983.631,272.11,88.3,194.9,-0.98,-3.45,-42.07,107.2,74.88,303.81,313.71,107.53,74.34,303.17,313.82,1.0
2018-08-18 11:36:00,89.55479,36.74998,983.643,272.11,88.3,194.8,-0.68,-3.3,-41.37,107.79,74.95,304.0,313.8,107.72,74.27,303.25,313.91,1.0
2018-08-18 11:36:00,89.55479,36.75,983.649,272.11,88.3,194.7,-0.15,-3.28,-40.6,107.2,74.53,303.81,313.9,107.85,74.2,303.34,314.01,1.0
2018-08-18 11:36:00,89.55479,36.75002,983.668,272.11,88.3,194.6,1.25,-3.15,-39.68,108.18,74.81,303.81,313.9,107.88,74.15,303.41,314.06,1.0
2018-08-18 11:36:00,89.55479,36.75005,983.746,272.12,88.3,194.0,2.26,-2.82,-39.18,107.72,74.67,303.62,313.99,107.78,74.12,303.52,314.03,1.0
2018-08-18 11:36:00,89.55479,36.75007,983.676,272.12,88.3,194.5,5.48,-2.75,-38.99,107.53,74.88,303.89,313.65,107.53,74.14,303.63,313.98,1.0
2018-08-18 11:36:00,89.55479,36.75009,983.708,272.11,88.3,194.3,6.8,-2.72,-39.04,107.4,74.53,304.2,313.78,107.15,74.2,303.71,313.93,1.0
2018-08-18 11:36:00,89.55479,36.75011,983.791,272.11,88.3,193.6,5.99,-2.67,-39.01,107.98,74.67,303.76,314.22,106.65,74.31,303.74,313.86,1.0
2018-08-18 11:36:00,89.55479,36.75013,983.831,272.12,88.3,193.3,4.88,-2.5,-38.87,106.09,74.46,303.19,314.32,106.08,74.45,303.73,313.79,1.0
2018-08-18 11:36:00,89.55479,36.75015,983.782,272.12,88.3,193.7,7.0,-2.09,-38.97,107.79,74.74,303.61,313.71,105.5,74.61,303.68,313.73,1.0
2018-08-18 11:36:00,89.55479,36.75017,983.797,272.12,88.3,193.5,7.58,-1.98,-39.54,107.2,74.6,303.7,313.9,104.97,74.77,303.59,313.69,1.0
2018-08-18 11:36:00,89.55479,36.7502,983.819,272.12,88.3,193.4,5.23,-1.88,-39.82,107.98,74.67,303.64,313.9,104.55,74.91,303.48,313.66,1.0
2018-08-18 11:36:00,89.55479,36.75025,983.82,272.12,88.3,193.4,1.08,-1.81,-39.66,107.79,74.74,303.53,314.0,104.29,75.02,303.32,313.66,1.0
2018-08-18 11:36:00,89.55479,36.7503,983.821,272.12,88.3,193.3,-2.66,-1.8,-39.47,107.0,74.67,303.8,313.81,104.22,75.07,303.2,313.64,1.0
2018-08-18 11:36:00,89.55479,36.75035,983.874,272.12,88.3,192.9,-4.48,-1.88,-39.8,106.54,74.67,303.71,313.99,104.34,75.08,303.16,313.62,1.0
2018-08-18 11:36:00,89.55479,36.7504,983.898,272.12,88.3,192.7,-6.65,-2.02,-41.07,107.66,74.74,303.53,313.99,104.63,75.03,303.14,313.66,1.0
2018-08-18 11:36:00,89.55479,36.75045,983.92,272.12,88.3,192.5,-6.4,-1.92,-41.68,106.54,74.81,303.72,313.7,105.06,74.94,303.16,313.7,1.0
2018-08-18 11:36:00,89.55479,36.7505,983.921,272.12,88.3,192.5,-4.16,-1.77,-41.92,104.78,74.74,303.71,313.89,105.57,74.83,303.23,313.72,1.0
2018-08-18 11:36:00,89.55479,36.75055,983.921,272.12,88.3,192.5,-1.56,-1.63,-42.24,107.59,74.67,303.99,313.85,106.1,74.71,303.33,313.73,1.0
2018-08-18 11:36:00,89.55479,36.75059,983.947,272.12,88.3,192.3,0.29,-1.51,-42.84,107.59,74.88,303.62,314.02,106.59,74.61,303.46,313.71,1.0
2018-08-18 11:36:00,89.55479,36.75065,983.965,272.13,88.3,192.2,1.15,-1.47,-43.3,106.61,74.74,303.81,313.8,107.0,74.53,303.58,313.68,1.0
2018-08-18 11:36:00,89.55479,36.75073,983.956,272.13,88.3,192.2,-1.51,-1.5,-43.95,107.0,74.74,303.53,313.61,107.28,74.49,303.68,313.63,1.0
2018-08-18 11:36:00,89.55479,36.75082,983.969,272.13,88.3,192.1,-4.89,-1.83,-44.27,106.28,74.67,303.82,313.99,107.43,74.49,303.76,313.58,1.0
2018-08-18 11:36:00,89.55479,36.7509,983.982,272.13,88.3,192.0,-6.97,-2.12,-44.34,107.92,74.81,303.84,313.71,107.44,74.53,303.79,313.54,1.0
2018-08-18 11:36:00,89.55479,36.75098,983.984,272.13,88.3,192.0,-7.33,-2.29,-44.14,106.74,74.46,303.58,313.72,107.34,74.6,303.78,313.5,1.0
2018-08-18 11:36:00,89.55479,36.75107,983.996,272.13,88.3,191.9,-6.68,-2.45,-43.57,106.48,74.46,303.56,313.81,107.16,74.69,303.73,313.48,1.0
2018-08-18 11:36:00,89.55479,36.75115,984.044,272.13,88.4,191.5,-5.54,-2.46,-42.75,106.87,74.53,303.27,313.73,106.94,74.77,303.66,313.49,1.0
2018-08-18 11:36:00,89.55479,36.75123,984.069,272.12,88.4,191.3,-4.23,-2.64,-42.12,107.0,74.81,303.45,313.62,106.71,74.85,303.58,313.55,1.0
2018-08-18 11:36:00,89.55479,36.75132,984.078,272.12,88.4,191.3,-2.48,-2.58,-41.56,107.72,75.02,303.65,313.81,106.5,74.9,303.51,313.61,1.0
2018-08-18 11:36:00,89.55479,36.7514,984.091,272.13,88.4,191.2,-1.03,-2.38,-41.14,106.61,74.74,303.56,313.8,106.33,74.94,303.44,313.66,1.0
2018-08-18 11:36:00,89.55479,36.75148,984.131,272.13,88.4,190.8,-0.79,-2.31,-40.92,107.2,74.74,303.53,313.79,106.2,74.95,303.38,313.69,1.0
2018-08-18 11:36:00,89.55479,36.75157,984.151,272.13,88.4,190.7,-3.41,-2.65,-40.67,106.74,74.74,303.53,313.79,106.1,74.95,303.4,313.73,1.0
2018-08-18 11:36:00,89.55479,36.75164,984.088,272.13,88.4,191.2,-5.22,-2.59,-40.18,106.74,74.74,303.43,313.8,106.01,74.95,303.46,313.76,1.0
2018-08-18 11:36:00,89.55479,36.75169,984.118,272.13,88.4,190.9,-6.81,-2.49,-39.41,106.35,74.74,303.49,313.7,105.93,74.96,303.66,313.76,1.0
2018-08-18 11:36:00,89.55479,36.75173,984.159,272.13,88.4,190.6,-7.62,-2.45,-38.95,106.94,74.53,303.42,313.5,105.84,74.99,303.85,313.74,1.0
2018-08-18 11:36:00,89.55479,36.75178,984.132,272.13,88.4,190.8,-7.31,-2.39,-38.9,106.09,74.67,303.14,313.42,105.74,75.05,303.99,313.7,1.0
2018-08-18 11:36:00,89.55479,36.75183,984.192,272.13,88.4,190.3,-6.18,-2.03,-38.62,106.81,74.74,303.81,313.69,105.62,75.13,304.14,313.65,1.0
2018-08-18 11:36:00,89.55479,36.75188,984.176,272.14,88.4,190.5,-7.11,-1.81,-39.24,107.0,74.74,303.83,313.8,105.49,75.23,304.25,313.6,1.0
2018-08-18 11:36:00,89.55479,36.75193,984.273,272.14,88.4,189.7,-7.39,-1.83,-39.46,107.92,74.95,304.83,313.8,105.38,75.34,304.34,313.61,1.0
2018-08-18 11:36:00,89.55479,36.75198,984.308,272.14,88.4,189.4,-6.26,-1.75,-39.72,106.68,74.88,304.51,313.71,105.3,75.45,304.4,313.6,1.0
2018-08-18 11:36:00,89.55479,36.75203,984.255,272.14,88.4,189.8,-4.08,-1.65,-39.97,105.43,74.74,303.55,314.0,105.26,75.55,304.44,313.59,1.0
2018-08-18 11:36:00,89.55479,36.75208,984.274,272.14,88.4,189.7,-1.66,-1.74,-39.98,107.72,74.74,303.63,313.8,105.27,75.61,304.47,313.59,1.0
2018-08-18 11:36:00,89.55479,36.75213,984.244,272.14,88.4,189.9,-0.02,-1.87,-40.0,106.54,74.95,303.72,313.7,105.34,75.63,304.44,313.58,1.0
2018-08-18 11:36:00,89.55479,36.75218,984.256,272.14,88.4,189.8,1.2,-1.62,-40.07,105.76,74.74,303.73,314.86,105.44,75.61,304.4,313.58,1.0
2018-08-18 11:36:00,89.55479,36.75223,984.25,272.14,88.4,189.9,1.51,-1.66,-39.77,106.22,75.02,303.74,314.24,105.58,75.54,304.26,313.64,1.0
2018-08-18 11:36:00,89.55479,36.75224,984.252,272.14,88.4,189.8,2.0,-1.84,-39.64,105.76,74.81,303.73,313.6,105.73,75.44,304.16,313.68,1.0
2018-08-18 11:36:00,89.55479,36.75224,984.29,272.14,88.4,189.5,2.66,-2.0,-39.95,106.61,74.95,303.81,313.6,105.87,75.31,304.12,313.66,1.0
2018-08-18 11:36:00,89.55479,36.75223,984.28,272.14,88.4,189.6,1.37,-2.22,-40.27,106.87,75.09,303.81,313.7,105.98,75.17,304.03,313.63,1.0
2018-08-18 11:36:00,89.55479,36.75222,984.308,272.14,88.4,189.4,-0.22,-2.85,-39.81,107.13,74.88,303.73,313.51,106.07,75.04,303.99,313.6,1.0
2018-08-18 11:36:00,89.55479,36.75222,984.346,272.14,88.4,189.1,0.33,-2.91,-38.95,106.02,75.09,304.01,314.48,106.12,74.94,303.95,313.5,1.0
2018-08-18 11:36:00,89.55479,36.75221,984.37,272.14,88.4,188.9,2.5,-2.94,-38.12,106.35,74.95,304.01,314.33,106.16,74.88,303.95,313.45,1.0
2018-08-18 11:36:00,89.55479,36.7522,984.385,272.14,88.4,188.8,5.59,-3.0,-37.48,106.74,75.09,303.54,313.57,106.17,74.86,303.99,313.46,1.0
2018-08-18 11:36:00,89.55479,36.7522,984.441,272.14,88.4,188.3,9.05,-2.84,-36.91,106.48,74.74,303.0,313.32,106.19,74.9,304.02,313.47,1.0
2018-08-18 11:36:00,89.55479,36.75219,984.416,272.15,88.4,188.5,11.53,-2.57,-36.73,105.82,74.67,303.14,313.1,106.19,74.98,304.04,313.48,1.0
2018-08-18 11:36:00,89.55479,36.75218,984.456,272.15,88.4,188.2,12.67,-2.72,-35.98,106.48,74.95,302.94,313.18,106.19,75.09,304.05,313.51,1.0
2018-08-18 11:36:00,89.55478,36.75218,984.504,272.15,88.4,187.8,12.71,-2.46,-35.32,106.81,74.74,303.37,313.36,106.16,75.22,304.02,313.47,1.0
2018-08-18 11:36:00,89.55478,36.75217,984.514,272.15,88.4,187.7,11.58,-2.19,-34.81,106.87,74.95,303.83,313.7,106.09,75.35,303.98,313.45,1.0
2018-08-18 11:36:00,89.55478,36.75216,984.477,272.15,88.4,188.0,9.59,-2.29,-34.29,106.22,75.16,304.02,313.42,105.96,75.47,303.97,313.5,1.0
2018-08-18 11:36:00,89.55478,36.75214,984.559,272.15,88.4,187.4,8.37,-2.1,-33.5,105.56,75.02,304.12,313.81,105.76,75.56,304.04,313.58,1.0
2018-08-18 11:36:00,89.55478,36.75213,984.539,272.15,88.4,187.5,7.48,-1.96,-33.28,106.15,75.09,303.93,313.52,105.47,75.62,304.11,313.66,1.0
2018-08-18 11:36:00,89.55478,36.75211,984.523,272.15,88.4,187.7,5.72,-2.08,-33.42,106.15,75.02,303.53,313.66,105.1,75.63,304.2,313.73,1.0
2018-08-18 11:36:00,89.55478,36.7521,984.526,272.15,88.4,187.6,3.95,-2.13,-33.34,106.02,74.74,303.61,313.17,104.68,75.6,304.25,313.8,1.0
2018-08-18 11:36:00,89.55478,36.75209,984.538,272.15,88.4,187.5,2.9,-2.1,-33.02,106.74,75.16,303.47,313.44,104.25,75.54,304.28,313.86,1.0
2018-08-18 11:36:00,89.55478,36.75207,984.531,272.15,88.4,187.6,2.83,-2.44,-33.14,107.59,74.95,303.73,313.63,103.86,75.46,304.31,313.92,1.0
2018-08-18 11:36:00,89.55478,36.75206,984.582,272.15,88.4,187.2,5.72,-2.38,-33.63,106.15,75.16,304.1,313.6,103.55,75.38,304.34,313.98,1.0
2018-08-18 11:36:00,89.55478,36.75205,984.58,272.15,88.4,187.2,6.37,-2.21,-34.35,107.0,75.22,304.01,313.8,103.37,75.29,304.35,314.02,1.0
2018-08-18 11:36:00,89.55478,36.75203,984.589,272.15,88.4,187.1,5.76,-2.05,-34.96,104.71,75.02,304.0,313.42,103.36,75.23,304.39,314.08,1.0
2018-08-18 11:36:00,89.55478,36.75202,984.618,272.15,88.4,186.9,3.96,-1.91,-35.48,105.63,75.09,303.92,313.9,103.51,75.18,304.42,314.12,1.0
2018-08-18 11:36:00,89.55478,36.752,984.582,272.16,88.4,187.2,0.88,-1.71,-35.97,105.76,75.09,304.11,313.99,103.81,75.17,304.43,314.13,1.0
2018-08-18 11:36:00,89.55478,36.75199,984.622,272.15,88.4,186.9,-1.03,-1.64,-36.0,104.91,75.09,304.01,313.8,104.23,75.18,304.43,314.11,1.0
2018-08-18 11:36:00,89.55478,36.75198,984.649,272.16,88.5,186.6,-3.35,-1.54,-36.76,105.82,74.95,303.9,313.7,104.7,75.21,304.41,314.07,1.0
2018-08-18 11:36:00,89.55478,36.75196,984.645,272.16,88.5,186.7,-5.89,-1.67,-37.08,105.04,75.09,304.09,313.91,105.18,75.25,304.4,314.02,1.0
2018-08-18 11:36:00,89.55478,36.75197,984.656,272.16,88.5,186.6,-8.31,-1.78,-37.17,105.82,74.88,304.09,313.72,105.59,75.3,304.4,313.95,1.0
2018-08-18 11:36:00,89.55478,36.75198,984.72,272.16,88.5,186.1,-9.89,-1.86,-37.39,106.28,75.16,303.99,313.71,105.88,75.34,304.4,313.88,1.0
2018-08-18 11:36:00,89.55478,36.75199,984.743,272.16,88.5,185.9,-9.01,-2.41,-37.85,106.81,75.09,304.09,313.99,106.04,75.37,304.42,313.81,1.0
2018-08-18 11:36:00,89.55478,36.75201,984.74,272.16,88.5,185.9,-10.39,-2.56,-36.98,105.43,75.29,304.19,313.61,106.06,75.38,304.44,313.75,1.0
2018-08-18 11:36:00,89.55478,36.75202,984.749,272.16,88.5,185.8,-11.0,-2.5,-37.07,105.82,75.16,304.19,313.9,105.95,75.38,304.46,313.79,1.0
2018-08-18 11:36:00,89.55478,36.75203,984.761,272.16,88.5,185.7,-9.16,-2.34,-36.8,106.02,75.16,304.28,313.6,105.76,75.36,304.47,313.8,1.0
2018-08-18 11:36:00,89.55478,36.75205,984.772,272.16,88.5,185.6,-6.08,-2.28,-35.98,105.82,74.95,304.19,313.8,105.55,75.34,304.48,313.77,1.0
2018-08-18 11:36:00,89.55478,36.75206,984.796,272.16,88.5,185.4,-4.49,-2.5,-35.2,105.96,75.16,304.11,314.09,105.37,75.31,304.47,313.75,1.0
2018-08-18 11:36:00,89.55478,36.75207,984.768,272.16,88.5,185.7,-3.42,-2.15,-34.93,106.02,75.09,304.0,313.89,105.27,75.29,304.45,313.73,1.0
2018-08-18 11:36:00,89.55478,36.75209,984.783,272.16,88.5,185.5,-3.21,-2.15,-34.73,104.97,75.16,304.0,314.71,105.29,75.28,304.34,313.75,1.0
2018-08-18 11:36:00,89.55478,36.7521,984.802,272.16,88.5,185.4,-3.59,-2.34,-34.84,104.65,75.22,304.09,314.2,105.43,75.28,304.26,313.78,1.0
2018-08-18 11:36:00,89.55478,36.75212,984.811,272.16,88.5,185.3,-4.22,-2.63,-35.45,105.24,75.16,303.9,313.89,105.69,75.3,304.22,313.8,1.0
2018-08-18 11:36:00,89.55478,36.75214,984.814,272.17,88.5,185.3,-4.74,-2.91,-36.37,106.94,75.16,304.27,313.41,106.02,75.33,304.19,313.79,1.0
2018-08-18 11:36:00,89.55478,36.75215,984.812,272.17,88.5,185.3,-4.79,-2.86,-36.39,106.35,75.09,304.28,313.61,106.39,75.36,304.16,313.78,1.0
2018-08-18 11:36:00,89.55478,36.75217,984.819,272.17,88.5,185.2,-4.05,-2.52,-36.84,105.37,75.09,303.24,314.04,106.73,75.41,304.05,313.78,1.0
2018-08-18 11:36:00,89.55477,36.75219,984.85,272.17,88.5,185.0,-3.69,-2.66,-37.2,106.02,75.09,303.72,314.27,107.01,75.45,303.96,313.67,1.0
2018-08-18 11:36:00,89.55477,36.7522,984.892,272.17,88.5,184.7,-3.36,-2.86,-37.66,105.37,75.16,304.18,313.8,107.18,75.48,303.95,313.61,1.0
2018-08-18 11:36:00,89.55477,36.75222,984.915,272.17,88.5,184.5,-3.07,-2.92,-38.14,106.02,75.29,304.0,313.8,107.22,75.5,303.98,313.63,1.0
2018-08-18 11:36:00,89.55477,36.75224,984.883,272.17,88.5,184.7,-3.46,-3.1,-38.19,106.02,75.16,304.27,313.71,107.12,75.51,304.02,313.67,1.0
2018-08-18 11:36:00,89.55477,36.75225,984.932,272.17,88.5,184.3,-4.79,-3.36,-38.44,106.22,75.36,302.95,313.71,106.91,75.5,304.06,313.7,1.0
2018-08-18 11:36:00,89.55477,36.75227,984.954,272.17,88.5,184.2,-3.18,-3.34,-37.92,106.22,75.16,303.04,313.78,106.62,75.49,304.17,313.72,1.0
2018-08-18 11:36:00,89.55477,36.75229,984.996,272.17,88.5,183.8,-0.24,-3.48,-36.88,105.43,75.29,303.65,313.27,106.28,75.47,304.22,313.71,1.0
2018-08-18 11:36:00,89.55477,36.75229,985.033,272.17,88.5,183.5,2.54,-3.51,-35.44,105.82,75.09,304.29,313.71,105.94,75.46,304.2,313.71,1.0
2018-08-18 11:36:00,89.55477,36.75228,984.98,272.17,88.5,183.9,4.3,-3.08,-33.73,105.82,75.09,304.09,313.62,105.64,75.45,304.17,313.74,1.0
2018-08-18 11:36:00,89.55477,36.75226,984.987,272.17,88.5,183.9,4.78,-3.07,-32.61,106.15,75.36,304.1,313.52,105.41,75.44,304.13,313.75,1.0
2018-08-18 11:36:00,89.55477,36.75225,984.987,272.17,88.5,183.9,3.67,-3.0,-31.66,105.56,75.16,304.37,313.62,105.27,75.44,304.17,313.75,1.0
2018-08-18 11:36:00,89.55477,36.75224,985.023,272.17,88.5,183.6,1.02,-2.73,-30.41,106.74,75.29,304.27,313.71,105.22,75.44,304.19,313.76,1.0
2018-08-18 11:36:00,89.55477,36.75223,985.078,272.17,88.5,183.2,-1.95,-2.47,-29.2,106.68,75.22,304.37,313.9,105.26,75.44,304.15,313.76,1.0
2018-08-18 11:36:00,89.55477,36.75221,985.105,272.18,88.5,182.9,-3.84,-2.34,-28.36,105.76,75.29,304.28,313.81,105.38,75.43,304.08,313.73,1.0
2018-08-18 11:36:00,89.55477,36.7522,985.022,272.18,88.5,183.6,-3.19,-2.3,-27.98,104.97,75.36,304.08,313.71,105.57,75.4,304.01,313.71,1.0
2018-08-18 11:36:00,89.55477,36.75219,985.028,272.18,88.6,183.6,-4.09,-2.41,-27.55,105.89,75.09,304.09,313.71,105.79,75.36,303.97,313.69,1.0
2018-08-18 11:36:00,89.55477,36.75218,985.042,272.18,88.6,183.4,-3.19,-2.36,-27.34,105.3,75.29,304.28,313.81,106.03,75.31,303.94,313.68,1.0
2018-08-18 11:36:00,89.55477,36.75216,985.052,272.18,88.6,183.4,-0.78,-2.26,-27.21,106.41,75.29,304.28,313.89,106.27,75.23,303.93,313.67,1.0
2018-08-18 11:36:00,89.55477,36.75215,985.07,272.18,88.6,183.2,1.1,-2.13,-27.39,105.56,75.29,304.27,313.69,106.51,75.13,303.94,313.67,1.0
2018-08-18 11:36:00,89.55477,36.75212,985.13,272.19,88.6,182.7,-0.02,-1.98,-28.2,105.43,75.16,304.36,313.62,106.73,75.04,303.96,313.67,1.0
2018-08-18 11:36:00,89.55477,36.75209,985.139,272.18,88.6,182.7,-3.31,-2.03,-29.03,105.1,75.29,304.18,313.71,106.93,74.94,303.98,313.67,1.0
2018-08-18 11:36:00,89.55477,36.75207,985.199,272.18,88.6,182.2,-5.67,-1.97,-29.01,107.59,75.29,304.28,313.81,107.09,74.86,303.91,313.77,1.0
2018-08-18 11:36:00,89.55477,36.75204,985.242,272.18,88.6,181.8,-7.45,-2.02,-28.99,106.02,75.29,304.1,313.62,107.23,74.81,303.88,313.8,1.0
2018-08-18 11:36:00,89.55477,36.75201,985.269,272.18,88.6,181.6,-8.12,-2.1,-29.14,106.61,75.22,304.09,313.71,107.34,74.79,303.87,313.83,1.0
2018-08-18 11:36:00,89.55477,36.75198,985.304,272.18,88.6,181.3,-8.16,-2.1,-29.55,105.69,75.09,304.37,313.7,107.41,74.82,303.85,313.89,1.0
2018-08-18 11:36:00,89.55477,36.75195,985.281,272.18,88.6,181.5,-11.1,-2.17,-30.4,106.28,75.29,303.9,313.99,107.44,74.88,303.79,313.92,1.0
2018-08-18 11:36:00,89.55476,36.75192,985.251,272.18,88.6,181.8,-9.69,-2.16,-30.3,106.02,74.88,303.0,314.36,107.43,74.97,303.64,313.93,1.0
2018-08-18 11:36:00,89.55476,36.7519,985.291,272.19,88.6,181.4,-8.51,-2.0,-30.59,104.78,75.36,303.54,314.09,107.38,75.09,303.53,313.91,1.0
2018-08-18 11:36:00,89.55476,36.75187,985.332,272.19,88.6,181.1,-9.65,-1.95,-31.01,107.0,75.09,304.0,314.05,107.3,75.21,303.44,313.87,1.0
2018-08-18 11:36:00,89.55476,36.75184,985.309,272.19,88.6,181.3,-13.08,-2.1,-31.38,106.22,75.22,304.0,314.83,107.19,75.33,303.36,313.85,1.0
2018-08-18 11:36:00,89.55476,36.75181,985.299,272.19,88.6,181.4,-16.84,-2.38,-31.88,105.76,75.16,303.91,314.52,107.05,75.44,303.3,313.84,1.0
2018-08-18 11:36:00,89.55476,36.75179,985.314,272.19,88.6,181.2,-17.0,-2.87,-31.89,105.89,75.16,303.25,313.98,106.91,75.51,303.25,313.85,1.0
2018-08-18 11:36:00,89.55476,36.75178,985.358,272.19,88.6,180.9,-15.9,-3.02,-32.23,107.53,75.16,303.75,313.76,106.78,75.54,303.22,313.78,1.0
2018-08-18 11:36:00,89.55476,36.75178,985.382,272.19,88.6,180.7,-16.88,-3.05,-32.2,107.0,75.22,304.18,313.5,106.68,75.53,303.21,313.77,1.0
2018-08-18 11:36:00,89.55476,36.75177,985.415,272.19,88.6,180.4,-18.8,-3.07,-31.86,105.89,75.29,303.9,313.61,106.61,75.48,303.23,313.77,1.0
2018-08-18 11:36:00,89.55476,36.75176,985.532,272.19,88.6,179.5,-19.64,-3.11,-31.66,105.96,75.29,304.1,313.81,106.6,75.39,303.27,313.74,1.0
2018-08-18 11:36:00,89.55476,36.75176,985.517,272.19,88.6,179.6,-20.6,-3.16,-32.37,107.07,75.36,304.01,313.61,106.65,75.28,303.32,313.72,1.0
2018-08-18 11:36:00,89.55476,36.75175,985.418,272.19,88.6,180.4,-19.55,-3.31,-32.59,105.76,75.16,303.11,313.99,106.75,75.16,303.43,313.7,1.0
2018-08-18 11:36:00,89.55476,36.75175,985.419,272.19,88.6,180.4,-19.83,-3.21,-32.7,105.24,75.29,303.75,313.41,106.91,75.04,303.49,313.71,1.0
2018-08-18 11:36:00,89.55476,36.75174,985.483,272.19,88.6,179.9,-21.26,-3.17,-32.89,106.02,75.22,304.12,313.8,107.12,74.93,303.5,313.73,1.0
2018-08-18 11:36:00,89.55476,36.75174,985.509,272.2,88.6,179.7,-22.98,-3.31,-33.26,106.74,75.16,304.02,313.61,107.34,74.84,303.49,313.73,1.0
2018-08-18 11:36:00,89.55476,36.75173,985.453,272.2,88.6,180.1,-23.8,-3.2,-33.84,106.94,75.16,303.82,313.41,107.57,74.77,303.45,313.72,1.0
2018-08-18 11:36:00,89.55476,36.75173,985.55,272.2,88.6,179.3,-21.96,-3.08,-33.84,106.35,75.22,303.5,313.5,107.77,74.73,303.39,313.7,1.0
2018-08-18 11:36:00,89.55476,36.75172,985.577,272.2,88.6,179.1,-22.16,-3.2,-33.5,106.94,75.29,303.92,313.57,107.93,74.72,303.42,313.68,1.0
2018-08-18 11:36:00,89.55476,36.75172,985.552,272.2,88.6,179.3,-23.01,-3.2,-33.45,106.48,74.95,304.0,313.81,108.03,74.71,303.39,313.65,1.0
2018-08-18 11:36:00,89.55476,36.75171,985.53,272.2,88.6,179.5,-23.33,-3.12,-33.49,106.15,75.22,303.82,313.9,108.05,74.73,303.3,313.63,1.0
2018-08-18 11:36:00,89.55476,36.75171,985.539,272.2,88.6,179.4,-22.61,-3.19,-33.07,106.81,75.09,304.1,313.42,108.0,74.74,303.24,313.63,1.0
2018-08-18 11:36:00,89.55476,36.75171,985.538,272.2,88.6,179.4,-22.8,-3.04,-33.22,105.5,75.16,303.72,313.42,107.87,74.75,303.21,313.74,1.0
2018-08-18 11:36:00,89.55476,36.75172,985.584,272.2,88.6,179.1,-21.58,-2.98,-32.82,108.05,75.02,303.81,313.8,107.67,74.76,303.27,313.78,1.0
2018-08-18 11:36:00,89.55476,36.75173,985.598,272.2,88.6,178.9,-20.87,-2.74,-32.36,105.69,75.22,304.0,313.9,107.42,74.76,303.3,313.8,1.0
2018-08-18 11:36:00,89.55476,36.75174,985.581,272.2,88.6,179.1,-21.49,-2.57,-32.29,107.92,75.16,303.72,313.81,107.13,74.76,303.31,313.84,1.0
2018-08-18 11:36:00,89.55476,36.75175,985.58,272.2,88.6,179.1,-23.17,-2.73,-32.65,106.54,75.29,304.06,313.88,106.83,74.75,303.35,313.89,1.0
2018-08-18 11:36:00,89.55476,36.75176,985.66,272.21,88.6,178.4,-23.74,-3.01,-32.53,106.35,74.95,304.02,315.02,106.53,74.74,303.41,313.95,1.0
2018-08-18 11:36:00,89.55476,36.75177,985.69,272.21,88.6,178.2,-22.43,-2.83,-32.56,106.54,74.95,304.4,313.68,106.24,74.74,303.48,314.01,1.0
2018-08-18 11:36:00,89.55475,36.75178,985.699,272.21,88.6,178.1,-20.47,-3.17,-32.81,106.35,75.09,304.18,313.8,105.99,74.74,303.56,314.08,1.0
2018-08-18 11:36:00,89.55475,36.75179,985.722,272.21,88.6,177.9,-20.56,-3.42,-33.33,107.13,75.02,303.81,313.61,105.78,74.76,303.66,314.23,1.0
2018-08-18 11:36:00,89.55475,36.7518,985.775,272.21,88.6,177.5,-22.85,-3.34,-33.93,106.02,74.95,303.99,313.82,105.62,74.79,303.7,314.41,1.0
2018-08-18 11:36:00,89.55475,36.7518,985.779,272.21,88.6,177.5,-24.05,-3.56,-33.87,107.59,75.09,303.7,313.62,105.54,74.83,303.62,314.51,1.0
2018-08-18 11:36:00,89.55475,36.75182,985.755,272.21,88.6,177.7,-22.62,-3.73,-34.18,106.61,75.36,303.71,313.81,105.52,74.89,303.63,314.42,1.0
2018-08-18 11:36:00,89.55475,36.75182,985.725,272.21,88.6,177.9,-22.92,-3.91,-34.8,106.74,75.02,303.8,313.43,105.59,74.95,303.58,314.4,1.0
2018-08-18 11:36:00,89.55475,36.75184,985.71,272.21,88.6,178.0,-21.97,-4.1,-35.02,105.43,74.81,303.67,314.53,105.73,75.02,303.55,314.38,1.0
2018-08-18 11:36:00,89.55475,36.75185,985.721,272.21,88.6,177.9,-20.47,-4.3,-34.68,105.96,75.02,303.09,314.72,105.93,75.08,303.52,314.34,1.0
2018-08-18 11:36:00,89.55475,36.75186,985.763,272.21,88.6,177.6,-20.11,-4.51,-34.09,106.68,74.88,301.94,314.64,106.19,75.13,303.49,314.29,1.0
2018-08-18 11:36:00,89.55475,36.75186,985.884,272.22,88.7,176.6,-20.29,-5.12,-34.67,107.2,75.22,303.73,314.05,106.47,75.15,303.5,314.24,1.0
2018-08-18 11:36:00,89.55475,36.75188,985.845,272.22,88.7,176.9,-21.41,-5.18,-35.65,106.74,75.16,303.72,313.82,106.75,75.16,303.43,314.19,1.0
2018-08-18 11:36:00,89.55475,36.75188,985.845,272.22,88.7,176.9,-23.12,-5.22,-36.19,106.22,75.02,303.82,313.64,106.98,75.13,303.35,314.16,1.0
2018-08-18 11:36:00,89.55475,36.75189,985.872,272.22,88.7,176.7,-24.78,-5.39,-36.25,105.69,75.02,303.82,314.02,107.12,75.08,303.27,314.07,1.0
2018-08-18 11:36:00,89.55475,36.7519,985.867,272.22,88.7,176.8,-25.94,-5.65,-35.99,106.54,75.09,304.0,313.73,107.16,74.99,303.26,313.96,1.0
2018-08-18 11:36:00,89.55475,36.75192,985.882,272.22,88.7,176.6,-26.42,-5.67,-35.81,106.35,75.09,304.57,313.82,107.06,74.88,303.38,313.91,1.0
2018-08-18 11:36:00,89.55475,36.75193,985.951,272.22,88.7,176.1,-24.85,-5.59,-35.15,107.59,75.02,303.91,313.72,106.83,74.76,303.38,313.95,1.0
2018-08-18 11:36:00,89.55475,36.75195,985.941,272.22,88.7,176.2,-23.69,-5.42,-34.38,107.26,75.09,303.8,314.02,106.49,74.62,303.39,314.01,1.0
2018-08-18 11:36:00,89.55475,36.75196,985.901,272.22,88.7,176.5,-22.2,-5.04,-33.64,106.41,75.09,303.62,314.02,106.07,74.5,303.41,314.06,1.0
2018-08-18 11:36:00,89.55475,36.75198,985.88,272.22,88.7,176.6,-20.07,-4.72,-33.13,105.37,74.95,303.81,313.92,105.62,74.39,303.39,314.04,1.0
2018-08-18 11:36:00,89.55475,36.75199,985.908,272.22,88.7,176.4,-17.23,-4.81,-32.95,106.54,75.02,303.81,313.82,105.22,74.3,303.31,313.94,1.0
2018-08-18 11:36:00,89.55475,36.75201,985.971,272.22,88.7,175.9,-13.97,-4.65,-32.46,106.22,74.88,303.83,313.64,104.9,74.25,303.22,313.83,1.0
2018-08-18 11:36:00,89.55474,36.75202,986.023,272.22,88.7,175.5,-12.36,-4.8,-32.61,107.26,75.09,303.82,314.02,104.74,74.23,303.23,313.75,1.0
2018-08-18 11:36:00,89.55474,36.75204,986.04,272.22,88.7,175.4,-12.94,-4.65,-32.68,107.13,74.95,303.72,313.92,104.74,74.23,303.18,313.66,1.0
2018-08-18 11:36:00,89.55474,36.75205,986.037,272.22,88.7,175.4,-13.28,-4.39,-32.9,106.02,75.02,303.3,313.48,104.92,74.26,303.07,313.55,1.0
2018-08-18 11:36:00,89.55474,36.75207,986.042,272.22,88.7,175.3,-11.94,-4.29,-33.5,106.87,74.67,302.97,312.65,105.26,74.29,302.94,313.45,1.0
2018-08-18 11:36:00,89.55474,36.75208,986.032,272.23,88.7,175.4,-12.91,-4.42,-33.86,104.52,74.81,303.43,312.76,105.71,74.31,302.83,313.37,1.0
2018-08-18 11:36:00,89.55474,36.7521,986.115,272.22,88.7,174.8,-15.38,-4.46,-34.69,106.02,74.88,304.09,313.3,106.21,74.32,302.77,313.32,1.0
2018-08-18 11:36:00,89.55474,36.75214,986.134,272.23,88.7,174.6,-17.62,-4.57,-35.48,106.15,74.81,303.89,313.66,106.68,74.31,302.73,313.3,1.0
2018-08-18 11:36:00,89.55474,36.75216,986.14,272.24,88.7,174.5,-19.01,-4.62,-36.06,106.94,74.88,303.44,313.75,107.08,74.26,302.68,313.3,1.0
2018-08-18 11:36:00,89.55474,36.75219,986.169,272.23,88.7,174.3,-19.64,-4.64,-36.53,105.43,74.88,303.43,313.94,107.35,74.2,302.68,313.42,1.0
2018-08-18 11:36:00,89.55474,36.75222,986.096,272.23,88.7,174.9,-19.95,-4.83,-37.1,107.2,74.88,303.59,314.13,107.47,74.12,302.84,313.73,1.0
2018-08-18 11:36:00,89.55474,36.75225,986.137,272.23,88.7,174.6,-19.11,-4.9,-37.8,106.22,74.74,304.03,313.85,107.44,74.05,302.88,313.86,1.0
2018-08-18 11:36:00,89.55474,36.75228,986.156,272.23,88.7,174.4,-19.42,-5.02,-38.16,107.0,74.95,304.03,313.78,107.31,73.99,302.97,313.97,1.0
2018-08-18 11:36:00,89.55474,36.75231,986.151,272.23,88.7,174.5,-19.09,-5.21,-38.69,105.82,74.95,303.19,313.31,107.1,73.96,303.12,314.06,1.0
2018-08-18 11:36:00,89.55474,36.75234,986.148,272.23,88.7,174.5,-18.51,-5.34,-39.41,107.4,74.53,302.7,313.88,106.89,73.97,303.24,314.12,1.0
2018-08-18 11:36:00,89.55474,36.75237,986.197,272.23,88.7,174.1,-18.84,-5.26,-40.07,106.61,74.53,303.62,314.73,106.72,74.03,303.28,314.13,1.0
2018-08-18 11:36:00,89.55474,36.7524,986.19,272.23,88.7,174.1,-19.68,-5.49,-39.83,106.41,74.67,302.78,312.52,106.64,74.13,303.27,314.1,1.0
2018-08-18 11:36:00,89.55474,36.75243,986.219,272.23,88.7,173.9,-18.81,-5.38,-39.47,105.37,74.67,303.89,313.43,106.65,74.28,303.19,314.04,1.0
2018-08-18 11:36:00,89.55474,36.75246,986.246,272.23,88.7,173.7,-17.83,-5.19,-38.65,107.2,74.67,304.24,313.64,106.74,74.44,303.09,313.98,1.0
2018-08-18 11:36:00,89.55474,36.75247,986.249,272.23,88.7,173.7,-16.68,-4.84,-37.82,105.76,74.67,303.88,313.73,106.9,74.61,303.05,313.94,1.0
2018-08-18 11:36:00,89.55474,36.75249,986.238,272.24,88.7,173.8,-15.12,-4.4,-37.29,106.68,74.53,303.34,314.02,107.06,74.77,303.04,313.88,1.0
2018-08-18 11:36:00,89.55474,36.7525,986.289,272.24,88.7,173.3,-13.07,-4.18,-36.91,106.87,74.74,303.45,314.02,107.18,74.9,302.97,313.76,1.0
2018-08-18 11:36:00,89.55473,36.75251,986.313,272.24,88.7,173.1,-13.24,-4.22,-36.73,105.89,74.67,303.44,314.21,107.2,74.99,303.02,313.84,1.0
2018-08-18 11:36:00,89.55473,36.75253,986.28,272.24,88.7,173.4,-14.14,-4.06,-36.54,106.02,74.67,303.35,313.93,107.1,75.03,302.99,313.8,1.0
2018-08-18 11:36:00,89.55473,36.75254,986.271,272.24,88.7,173.5,-15.12,-4.09,-36.8,107.07,74.74,303.35,313.93,106.87,75.03,303.01,313.8,1.0
2018-08-18 11:36:00,89.55473,36.75255,986.314,272.24,88.7,173.1,-15.15,-4.16,-37.12,106.94,74.81,303.54,313.93,106.51,75.0,303.1,313.85,1.0
2018-08-18 11:36:00,89.55473,36.75257,986.349,272.24,88.7,172.9,-13.64,-3.95,-36.68,106.74,74.88,303.35,313.82,106.08,74.93,303.22,313.86,1.0
2018-08-18 11:36:00,89.55473,36.75258,986.377,272.24,88.7,172.6,-13.8,-4.07,-35.77,107.85,74.74,303.35,313.93,105.63,74.85,303.29,313.92,1.0
2018-08-18 11:36:00,89.55473,36.75259,986.384,272.24,88.7,172.6,-13.09,-4.22,-35.38,105.76,74.74,303.45,312.75,105.22,74.77,303.39,313.98,1.0
2018-08-18 11:36:00,89.55473,36.75261,986.382,272.24,88.7,172.6,-13.52,-4.42,-35.59,106.94,74.67,303.89,313.27,104.91,74.7,303.45,313.99,1.0
2018-08-18 11:36:00,89.55473,36.75262,986.388,272.25,88.7,172.5,-14.86,-4.51,-36.03,105.89,74.74,303.5,313.68,104.75,74.65,303.45,313.97,1.0
2018-08-18 11:36:00,89.55473,36.75263,986.418,272.24,88.7,172.3,-16.75,-4.41,-36.37,105.63,74.53,303.09,313.16,104.75,74.6,303.42,313.93,1.0
2018-08-18 11:36:00,89.55473,36.75265,986.463,272.25,88.7,171.9,-20.68,-4.53,-36.84,106.54,74.81,302.88,313.63,104.92,74.58,303.35,313.88,1.0
2018-08-18 11:36:00,89.55473,36.75266,986.472,272.24,88.7,171.9,-22.21,-4.77,-37.01,105.37,74.67,303.37,314.15,105.23,74.56,303.28,313.83,1.0
2018-08-18 11:36:00,89.55473,36.75268,986.469,272.24,88.7,171.9,-22.45,-4.96,-37.51,106.35,74.67,303.49,313.6,105.64,74.55,303.2,313.78,1.0
2018-08-18 11:36:00,89.55473,36.75269,986.47,272.24,88.7,171.9,-22.2,-5.3,-37.85,106.61,74.88,303.32,314.02,106.09,74.54,303.13,313.68,1.0
2018-08-18 11:36:00,89.55473,36.7527,986.482,272.25,88.7,171.8,-21.39,-5.79,-37.92,107.33,74.6,303.26,313.93,106.53,74.54,303.08,313.59,1.0
2018-08-18 11:36:00,89.55473,36.75272,986.49,272.25,88.7,171.7,-19.06,-6.22,-38.17,105.5,74.74,303.35,313.93,106.92,74.54,303.09,313.57,1.0
2018-08-18 11:36:00,89.55473,36.75273,986.545,272.25,88.7,171.3,-15.57,-6.44,-38.83,106.94,74.67,303.44,313.93,107.22,74.54,303.22,313.58,1.0
2018-08-18 11:36:00,89.55473,36.75275,986.552,272.25,88.7,171.2,-12.09,-6.58,-39.25,105.04,74.88,303.26,312.84,107.41,74.56,303.3,313.59,1.0
2018-08-18 11:36:00,89.55473,36.75276,986.555,272.25,88.7,171.2,-8.78,-6.57,-39.16,106.54,74.6,303.38,312.26,107.49,74.59,303.38,313.6,1.0
2018-08-18 11:36:00,89.55473,36.75278,986.57,272.25,88.7,171.1,-7.07,-6.46,-38.98,106.81,74.74,303.43,312.76,107.46,74.62,303.45,313.6,1.0
2018-08-18 11:36:00,89.55472,36.75279,986.574,272.26,88.7,171.0,-8.56,-6.37,-39.13,106.94,74.67,303.29,312.9,107.33,74.67,303.5,313.6,1.0
2018-08-18 11:36:00,89.55472,36.75284,986.593,272.25,88.7,170.9,-10.04,-6.57,-38.39,106.28,74.4,304.14,313.79,107.14,74.72,303.52,313.63,1.0
2018-08-18 11:36:00,89.55472,36.75291,986.654,272.26,88.7,170.4,-10.17,-6.75,-38.47,107.0,74.67,303.87,313.94,106.88,74.76,303.53,313.62,1.0
2018-08-18 11:36:00,89.55472,36.75297,986.664,272.26,88.7,170.3,-11.02,-6.9,-38.36,106.22,74.74,303.69,314.02,106.59,74.79,303.51,313.71,1.0
2018-08-18 11:36:00,89.55472,36.75303,986.672,272.26,88.7,170.2,-12.18,-6.94,-37.9,105.5,74.67,303.47,314.03,106.27,74.8,303.47,313.83,1.0
2018-08-18 11:36:00,89.55472,36.7531,986.725,272.26,88.7,169.8,-12.57,-6.85,-37.33,105.82,74.74,303.45,314.24,105.93,74.78,303.42,313.95,1.0
2018-08-18 11:36:00,89.55472,36.75316,986.708,272.26,88.7,170.0,-10.88,-6.84,-37.25,107.0,74.88,303.2,314.61,105.59,74.73,303.37,314.05,1.0
2018-08-18 11:36:00,89.55472,36.75322,986.698,272.26,88.7,170.0,-6.74,-6.82,-37.04,107.53,74.74,303.45,314.1,105.26,74.66,303.27,314.07,1.0
2018-08-18 11:36:00,89.55472,36.75329,986.718,272.26,88.7,169.9,-4.82,-6.86,-37.38,107.13,74.67,303.26,313.93,104.97,74.58,303.26,314.08,1.0
2018-08-18 11:36:00,89.55472,36.75335,986.754,272.26,88.7,169.6,-4.94,-6.96,-37.52,105.76,74.67,303.26,314.03,104.73,74.49,303.22,314.06,1.0
2018-08-18 11:36:00,89.55472,36.75341,986.782,272.26,88.7,169.4,-5.79,-6.96,-37.35,106.15,74.67,303.16,314.03,104.57,74.42,303.13,313.98,1.0
2018-08-18 11:36:00,89.55472,36.75348,986.764,272.27,88.7,169.5,-5.6,-6.63,-37.24,105.82,74.74,303.26,314.02,104.51,74.38,303.04,313.85,1.0
2018-08-18 11:36:00,89.55472,36.75354,986.814,272.27,88.7,169.1,-4.99,-6.73,-36.6,106.81,74.67,303.44,313.73,104.56,74.37,303.05,313.77,1.0
2018-08-18 11:36:00,89.55472,36.75361,986.843,272.27,88.7,168.9,-2.65,-6.14,-35.49,104.58,74.53,303.73,313.97,104.72,74.39,303.08,313.71,1.0
2018-08-18 11:36:00,89.55472,36.75368,986.856,272.27,88.7,168.7,0.24,-5.9,-34.55,106.74,74.67,303.38,313.73,104.97,74.46,303.09,313.66,1.0
2018-08-18 11:36:00,89.55472,36.75375,986.859,272.27,88.8,168.7,2.78,-5.94,-33.68,106.02,74.67,302.12,313.04,105.3,74.57,303.11,313.62,1.0
2018-08-18 11:36:00,89.55472,36.75382,986.849,272.27,88.8,168.8,3.96,-5.99,-32.77,105.96,74.53,301.93,312.65,105.67,74.69,303.09,313.6,1.0
2018-08-18 11:36:00,89.55472,36.75389,986.821,272.27,88.8,169.0,0.31,-5.99,-32.94,107.0,74.67,303.15,314.02,106.03,74.83,302.98,313.6,1.0
2018-08-18 11:36:00,89.55472,36.75396,986.825,272.27,88.8,169.0,-3.02,-6.28,-33.26,105.5,74.6,303.07,314.03,106.34,74.96,302.93,313.63,1.0
2018-08-18 11:36:00,89.55472,36.75403,986.861,272.27,88.8,168.7,-4.21,-6.33,-33.65,105.37,74.67,303.44,313.93,106.58,75.07,302.83,313.68,1.0
2018-08-18 11:36:00,89.55472,36.7541,986.886,272.27,88.8,168.5,-4.24,-6.43,-33.8,106.35,74.67,303.25,313.74,106.72,75.17,302.82,313.78,1.0
2018-08-18 11:36:00,89.55472,36.75417,986.874,272.27,88.8,168.6,-3.61,-6.65,-33.87,107.33,74.74,302.92,313.94,106.77,75.23,302.9,313.92,1.0
2018-08-18 11:36:00,89.55472,36.75424,986.872,272.27,88.8,168.6,-1.87,-6.69,-34.52,106.09,74.81,301.85,314.02,106.72,75.26,303.01,314.08,1.0
2018-08-18 11:36:00,89.55472,36.7543,986.918,272.28,88.8,168.2,-0.1,-6.72,-35.22,105.56,74.74,302.51,314.13,106.6,75.26,303.0,314.11,1.0
2018-08-18 11:36:00,89.55472,36.75437,986.918,272.28,88.8,168.2,1.46,-6.95,-36.47,105.63,74.67,302.79,313.93,106.46,75.23,302.98,314.11,1.0
2018-08-18 11:36:00,89.55472,36.75441,986.914,272.28,88.8,168.3,3.36,-7.08,-37.58,105.63,74.74,303.0,313.83,106.31,75.17,302.96,313.99,1.0
2018-08-18 11:36:00,89.55472,36.75441,986.936,272.27,88.8,168.1,5.07,-7.14,-38.47,106.48,74.81,303.07,313.74,106.19,75.1,302.94,313.79,1.0
2018-08-18 11:36:00,89.55472,36.7544,986.972,272.28,88.8,167.8,5.61,-7.31,-39.31,107.2,74.74,303.26,313.94,106.12,75.01,302.96,313.58,1.0
2018-08-18 11:36:00,89.55472,36.75439,987.006,272.28,88.8,167.5,4.54,-7.59,-39.4,107.59,74.88,303.37,314.02,106.1,74.9,303.13,313.39,1.0
2018-08-18 11:36:00,89.55472,36.75439,987.039,272.27,88.8,167.3,2.54,-7.37,-38.36,105.37,74.74,303.44,314.04,106.13,74.78,303.24,313.3,1.0
2018-08-18 11:36:00,89.55472,36.75438,987.069,272.27,88.8,167.0,0.54,-7.55,-38.12,105.76,74.81,303.16,312.87,106.18,74.66,303.34,313.26,1.0
2018-08-18 11:36:00,89.55471,36.75438,987.09,272.27,88.8,166.9,-0.42,-7.66,-37.64,105.37,74.74,303.35,312.42,106.23,74.53,303.44,313.23,1.0
2018-08-18 11:36:00,89.55471,36.75437,987.101,272.27,88.8,166.8,0.37,-7.36,-36.28,106.15,74.67,303.58,312.6,106.26,74.42,303.54,313.21,1.0
2018-08-18 11:36:00,89.55471,36.75436,987.131,272.28,88.8,166.5,3.03,-7.1,-35.2,105.3,74.81,303.98,312.96,106.24,74.32,303.65,313.2,1.0
2018-08-18 11:36:00,89.55471,36.75436,987.145,272.28,88.8,166.4,5.38,-6.76,-33.75,106.94,74.81,303.57,313.94,106.18,74.25,303.73,313.27,1.0
2018-08-18 11:36:00,89.55471,36.75435,987.144,272.28,88.8,166.4,5.36,-6.31,-32.47,106.02,74.74,303.48,314.23,106.06,74.22,303.79,313.35,1.0
2018-08-18 11:36:00,89.55471,36.75434,987.137,272.28,88.8,166.5,4.36,-5.9,-32.16,107.13,74.74,303.52,313.8,105.91,74.22,303.75,313.43,1.0
2018-08-18 11:36:00,89.55471,36.75434,987.147,272.28,88.8,166.4,3.51,-5.52,-32.52,107.13,74.67,303.64,313.35,105.76,74.26,303.67,313.53,1.0
2018-08-18 11:36:00,89.55471,36.75432,987.238,272.28,88.8,165.7,3.39,-4.98,-32.05,105.56,74.6,303.55,313.0,105.63,74.34,303.65,313.66,1.0
2018-08-18 11:36:00,89.55471,36.7543,987.258,272.28,88.8,165.5,3.18,-4.64,-31.91,105.89,74.74,303.11,313.68,105.55,74.44,303.55,313.73,1.0
2018-08-18 11:36:00,89.55471,36.75427,987.228,272.29,88.8,165.7,2.72,-4.28,-31.83,105.5,74.74,303.25,313.75,105.54,74.54,303.47,313.68,1.0
2018-08-18 11:36:00,89.55471,36.75425,987.22,272.29,88.8,165.8,4.01,-4.04,-31.83,106.28,74.33,302.42,313.23,105.62,74.64,303.39,313.6,1.0
2018-08-18 11:36:00,89.55471,36.75422,987.229,272.29,88.8,165.7,6.41,-4.02,-32.0,106.02,74.6,302.15,312.77,105.78,74.7,303.32,313.54,1.0
2018-08-18 11:36:00,89.55471,36.7542,987.196,272.29,88.8,166.0,8.66,-4.24,-32.41,106.54,74.67,303.17,313.75,106.0,74.74,303.27,313.52,1.0
2018-08-18 11:36:00,89.55471,36.75417,987.254,272.29,88.8,165.5,9.72,-4.19,-32.95,105.56,74.88,303.35,313.94,106.25,74.72,303.25,313.54,1.0
2018-08-18 11:36:00,89.55471,36.75414,987.245,272.29,88.8,165.6,7.45,-4.25,-33.83,105.76,74.53,303.45,313.93,106.5,74.67,303.3,313.54,1.0
2018-08-18 11:36:00,89.55471,36.75412,987.271,272.29,88.8,165.4,5.97,-4.43,-34.62,105.82,74.81,303.54,313.93,106.7,74.58,303.39,313.58,1.0
2018-08-18 11:36:00,89.55471,36.75409,987.309,272.29,88.8,165.1,4.39,-4.4,-35.48,105.96,74.88,303.26,314.51,106.8,74.48,303.56,313.72,1.0
2018-08-18 11:36:00,89.55471,36.75407,987.326,272.29,88.8,165.0,2.72,-4.21,-36.3,107.0,74.74,303.44,313.55,106.79,74.38,303.78,313.9,1.0
2018-08-18 11:36:00,89.55471,36.75404,987.338,272.29,88.8,164.9,3.37,-4.56,-36.51,106.81,74.74,303.35,313.94,106.64,74.31,303.94,314.01,1.0
2018-08-18 11:36:00,89.55471,36.75402,987.371,272.29,88.8,164.6,4.49,-4.39,-36.71,106.15,74.53,303.53,313.94,106.35,74.27,303.93,314.08,1.0
2018-08-18 11:36:00,89.55471,36.75399,987.384,272.29,88.8,164.5,5.48,-4.67,-36.26,106.15,74.74,303.44,313.94,105.95,74.28,303.89,314.13,1.0
2018-08-18 11:36:00,89.55471,36.75396,987.399,272.29,88.8,164.4,6.95,-4.98,-36.1,105.82,74.26,303.23,314.04,105.45,74.33,303.87,314.14,1.0
2018-08-18 11:36:00,89.55471,36.75393,987.418,272.29,88.8,164.2,9.24,-5.12,-36.28,106.02,74.46,303.25,313.74,104.92,74.42,303.86,314.1,1.0
2018-08-18 11:36:00,89.55471,36.7539,987.407,272.3,88.8,164.3,12.31,-5.12,-36.27,106.15,74.53,303.73,314.3,104.39,74.53,303.8,314.04,1.0
2018-08-18 11:36:00,89.55471,36.75387,987.448,272.3,88.8,164.0,12.76,-5.6,-36.17,106.02,74.74,302.33,314.24,103.92,74.63,303.69,313.95,1.0
2018-08-18 11:36:00,89.55471,36.75384,987.438,272.3,88.8,164.0,9.75,-5.56,-36.21,106.54,74.88,302.07,313.84,103.56,74.7,303.59,313.86,1.0
2018-08-18 11:36:00,89.55471,36.7538,987.47,272.3,88.8,163.8,7.35,-5.84,-36.86,105.43,74.53,302.97,314.04,103.34,74.73,303.51,313.79,1.0
2018-08-18 11:36:00,89.55471,36.75377,987.512,272.3,88.8,163.4,6.98,-6.07,-37.15,106.15,74.67,303.48,313.84,103.28,74.7,303.48,313.68,1.0
2018-08-18 11:36:00,89.5547,36.75374,987.487,272.3,88.8,163.6,8.29,-5.9,-36.47,105.96,74.53,303.8,314.04,103.38,74.61,303.46,313.56,1.0
2018-08-18 11:36:00,89.5547,36.7537,987.479,272.3,88.8,163.7,8.63,-5.8,-35.85,105.37,74.74,303.14,313.96,103.62,74.47,303.44,313.58,1.0
2018-08-18 11:36:00,89.5547,36.75367,987.461,272.3,88.8,163.9,9.1,-5.87,-35.22,104.78,74.67,303.48,314.04,103.96,74.29,303.59,313.69,1.0
2018-08-18 11:36:00,89.5547,36.75364,987.486,272.3,88.8,163.7,10.4,-5.65,-34.84,106.22,74.6,303.45,313.94,104.37,74.1,303.78,313.81,1.0
2018-08-18 11:36:00,89.5547,36.75361,987.512,272.3,88.8,163.4,12.79,-5.52,-34.72,105.82,74.53,303.55,313.22,104.78,73.93,303.96,313.94,1.0
2018-08-18 11:36:00,89.5547,36.75359,987.51,272.29,88.8,163.5,16.1,-5.56,-34.88,105.76,74.67,303.74,312.87,105.14,73.8,304.1,314.07,1.0
2018-08-18 11:36:00,89.5547,36.75357,987.552,272.31,88.8,163.1,19.33,-5.42,-35.33,105.43,74.81,303.53,313.88,105.4,73.73,304.21,314.15,1.0
2018-08-18 11:36:00,89.5547,36.75355,987.582,272.31,88.8,162.9,19.85,-5.11,-35.7,105.43,74.4,303.63,314.19,105.53,73.72,304.38,314.19,1.0
2018-08-18 11:36:00,89.5547,36.75353,987.618,272.3,88.8,162.6,20.43,-5.21,-36.2,104.97,74.46,303.44,313.88,105.51,73.78,304.48,314.16,1.0
2018-08-18 11:36:00,89.5547,36.7535,987.618,272.3,88.8,162.6,19.97,-5.21,-36.63,105.5,74.33,303.85,313.96,105.34,73.88,304.53,314.1,1.0
2018-08-18 11:36:00,89.5547,36.75348,987.595,272.3,88.8,162.8,18.68,-5.04,-36.98,105.63,74.12,303.87,314.02,105.05,74.02,304.53,314.1,1.0
2018-08-18 11:36:00,89.5547,36.75346,987.626,272.31,88.8,162.5,17.34,-4.86,-37.31,105.5,74.53,303.59,313.84,104.68,74.16,304.5,314.12,1.0
2018-08-18 11:36:00,89.5547,36.75344,987.674,272.31,88.8,162.1,16.25,-4.86,-37.17,106.74,74.6,304.79,314.06,104.28,74.28,304.46,314.04,1.0
2018-08-18 11:36:00,89.5547,36.75342,987.702,272.31,88.8,161.9,16.46,-4.94,-37.46,105.63,74.6,304.55,313.49,103.92,74.37,304.44,313.96,1.0
2018-08-18 11:36:00,89.5547,36.7534,987.742,272.31,88.8,161.6,17.36,-5.2,-37.01,106.28,74.46,304.07,314.04,103.64,74.4,304.43,313.94,1.0
2018-08-18 11:36:00,89.5547,36.75338,987.752,272.31,88.8,161.5,19.56,-5.49,-36.06,105.63,74.46,303.79,313.72,103.51,74.39,304.42,314.02,1.0
2018-08-18 11:36:00,89.5547,36.75334,987.69,272.31,88.8,162.0,23.08,-5.69,-35.0,103.86,74.4,303.62,314.17,103.53,74.33,304.43,314.19,1.0
2018-08-18 11:36:00,89.5547,36.75328,987.796,272.31,88.9,161.1,26.28,-5.59,-34.05,105.56,74.46,303.71,313.74,103.73,74.24,304.49,314.38,1.0
2018-08-18 11:36:00,89.5547,36.75322,987.797,272.31,88.9,161.1,25.27,-5.83,-33.81,104.38,74.53,303.71,314.03,104.07,74.14,304.5,314.5,1.0
2018-08-18 11:36:00,89.5547,36.75316,987.772,272.31,88.9,161.3,22.99,-6.01,-33.61,104.58,74.4,303.81,314.23,104.53,74.04,304.52,314.69,1.0
2018-08-18 11:36:00,89.5547,36.7531,987.769,272.31,88.9,161.4,19.75,-6.02,-33.38,105.17,74.53,303.81,314.84,105.04,73.96,304.54,314.82,1.0
2018-08-18 11:36:00,89.5547,36.75304,987.806,272.31,88.9,161.1,16.7,-5.95,-33.02,105.82,74.46,303.71,315.43,105.55,73.9,304.56,314.85,1.0
2018-08-18 11:36:00,89.5547,36.75298,987.878,272.31,88.9,160.5,15.11,-5.95,-32.4,106.15,74.26,303.9,314.8,105.98,73.87,304.58,314.84,1.0
2018-08-18 11:36:00,89.5547,36.75292,987.839,272.32,88.9,160.8,14.94,-5.59,-31.27,104.97,74.46,303.71,314.4,106.28,73.86,304.55,314.84,1.0
2018-08-18 11:36:00,89.5547,36.75286,987.818,272.31,88.9,161.0,15.64,-5.47,-30.67,105.63,74.19,303.89,314.47,106.41,73.85,304.51,314.71,1.0
2018-08-18 11:36:00,89.5547,36.7528,987.808,272.31,88.9,161.1,17.94,-5.62,-30.26,105.04,74.4,303.8,314.53,106.35,73.83,304.44,314.53,1.0
2018-08-18 11:36:00,89.5547,36.75274,987.83,272.31,88.9,160.9,21.21,-5.83,-29.98,105.76,74.33,303.9,314.04,106.1,73.79,304.38,314.3,1.0
2018-08-18 11:36:00,89.5547,36.75268,987.92,272.32,88.9,160.1,24.42,-5.89,-29.81,105.17,74.46,303.99,314.27,105.7,73.71,304.34,314.03,1.0
2018-08-18 11:36:00,89.5547,36.7526,987.93,272.32,88.9,160.1,26.47,-6.06,-29.7,104.58,74.19,303.81,315.07,105.19,73.6,304.32,313.84,1.0
2018-08-18 11:36:00,89.5547,36.7525,987.934,272.32,88.9,160.0,25.12,-5.79,-29.71,105.24,74.4,303.62,314.45,104.62,73.46,304.35,313.79,1.0
2018-08-18 11:36:00,89.5547,36.75239,987.948,272.32,88.9,159.9,22.89,-5.54,-29.51,106.68,74.26,303.82,314.04,104.05,73.32,304.52,313.83,1.0
2018-08-18 11:36:00,89.5547,36.75228,987.966,272.32,88.9,159.8,21.62,-5.44,-29.41,105.56,74.26,304.19,314.05,103.54,73.19,304.83,313.9,1.0
2018-08-18 11:36:00,89.5547,36.75217,987.973,272.32,88.9,159.7,21.6,-5.34,-29.5,104.97,74.33,304.09,314.33,103.12,73.1,305.16,313.98,1.0
2018-08-18 11:36:00,89.5547,36.75207,987.938,272.32,88.9,160.0,21.59,-4.92,-29.56,105.17,74.26,304.09,313.94,102.83,73.07,305.33,314.09,1.0
2018-08-18 11:36:00,89.5547,36.75196,988.028,272.32,88.9,159.3,20.57,-4.82,-28.88,104.97,74.33,304.09,314.14,102.67,73.12,305.35,314.1,1.0
2018-08-18 11:36:00,89.5547,36.75185,988.041,272.32,88.9,159.2,18.7,-4.54,-28.34,105.76,74.05,305.08,314.8,102.64,73.25,305.45,314.2,1.0
2018-08-18 11:36:00,89.5547,36.75174,988.011,272.32,88.9,159.4,18.58,-4.16,-28.14,104.19,73.78,305.87,314.38,102.71,73.45,305.58,314.3,1.0
2018-08-18 11:36:00,89.5547,36.75164,988.003,272.32,88.9,159.5,19.96,-3.7,-28.41,104.58,73.91,306.17,313.54,102.85,73.72,305.65,314.36,1.0
2018-08-18 11:36:00,89.5547,36.75153,988.085,272.32,88.9,158.8,20.39,-3.17,-29.02,104.78,74.12,303.99,313.62,103.03,74.01,305.63,314.34,1.0
2018-08-18 11:36:00,89.5547,36.75142,988.037,272.32,88.9,159.2,15.34,-3.12,-29.3,105.04,74.05,302.43,313.59,103.22,74.32,305.57,314.29,1.0
2018-08-18 11:36:00,89.5547,36.75132,988.078,272.32,88.9,158.9,14.65,-3.3,-28.77,104.78,74.05,303.69,313.79,103.41,74.59,305.56,314.24,1.0
2018-08-18 11:36:00,89.5547,36.75125,988.122,272.32,88.9,158.5,14.05,-3.34,-28.39,104.32,74.05,304.41,314.18,103.59,74.81,305.45,314.12,1.0
2018-08-18 11:36:00,89.55469,36.75118,988.13,272.32,88.9,158.4,13.2,-3.44,-28.49,105.37,74.26,304.71,314.17,103.75,74.96,305.23,314.05,1.0
2018-08-18 11:36:00,89.55469,36.75112,988.113,272.32,88.9,158.6,13.29,-3.77,-28.63,105.3,74.26,304.27,314.34,103.9,75.04,305.03,314.08,1.0
2018-08-18 11:36:00,89.55469,36.75105,988.081,272.33,88.9,158.8,16.2,-4.07,-27.6,104.52,74.33,304.31,313.97,104.05,75.03,305.02,314.14,1.0
2018-08-18 11:36:00,89.55469,36.75099,988.147,272.33,88.9,158.3,19.44,-4.14,-28.6,104.58,74.26,305.33,314.36,104.21,74.95,305.18,314.23,1.0
2018-08-18 11:36:00,89.55469,36.75092,988.193,272.33,88.9,157.9,20.34,-4.36,-28.32,104.12,74.26,305.1,314.07,104.37,74.83,305.27,314.32,1.0
2018-08-18 11:36:00,89.55469,36.75086,988.213,272.33,88.9,157.8,18.84,-4.42,-29.16,104.32,74.33,304.81,313.79,104.55,74.67,305.32,314.38,1.0
2018-08-18 11:36:00,89.55469,36.75079,988.221,272.33,88.9,157.7,15.43,-4.38,-30.39,105.04,74.12,304.76,314.04,104.72,74.51,305.39,314.48,1.0
2018-08-18 11:36:00,89.55469,36.75073,988.249,272.33,88.9,157.5,11.29,-4.56,-29.6,105.04,74.33,304.55,314.24,104.86,74.36,305.48,314.63,1.0
2018-08-18 11:36:00,89.55469,36.75067,988.218,272.33,88.9,157.7,8.39,-4.56,-29.55,104.97,74.26,304.27,314.14,104.96,74.22,305.55,314.71,1.0
2018-08-18 11:36:00,89.55469,36.7506,988.235,272.34,88.9,157.6,6.46,-4.78,-30.04,104.25,74.26,304.55,314.05,105.01,74.11,305.51,314.71,1.0
2018-08-18 11:36:00,89.55469,36.75054,988.253,272.34,88.9,157.5,7.01,-4.92,-30.36,104.19,74.26,304.55,314.05,104.98,74.03,305.44,314.67,1.0
2018-08-18 11:36:00,89.55469,36.75047,988.252,272.34,88.9,157.5,10.05,-4.96,-30.35,105.04,74.26,304.56,314.52,104.89,73.96,305.35,314.64,1.0
2018-08-18 11:36:00,89.55469,36.75041,988.242,272.34,88.9,157.5,13.99,-5.06,-30.07,105.1,74.26,304.38,315.26,104.74,73.9,305.24,314.61,1.0
2018-08-18 11:36:00,89.55469,36.75034,988.291,272.34,88.9,157.1,14.8,-5.64,-29.66,105.04,74.05,304.18,314.8,104.55,73.84,305.16,314.58,1.0
2018-08-18 11:36:00,89.55469,36.75028,988.292,272.33,88.9,157.1,14.71,-5.73,-30.14,104.38,74.26,304.28,314.14,104.36,73.79,305.08,314.58,1.0
2018-08-18 11:36:00,89.55469,36.75022,988.274,272.34,88.9,157.3,14.63,-5.86,-30.49,104.58,74.26,304.65,314.23,104.18,73.73,305.06,314.61,1.0
2018-08-18 11:36:00,89.55469,36.75015,988.289,272.34,88.9,157.2,14.61,-5.82,-30.7,104.97,74.26,304.37,314.43,104.06,73.67,305.09,314.69,1.0
2018-08-18 11:36:00,89.55469,36.75009,988.343,272.35,88.9,156.7,14.07,-5.62,-30.85,104.91,74.26,304.47,314.04,104.0,73.62,305.1,314.76,1.0
2018-08-18 11:36:00,89.55468,36.75002,988.395,272.34,89.0,156.3,12.18,-5.68,-30.96,104.19,74.26,304.56,314.05,104.02,73.58,305.12,314.69,1.0
2018-08-18 11:36:00,89.55468,36.74996,988.402,272.35,89.0,156.2,11.21,-5.65,-31.79,105.56,74.05,304.65,314.24,104.12,73.57,305.16,314.64,1.0
2018-08-18 11:36:00,89.55468,36.7499,988.382,272.34,89.0,156.4,12.17,-5.63,-32.71,103.93,73.98,305.18,314.06,104.28,73.58,305.22,314.61,1.0
2018-08-18 11:36:00,89.55468,36.74983,988.364,272.34,89.0,156.6,11.83,-5.6,-33.88,103.8,74.12,304.88,314.54,104.48,73.62,305.3,314.56,1.0
2018-08-18 11:36:00,89.55468,36.74977,988.376,272.34,89.0,156.5,11.09,-5.65,-34.73,104.12,73.98,304.97,314.8,104.7,73.69,305.37,314.49,1.0
2018-08-18 11:36:00,89.55468,36.74973,988.42,272.35,89.0,156.1,12.23,-5.83,-34.57,105.1,74.19,304.46,313.85,104.9,73.77,305.44,314.4,1.0
2018-08-18 11:36:00,89.55468,36.74969,988.442,272.35,89.0,155.9,11.16,-5.52,-34.21,105.56,74.12,304.74,314.14,105.08,73.86,305.5,314.33,1.0
2018-08-18 11:36:00,89.55468,36.74965,988.427,272.34,89.0,156.0,12.41,-5.88,-33.34,104.71,74.05,304.57,314.16,105.21,73.94,305.54,314.28,1.0
2018-08-18 11:36:00,89.55468,36.7496,988.496,272.34,89.0,155.5,12.76,-6.09,-32.44,104.78,73.98,304.66,314.54,105.29,74.02,305.52,314.27,1.0
2018-08-18 11:36:00,89.55468,36.74956,988.56,272.35,89.0,155.0,12.01,-6.06,-32.13,104.45,74.12,304.65,314.05,105.31,74.08,305.49,314.25,1.0
2018-08-18 11:36:00,89.55468,36.74952,988.524,272.35,89.0,155.3,10.57,-5.98,-32.29,104.19,74.12,304.65,314.34,105.28,74.12,305.46,314.25,1.0
2018-08-18 11:36:00,89.55468,36.74948,988.503,272.35,89.0,155.4,9.25,-6.32,-31.56,104.65,74.12,304.66,314.24,105.2,74.13,305.42,314.36,1.0
2018-08-18 11:36:00,89.55468,36.74944,988.508,272.35,89.0,155.4,9.25,-6.08,-30.67,105.04,74.12,304.85,314.35,105.06,74.14,305.42,314.45,1.0
2018-08-18 11:36:00,89.55468,36.7494,988.563,272.35,89.0,154.9,12.06,-6.32,-29.57,104.32,74.05,304.94,314.45,104.86,74.13,305.42,314.55,1.0
2018-08-18 11:36:00,89.55468,36.74935,988.576,272.35,89.0,154.8,14.98,-6.46,-29.15,104.84,74.19,304.75,314.16,104.6,74.12,305.45,314.63,1.0
2018-08-18 11:36:00,89.55468,36.74931,988.541,272.35,89.0,155.1,16.55,-6.43,-29.97,105.63,73.98,304.66,314.45,104.28,74.1,305.51,314.67,1.0
2018-08-18 11:36:00,89.55468,36.74927,988.615,272.35,89.0,154.5,16.24,-6.54,-32.02,104.19,74.12,304.27,314.14,103.88,74.07,305.54,314.66,1.0
2018-08-18 11:36:00,89.55468,36.74923,988.611,272.35,89.0,154.6,14.68,-6.36,-31.79,105.43,74.12,304.69,314.0,103.43,74.04,305.54,314.6,1.0
2018-08-18 11:36:00,89.55468,36.74919,988.634,272.35,89.0,154.4,13.51,-6.41,-31.52,104.19,74.05,304.74,313.71,102.94,74.0,305.52,314.51,1.0
2018-08-18 11:36:00,89.55468,36.74915,988.67,272.35,89.0,154.1,12.97,-6.09,-31.08,104.65,74.05,305.41,314.28,102.46,73.95,305.49,314.4,1.0
2018-08-18 11:36:00,89.55468,36.74911,988.683,272.36,89.0,154.0,12.72,-5.63,-31.26,105.1,73.98,305.7,314.18,102.02,73.89,305.47,314.3,1.0
2018-08-18 11:36:00,89.55467,36.74907,988.648,272.35,89.0,154.3,12.85,-5.42,-32.3,103.21,74.26,305.5,314.35,101.68,73.8,305.48,314.23,1.0
2018-08-18 11:36:00,89.55467,36.74903,988.65,272.35,89.0,154.2,15.32,-5.57,-32.12,104.58,74.05,305.35,314.35,101.51,73.71,305.56,314.26,1.0
2018-08-18 11:36:00,89.55467,36.74899,988.702,272.35,89.0,153.8,19.69,-5.15,-31.67,104.32,74.12,304.99,314.16,101.53,73.6,305.57,314.38,1.0
2018-08-18 11:36:00,89.55467,36.74895,988.722,272.35,89.0,153.7,24.25,-4.98,-31.8,104.52,74.05,304.83,314.45,101.78,73.49,305.66,314.48,1.0
2018-08-18 11:36:00,89.55467,36.74891,988.723,272.35,89.0,153.7,26.54,-4.8,-32.1,104.65,74.05,305.02,314.35,102.27,73.4,305.68,314.56,1.0
2018-08-18 11:36:00,89.55467,36.74887,988.733,272.36,89.0,153.6,26.46,-4.56,-32.26,104.38,73.98,304.9,314.69,102.96,73.32,305.61,314.63,1.0
2018-08-18 11:36:00,89.55467,36.74883,988.76,272.36,89.0,153.4,26.5,-4.6,-32.25,103.66,74.05,305.29,314.92,103.81,73.27,305.55,314.7,1.0
2018-08-18 11:36:00,89.55467,36.74879,988.771,272.35,89.0,153.3,25.16,-4.38,-32.87,103.4,73.91,304.95,315.36,104.73,73.25,305.5,314.75,1.0
2018-08-18 11:36:00,89.55467,36.74875,988.805,272.36,89.0,153.0,23.83,-4.23,-32.91,103.73,73.91,305.74,314.72,105.65,73.27,305.46,314.78,1.0
2018-08-18 11:36:00,89.55467,36.74874,988.8,272.36,89.0,153.0,23.33,-3.97,-32.92,104.19,73.98,305.33,314.27,106.48,73.32,305.43,314.78,1.0
2018-08-18 11:36:00,89.55467,36.74872,988.756,272.37,89.0,153.4,22.93,-3.81,-33.08,103.4,73.78,305.13,314.35,107.14,73.39,305.39,314.76,1.0
2018-08-18 11:36:00,89.55467,36.74871,988.771,272.36,89.0,153.3,21.6,-4.03,-33.21,104.84,73.98,304.93,314.35,107.57,73.48,305.36,314.71,1.0
2018-08-18 11:36:00,89.55467,36.7487,988.821,272.36,89.0,152.9,21.54,-4.15,-32.98,104.71,73.84,305.21,314.25,107.75,73.58,305.32,314.62,1.0
2018-08-18 11:36:00,89.55466,36.74869,988.854,272.37,89.0,152.6,22.94,-4.14,-32.12,104.97,73.84,304.94,314.34,107.69,73.67,305.31,314.49,1.0
2018-08-18 11:36:00,89.55466,36.74868,988.848,272.37,89.0,152.6,24.69,-4.64,-30.7,104.78,73.91,304.66,314.35,107.42,73.76,305.24,314.42,1.0
2018-08-18 11:36:00,89.55466,36.74867,988.837,272.36,89.0,152.7,26.43,-5.06,-29.69,104.78,73.84,305.12,314.35,106.99,73.84,305.23,314.41,1.0
2018-08-18 11:36:00,89.55466,36.74866,988.849,272.36,89.0,152.6,27.37,-5.19,-29.28,105.89,73.91,305.13,314.45,106.47,73.91,305.3,314.42,1.0
2018-08-18 11:36:00,89.55466,36.74865,988.809,272.36,89.0,153.0,25.69,-5.93,-27.89,104.52,73.91,305.02,314.26,105.93,73.96,305.33,314.44,1.0
2018-08-18 11:36:00,89.55466,36.74864,988.83,272.37,89.0,152.8,23.74,-6.32,-26.99,104.71,74.05,305.12,314.26,105.42,73.99,305.35,314.45,1.0
2018-08-18 11:36:00,89.55466,36.74863,988.875,272.37,89.0,152.4,23.45,-6.53,-26.59,104.58,73.84,305.12,314.35,104.97,74.0,305.35,314.44,1.0
2018-08-18 11:36:00,89.55466,36.74862,988.899,272.37,89.0,152.2,24.19,-6.64,-26.43,103.93,73.91,305.13,314.35,104.62,74.0,305.34,314.42,1.0
2018-08-18 11:36:00,89.55466,36.74862,988.878,272.37,89.0,152.4,25.25,-6.69,-26.2,105.04,73.71,305.56,314.16,104.35,73.98,305.31,314.39,1.0
2018-08-18 11:36:00,89.55466,36.74862,988.832,272.37,89.0,152.8,26.51,-6.7,-25.73,105.43,74.05,305.04,314.26,104.15,73.94,305.28,314.34,1.0
2018-08-18 11:36:00,89.55466,36.74862,988.929,272.37,89.0,152.0,29.84,-6.78,-25.23,104.32,73.84,305.12,314.45,103.99,73.88,305.24,314.29,1.0
2018-08-18 11:36:00,89.55466,36.74862,988.95,272.37,89.0,151.8,31.26,-6.83,-25.0,104.71,73.91,304.94,314.45,103.84,73.79,305.2,314.26,1.0
2018-08-18 11:36:00,89.55466,36.74861,988.963,272.37,89.0,151.7,31.06,-6.56,-25.02,104.45,73.91,305.04,314.26,103.69,73.68,305.18,314.19,1.0
2018-08-18 11:36:00,89.55466,36.74861,988.975,272.37,89.0,151.6,29.96,-6.25,-25.21,105.37,73.98,305.04,314.55,103.52,73.56,305.16,314.12,1.0
2018-08-18 11:36:00,89.55466,36.74861,988.97,272.37,89.0,151.7,28.85,-6.16,-25.5,103.93,73.91,305.13,314.27,103.35,73.44,305.17,314.09,1.0
2018-08-18 11:36:00,89.55466,36.74861,989.004,272.37,89.0,151.4,28.75,-6.05,-25.89,104.97,73.84,305.12,314.26,103.2,73.31,305.23,314.13,1.0
2018-08-18 11:36:00,89.55466,36.74861,989.05,272.37,89.0,151.0,29.6,-5.5,-26.72,105.1,73.91,304.93,314.36,103.1,73.21,305.36,314.24,1.0
2018-08-18 11:36:00,89.55466,36.7486,989.031,272.37,89.0,151.2,29.35,-5.14,-27.17,104.71,73.84,305.12,313.82,103.07,73.13,305.41,314.33,1.0
2018-08-18 11:36:00,89.55466,36.7486,989.01,272.37,89.0,151.3,28.75,-4.9,-27.6,104.58,73.84,305.44,313.21,103.15,73.08,305.47,314.42,1.0
2018-08-18 11:36:00,89.55466,36.7486,989.05,272.37,89.0,151.0,28.57,-4.7,-28.16,104.32,73.71,305.63,313.78,103.34,73.07,305.54,314.49,1.0
2018-08-18 11:36:00,89.55466,36.7486,989.078,272.37,89.0,150.8,29.22,-4.46,-28.58,103.93,73.84,305.73,313.83,103.66,73.1,305.53,314.47,1.0
2018-08-18 11:36:00,89.55465,36.7486,989.106,272.37,89.0,150.6,33.13,-4.18,-29.36,103.34,73.71,305.84,314.4,104.07,73.16,305.51,314.42,1.0
2018-08-18 11:36:00,89.55465,36.7486,989.112,272.38,89.1,150.5,35.15,-4.04,-30.32,104.58,73.71,305.36,314.41,104.55,73.23,305.48,314.34,1.0
2018-08-18 11:36:00,89.55465,36.7486,989.116,272.38,89.1,150.5,35.3,-4.0,-30.79,104.12,73.64,305.48,314.59,105.05,73.32,305.45,314.32,1.0
2018-08-18 11:36:00,89.55465,36.74859,989.13,272.37,89.1,150.4,33.53,-3.98,-30.87,104.97,73.71,305.87,314.86,105.53,73.4,305.41,314.34,1.0
2018-08-18 11:36:00,89.55465,36.74858,989.134,272.38,89.1,150.3,29.38,-3.96,-31.14,105.04,73.71,305.13,314.36,105.92,73.46,305.38,314.38,1.0
2018-08-18 11:36:00,89.55465,36.74858,989.186,272.38,89.1,149.9,23.78,-3.99,-31.36,103.99,73.71,305.13,314.35,106.18,73.49,305.5,314.48,1.0
2018-08-18 11:36:00,89.55465,36.74858,989.212,272.38,89.1,149.7,22.15,-4.34,-30.54,104.84,73.78,305.12,314.35,106.29,73.48,305.43,314.53,1.0
2018-08-18 11:36:00,89.55465,36.74857,989.175,272.38,89.1,150.0,22.36,-4.74,-29.87,104.97,73.71,304.94,314.74,106.21,73.45,305.4,314.67,1.0
2018-08-18 11:36:00,89.55465,36.74856,989.149,272.38,89.1,150.2,23.07,-5.16,-29.04,104.97,73.64,305.21,314.36,105.94,73.38,305.37,314.77,1.0
2018-08-18 11:36:00,89.55465,36.74856,989.215,272.38,89.1,149.7,23.71,-5.54,-27.9,104.38,73.91,305.46,314.71,105.5,73.3,305.29,314.8,1.0
2018-08-18 11:36:00,89.55464,36.74856,989.207,272.38,89.1,149.7,25.5,-5.67,-27.14,104.38,73.71,306.86,315.18,104.92,73.2,305.18,314.79,1.0
2018-08-18 11:36:00,89.55464,36.74856,989.302,272.39,89.1,149.0,29.3,-5.73,-26.03,104.84,73.64,305.19,314.81,104.24,73.11,305.16,314.83,1.0
2018-08-18 11:36:00,89.55464,36.74857,989.261,272.39,89.1,149.3,29.98,-6.0,-25.7,104.52,73.64,305.07,315.36,103.5,73.03,305.14,314.86,1.0
2018-08-18 11:36:00,89.55464,36.74858,989.273,272.39,89.1,149.2,29.06,-5.96,-25.29,105.43,73.57,304.85,314.87,102.77,72.96,305.12,314.86,1.0
2018-08-18 11:36:00,89.55464,36.7486,989.394,272.39,89.1,148.2,27.35,-5.65,-24.86,104.38,73.71,304.73,314.3,102.1,72.92,305.09,314.82,1.0
2018-08-18 11:36:00,89.55464,36.74861,989.335,272.39,89.1,148.7,24.95,-5.48,-25.21,104.58,73.57,303.74,312.92,101.54,72.9,305.04,314.75,1.0
2018-08-18 11:36:00,89.55464,36.74862,989.293,272.39,89.1,149.0,25.19,-5.39,-25.53,104.38,73.43,305.0,313.84,101.13,72.9,304.87,314.66,1.0
2018-08-18 11:36:00,89.55464,36.74863,989.328,272.39,89.1,148.8,25.22,-5.05,-25.37,104.58,73.5,304.85,314.16,100.91,72.92,304.83,314.55,1.0
2018-08-18 11:36:00,89.55464,36.74864,989.343,272.39,89.1,148.6,23.69,-5.0,-25.4,103.86,73.43,304.95,314.36,100.9,72.94,304.86,314.43,1.0
2018-08-18 11:36:00,89.55464,36.74866,989.345,272.39,89.1,148.6,21.65,-5.25,-25.66,104.19,73.71,305.43,314.55,101.08,72.96,304.9,314.35,1.0
2018-08-18 11:36:00,89.55464,36.74867,989.436,272.39,89.1,147.9,21.12,-5.48,-25.9,104.84,73.5,305.15,314.48,101.45,72.98,304.96,314.42,1.0
2018-08-18 11:36:00,89.55464,36.74868,989.4,272.39,89.1,148.2,22.33,-5.33,-25.99,102.94,73.64,305.15,315.36,101.97,72.99,305.0,314.68,1.0
2018-08-18 11:36:00,89.55464,36.74869,989.411,272.4,89.1,148.1,25.45,-4.79,-26.9,103.93,73.5,305.03,314.7,102.59,72.99,305.04,314.79,1.0
2018-08-18 11:36:00,89.55463,36.7487,989.425,272.4,89.1,148.0,26.35,-4.55,-27.12,103.34,73.64,305.05,314.54,103.26,72.99,305.07,314.85,1.0
2018-08-18 11:36:00,89.55463,36.74872,989.431,272.4,89.1,147.9,25.75,-4.54,-27.09,104.38,73.22,304.96,314.54,103.93,72.98,305.08,314.89,1.0
2018-08-18 11:36:00,89.55463,36.74875,989.431,272.39,89.1,147.9,24.23,-4.55,-27.11,103.73,73.64,304.64,314.9,104.54,72.96,305.08,314.92,1.0
2018-08-18 11:36:00,89.55463,36.74878,989.422,272.39,89.1,148.0,21.27,-4.41,-26.93,103.53,73.29,303.58,315.62,105.05,72.95,305.07,314.92,1.0
2018-08-18 11:36:00,89.55463,36.74881,989.464,272.39,89.1,147.7,16.89,-4.27,-26.52,104.19,73.22,304.77,314.27,105.43,72.95,305.05,314.84,1.0
2018-08-18 11:36:00,89.55463,36.74884,989.482,272.4,89.1,147.5,14.48,-4.42,-26.71,103.86,73.43,304.96,314.55,105.67,72.96,305.06,314.8,1.0
2018-08-18 11:36:00,89.55463,36.74887,989.509,272.4,89.1,147.3,12.93,-4.3,-27.71,104.78,73.43,305.24,314.36,105.77,72.97,305.06,314.76,1.0
2018-08-18 11:36:00,89.55463,36.7489,989.541,272.4,89.1,147.0,11.81,-4.08,-29.05,104.32,73.43,305.24,314.66,105.74,73.01,305.03,314.73,1.0
2018-08-18 11:36:00,89.55463,36.74893,989.517,272.4,89.1,147.2,11.08,-4.27,-30.1,104.58,73.43,305.24,314.46,105.6,73.05,304.99,314.66,1.0
2018-08-18 11:36:00,89.55462,36.74896,989.54,272.39,89.1,147.0,10.57,-4.2,-31.09,104.12,73.57,305.15,314.55,105.39,73.09,305.13,314.51,1.0
2018-08-18 11:36:00,89.55462,36.74899,989.592,272.4,89.1,146.6,10.22,-4.37,-32.32,104.32,73.36,305.14,314.65,105.12,73.14,305.17,314.48,1.0
2018-08-18 11:36:00,89.55462,36.74902,989.613,272.4,89.1,146.5,12.34,-4.31,-32.89,103.99,73.36,305.24,314.65,104.82,73.17,305.11,314.58,1.0
2018-08-18 11:36:00,89.55462,36.74905,989.606,272.4,89.1,146.5,15.4,-4.07,-32.88,104.38,73.36,304.84,314.56,104.51,73.18,305.05,314.71,1.0
2018-08-18 11:36:00,89.55462,36.74907,989.61,272.4,89.1,146.5,17.2,-3.85,-32.75,104.32,73.08,304.28,314.37,104.2,73.17,305.03,314.8,1.0
2018-08-18 11:36:00,89.55462,36.74908,989.601,272.4,89.1,146.6,16.96,-3.8,-32.89,103.53,73.43,304.96,314.36,103.88,73.13,305.0,314.88,1.0
2018-08-18 11:36:00,89.55462,36.7491,989.627,272.4,89.1,146.4,15.59,-3.95,-33.07,104.38,73.43,305.23,314.36,103.57,73.06,304.96,314.95,1.0
2018-08-18 11:36:00,89.55462,36.74911,989.66,272.4,89.1,146.1,16.51,-3.52,-34.12,104.84,73.22,304.19,315.4,103.26,72.96,304.92,315.0,1.0
2018-08-18 11:36:00,89.55462,36.74913,989.684,272.4,89.1,145.9,16.81,-3.34,-35.21,104.06,73.43,304.67,315.66,102.96,72.83,304.88,315.03,1.0
2018-08-18 11:36:00,89.55462,36.74914,989.69,272.4,89.1,145.8,15.94,-3.54,-35.78,104.06,73.36,305.12,315.36,102.67,72.7,304.91,315.04,1.0
2018-08-18 11:36:00,89.55462,36.74916,989.686,272.4,89.1,145.9,15.85,-3.48,-35.87,104.58,73.29,305.23,315.43,102.41,72.56,305.03,315.0,1.0
2018-08-18 11:36:00,89.55462,36.74917,989.729,272.41,89.1,145.5,13.79,-3.6,-36.45,104.58,73.29,305.23,315.4,102.2,72.43,305.17,315.01,1.0
2018-08-18 11:36:00,89.55462,36.74919,989.726,272.41,89.1,145.6,11.48,-3.89,-37.45,104.45,73.29,305.14,315.17,102.04,72.33,305.17,315.09,1.0
2018-08-18 11:36:00,89.55461,36.7492,989.713,272.41,89.1,145.7,9.24,-4.02,-38.13,102.62,73.43,305.41,315.04,101.96,72.28,305.2,315.07,1.0
2018-08-18 11:36:00,89.55461,36.74922,989.717,272.41,89.1,145.6,8.28,-3.97,-38.21,104.32,73.36,305.3,314.7,101.96,72.26,305.2,315.02,1.0
2018-08-18 11:36:00,89.55461,36.74923,989.746,272.41,89.1,145.4,9.9,-3.96,-37.74,103.66,73.02,305.56,314.06,102.04,72.3,305.14,315.06,1.0
2018-08-18 11:36:00,89.55461,36.74925,989.74,272.41,89.1,145.4,12.38,-4.65,-37.81,103.53,72.95,306.08,314.18,102.2,72.38,305.28,315.16,1.0
2018-08-18 11:36:00,89.55461,36.74927,989.781,272.41,89.1,145.1,13.91,-4.49,-37.13,103.6,72.95,304.29,314.76,102.42,72.51,305.3,315.17,1.0
2018-08-18 11:36:00,89.55461,36.74929,989.77,272.41,89.1,145.2,13.76,-4.7,-36.58,103.8,73.15,303.84,314.57,102.68,72.65,305.28,315.17,1.0
2018-08-18 11:36:00,89.55461,36.74932,989.754,272.42,89.1,145.3,13.25,-4.91,-36.23,103.93,73.08,303.85,314.92,102.96,72.81,305.24,315.17,1.0
2018-08-18 11:36:00,89.55461,36.74934,989.804,272.42,89.1,144.9,13.03,-4.79,-36.06,103.21,73.02,304.01,315.24,103.24,72.96,305.19,315.18,1.0
2018-08-18 11:36:00,89.55461,36.74936,989.781,272.41,89.1,145.1,10.61,-4.35,-36.88,104.45,73.02,306.28,316.04,103.49,73.1,305.1,315.24,1.0
2018-08-18 11:36:00,89.55461,36.74938,989.789,272.42,89.1,145.0,9.53,-4.71,-37.34,103.8,73.36,305.34,314.29,103.7,73.2,304.97,315.26,1.0
2018-08-18 11:36:00,89.55461,36.74941,989.832,272.42,89.2,144.7,9.02,-4.7,-37.23,103.6,73.15,305.07,314.56,103.87,73.27,305.03,315.22,1.0
2018-08-18 11:36:00,89.55461,36.74943,989.875,272.42,89.2,144.4,10.14,-4.7,-36.74,104.06,73.22,305.16,314.56,103.99,73.31,305.17,315.21,1.0
2018-08-18 11:36:00,89.55461,36.74945,989.895,272.42,89.2,144.2,12.88,-4.75,-36.21,103.47,73.22,305.24,314.65,104.06,73.3,305.35,315.21,1.0
2018-08-18 11:36:00,89.55461,36.74947,989.898,272.42,89.2,144.2,16.27,-4.63,-35.98,103.4,73.08,305.43,314.65,104.1,73.27,305.56,315.17,1.0
2018-08-18 11:36:00,89.5546,36.7495,989.891,272.41,89.2,144.2,15.6,-4.77,-35.74,103.53,73.08,305.34,314.55,104.12,73.22,305.56,315.07,1.0
2018-08-18 11:36:00,89.5546,36.74952,989.881,272.42,89.2,144.3,15.14,-4.73,-35.54,103.93,73.08,305.34,314.56,104.13,73.15,305.63,315.06,1.0
2018-08-18 11:36:00,89.5546,36.74954,989.903,272.42,89.2,144.1,15.16,-4.87,-34.57,103.93,73.15,305.43,314.86,104.15,73.07,305.71,315.05,1.0
2018-08-18 11:36:00,89.5546,36.74956,989.949,272.42,89.2,143.7,14.05,-4.89,-34.34,103.53,73.02,305.15,314.67,104.19,73.0,305.76,315.03,1.0
2018-08-18 11:36:00,89.5546,36.74959,989.99,272.42,89.2,143.4,10.61,-4.56,-36.41,103.73,73.08,305.25,314.57,104.24,72.94,305.77,315.0,1.0
2018-08-18 11:36:00,89.5546,36.74963,989.994,272.42,89.2,143.4,7.02,-4.43,-40.41,103.86,73.22,304.96,314.95,104.33,72.88,305.75,314.95,1.0
2018-08-18 11:36:00,89.5546,36.74966,990.03,272.42,89.2,143.1,5.41,-4.23,-39.86,104.58,73.22,305.15,314.56,104.43,72.83,305.7,314.88,1.0
2018-08-18 11:36:00,89.5546,36.7497,990.028,272.42,89.2,143.1,5.86,-4.47,-39.26,103.6,73.15,305.53,314.67,104.56,72.79,305.64,314.81,1.0
2018-08-18 11:36:00,89.5546,36.74974,990.012,272.42,89.2,143.2,7.35,-4.73,-38.98,104.32,73.02,305.34,314.76,104.68,72.76,305.55,314.73,1.0
2018-08-18 11:36:00,89.5546,36.74977,990.024,272.42,89.2,143.1,8.75,-4.77,-39.03,103.34,73.08,305.24,314.76,104.78,72.74,305.45,314.66,1.0
2018-08-18 11:36:00,89.5546,36.74981,990.08,272.42,89.2,142.7,9.18,-4.66,-39.38,103.6,73.22,305.34,314.86,104.84,72.71,305.44,314.61,1.0
2018-08-18 11:36:00,89.5546,36.74985,990.066,272.42,89.2,142.8,12.42,-4.77,-39.18,103.99,73.15,305.43,314.86,104.83,72.7,305.46,314.61,1.0
2018-08-18 11:36:00,89.5546,36.74988,990.061,272.42,89.2,142.8,14.89,-4.47,-39.19,103.47,73.02,305.43,314.66,104.73,72.69,305.52,314.65,1.0
2018-08-18 11:36:00,89.5546,36.74992,990.065,272.42,89.2,142.8,17.42,-4.14,-39.38,103.8,73.02,304.69,314.75,104.51,72.68,305.59,314.69,1.0
2018-08-18 11:36:00,89.5546,36.75,990.075,272.43,89.2,142.7,17.97,-3.86,-39.56,104.32,72.67,304.73,314.85,104.16,72.68,305.65,314.76,1.0
2018-08-18 11:36:00,89.55459,36.75011,990.095,272.43,89.2,142.6,13.88,-3.57,-39.51,104.65,73.02,305.43,314.56,103.69,72.7,305.67,314.87,1.0
2018-08-18 11:36:00,89.55459,36.75022,990.112,272.43,89.2,142.4,8.85,-3.33,-39.49,104.71,73.22,305.14,315.16,103.11,72.72,305.73,314.89,1.0
2018-08-18 11:36:00,89.55459,36.75032,990.128,272.43,89.2,142.3,7.32,-3.5,-39.61,104.12,73.08,305.43,315.36,102.46,72.75,305.77,314.91,1.0
2018-08-18 11:36:00,89.55459,36.75043,990.147,272.43,89.2,142.1,6.16,-3.62,-40.24,103.14,73.15,305.44,315.28,101.77,72.8,305.79,314.92,1.0
2018-08-18 11:36:00,89.55459,36.75054,990.171,272.43,89.2,142.0,3.76,-3.83,-40.7,103.86,72.95,304.99,315.67,101.1,72.85,305.78,314.94,1.0
2018-08-18 11:36:00,89.55459,36.75065,990.196,272.43,89.2,141.8,0.02,-4.17,-40.62,102.94,72.95,304.62,315.52,100.51,72.9,305.77,314.98,1.0
2018-08-18 11:36:00,89.55459,36.75075,990.211,272.43,89.1,141.6,-2.57,-4.25,-40.41,104.12,72.95,305.32,315.11,100.06,72.96,305.82,315.05,1.0
2018-08-18 11:36:00,89.55459,36.75086,990.235,272.43,89.2,141.4,-0.14,-4.51,-39.77,104.91,72.95,305.52,314.43,99.78,73.02,305.73,315.02,1.0
2018-08-18 11:36:00,89.55459,36.75097,990.229,272.43,89.2,141.5,2.58,-4.78,-38.94,102.94,73.08,305.43,314.46,99.7,73.08,305.7,314.96,1.0
2018-08-18 11:36:00,89.55459,36.75108,990.232,272.43,89.2,141.5,4.77,-5.03,-37.96,103.21,73.02,304.96,314.77,99.83,73.13,305.71,314.91,1.0
2018-08-18 11:36:00,89.55459,36.75118,990.255,272.44,89.2,141.3,6.62,-5.34,-36.94,102.68,73.02,305.23,314.85,100.15,73.17,305.78,314.84,1.0
2018-08-18 11:36:00,89.55459,36.75131,990.215,272.43,89.2,141.6,8.87,-5.81,-36.14,102.62,72.88,306.5,315.33,100.63,73.2,305.91,314.75,1.0
2018-08-18 11:36:00,89.55459,36.75144,990.262,272.44,89.2,141.2,10.29,-5.98,-35.59,103.08,73.22,304.77,314.45,101.21,73.22,305.99,314.73,1.0
2018-08-18 11:36:00,89.55459,36.75156,990.246,272.44,89.2,141.3,7.94,-6.29,-35.86,103.53,72.88,305.29,314.38,101.82,73.23,306.08,314.73,1.0
2018-08-18 11:36:00,89.55458,36.75169,990.251,272.44,89.2,141.3,5.67,-6.46,-35.52,102.62,73.08,305.73,314.77,102.41,73.23,306.15,314.73,1.0
2018-08-18 11:36:00,89.55458,36.75182,990.287,272.44,89.2,141.0,4.1,-6.51,-34.88,103.6,72.95,305.53,314.67,102.91,73.22,306.24,314.74,1.0
2018-08-18 11:36:00,89.55458,36.75195,990.309,272.44,89.2,140.8,2.79,-6.56,-34.51,102.75,73.08,305.71,314.86,103.28,73.2,306.3,314.74,1.0
2018-08-18 11:36:00,89.55458,36.75208,990.311,272.44,89.2,140.8,1.64,-6.43,-33.99,103.01,73.08,305.54,314.77,103.48,73.17,306.2,314.74,1.0
2018-08-18 11:36:00,89.55458,36.7522,990.301,272.44,89.2,140.9,1.92,-6.23,-33.7,103.01,73.15,305.63,314.67,103.51,73.14,306.23,314.77,1.0
2018-08-18 11:36:00,89.55458,36.75233,990.319,272.44,89.2,140.8,2.34,-6.14,-33.43,103.01,73.15,305.52,314.96,103.38,73.1,306.2,314.81,1.0
2018-08-18 11:36:00,89.55458,36.75246,990.361,272.44,89.2,140.4,2.62,-6.0,-33.1,103.53,73.02,305.52,314.67,103.11,73.04,306.14,314.85,1.0
2018-08-18 11:36:00,89.55458,36.75259,990.408,272.44,89.2,140.0,2.75,-5.71,-32.61,103.73,73.02,305.71,314.7,102.75,72.98,306.08,314.89,1.0
2018-08-18 11:36:00,89.55458,36.75272,990.41,272.44,89.2,140.0,2.91,-5.37,-31.92,103.14,73.02,305.62,315.08,102.33,72.92,306.05,314.92,1.0
2018-08-18 11:36:00,89.55458,36.75279,990.407,272.45,89.2,140.0,3.5,-5.17,-31.42,102.81,72.95,305.52,314.66,101.92,72.85,306.04,314.94,1.0
2018-08-18 11:36:00,89.55458,36.75283,990.42,272.45,89.2,140.0,5.33,-4.8,-31.05,102.81,73.02,305.81,314.78,101.54,72.77,306.06,314.93,1.0
2018-08-18 11:36:00,89.55458,36.75287,990.442,272.45,89.2,139.8,7.17,-4.41,-30.7,103.4,73.08,305.81,314.68,101.23,72.7,306.12,314.91,1.0
2018-08-18 11:36:00,89.55458,36.75291,990.469,272.45,89.2,139.6,8.12,-4.24,-30.26,103.14,73.02,305.81,314.86,101.01,72.64,306.13,314.87,1.0
2018-08-18 11:36:00,89.55458,36.75294,990.489,272.45,89.2,139.4,7.84,-4.41,-29.75,102.36,72.95,305.71,314.57,100.89,72.59,306.08,314.82,1.0
2018-08-18 11:36:00,89.55458,36.75299,990.521,272.45,89.2,139.1,8.39,-4.25,-29.51,102.42,73.22,305.71,314.58,100.87,72.56,306.2,314.74,1.0
2018-08-18 11:36:00,89.55457,36.75302,990.519,272.45,89.2,139.1,7.63,-4.46,-29.52,103.21,72.95,305.8,314.68,100.94,72.56,306.29,314.73,1.0
2018-08-18 11:36:00,89.55457,36.75306,990.537,272.45,89.2,139.0,6.61,-4.46,-29.7,102.62,73.22,305.72,314.49,101.05,72.59,306.35,314.73,1.0
2018-08-18 11:36:00,89.55457,36.7531,990.569,272.45,89.2,138.7,5.73,-4.3,-29.79,102.81,72.74,305.1,314.67,101.2,72.64,306.39,314.74,1.0
2018-08-18 11:36:00,89.55457,36.75314,990.591,272.45,89.2,138.6,5.15,-4.19,-29.6,102.36,72.74,304.11,314.88,101.35,72.72,306.39,314.75,1.0
2018-08-18 11:36:00,89.55457,36.75318,990.594,272.44,89.2,138.5,5.29,-4.43,-29.09,103.34,72.88,306.0,315.2,101.47,72.81,306.37,314.76,1.0
2018-08-18 11:36:00,89.55457,36.75322,990.623,272.45,89.2,138.3,7.97,-4.55,-28.66,102.75,73.08,305.84,315.45,101.54,72.92,306.34,314.79,1.0
2018-08-18 11:36:00,89.55457,36.75326,990.634,272.46,89.2,138.2,9.87,-4.57,-28.54,102.22,73.08,305.71,315.62,101.53,73.04,306.29,314.83,1.0
2018-08-18 11:36:00,89.55457,36.75326,990.633,272.46,89.2,138.2,9.64,-4.62,-28.78,102.49,72.74,305.91,315.21,101.46,73.14,306.25,314.89,1.0
2018-08-18 11:36:00,89.55457,36.75323,990.627,272.45,89.2,138.3,7.7,-4.62,-29.53,101.77,72.95,305.82,315.16,101.31,73.23,306.29,314.93,1.0
2018-08-18 11:36:00,89.55457,36.75321,990.587,272.45,89.2,138.6,6.02,-4.42,-30.86,103.01,72.95,306.0,314.86,101.1,73.29,306.44,314.95,1.0
2018-08-18 11:36:00,89.55457,36.75319,990.657,272.46,89.2,138.0,5.4,-4.59,-32.73,102.36,73.02,305.91,314.58,100.86,73.33,306.44,314.92,1.0
2018-08-18 11:36:00,89.55457,36.75316,990.675,272.46,89.2,137.9,4.7,-4.58,-34.21,103.01,73.08,306.09,314.58,100.62,73.34,306.49,314.84,1.0
2018-08-18 11:36:00,89.55457,36.75314,990.67,272.46,89.2,137.9,2.73,-4.64,-35.17,102.29,73.02,306.0,314.39,100.39,73.32,306.57,314.74,1.0
2018-08-18 11:36:00,89.55457,36.75312,990.68,272.46,89.2,137.9,0.96,-4.77,-35.52,102.36,73.02,306.1,314.87,100.22,73.28,306.66,314.63,1.0
2018-08-18 11:36:00,89.55457,36.7531,990.733,272.46,89.3,137.4,1.31,-4.89,-35.31,102.36,73.08,306.0,314.57,100.11,73.22,306.74,314.53,1.0
2018-08-18 11:36:00,89.55457,36.75307,990.728,272.46,89.2,137.5,3.12,-4.98,-35.28,102.62,73.02,305.9,314.85,100.1,73.15,306.81,314.47,1.0
2018-08-18 11:36:00,89.55457,36.75305,990.739,272.46,89.2,137.4,3.45,-4.84,-35.48,101.96,73.08,306.09,314.39,100.17,73.07,306.83,314.48,1.0
2018-08-18 11:36:00,89.55456,36.75303,990.798,272.46,89.2,136.9,3.64,-4.77,-35.35,101.24,73.02,306.21,314.58,100.33,72.98,306.81,314.57,1.0
2018-08-18 11:36:00,89.55456,36.753,990.841,272.46,89.3,136.6,3.74,-4.74,-35.04,101.9,72.88,305.84,314.59,100.57,72.9,306.78,314.64,1.0
2018-08-18 11:36:00,89.55456,36.75298,990.798,272.46,89.3,136.9,3.74,-4.7,-34.53,102.09,73.08,306.19,314.79,100.86,72.81,306.75,314.65,1.0
2018-08-18 11:36:00,89.55456,36.75296,990.803,272.47,89.3,136.9,3.69,-4.8,-33.38,102.55,72.88,306.18,314.64,101.19,72.73,306.7,314.69,1.0
2018-08-18 11:36:00,89.55456,36.75294,990.838,272.46,89.3,136.6,2.23,-5.15,-36.82,102.03,73.08,305.69,315.53,101.53,72.65,306.64,314.74,1.0
2018-08-18 11:36:00,89.55456,36.75289,990.847,272.47,89.3,136.5,-0.45,-5.34,-38.31,101.7,72.95,305.49,316.02,101.87,72.58,306.58,314.81,1.0
2018-08-18 11:36:00,89.55456,36.7528,990.867,272.47,89.3,136.3,-2.88,-5.36,-38.14,101.7,73.02,305.74,315.25,102.17,72.52,306.54,314.87,1.0
2018-08-18 11:36:00,89.55456,36.7527,990.902,272.47,89.3,136.1,-3.83,-5.4,-37.19,101.83,73.08,306.1,314.69,102.44,72.48,306.55,314.98,1.0
2018-08-18 11:36:00,89.55456,36.7526,990.907,272.47,89.3,136.0,-2.68,-5.64,-36.35,102.29,73.02,306.38,314.6,102.67,72.45,306.62,315.13,1.0
2018-08-18 11:36:00,89.55456,36.7525,990.943,272.47,89.3,135.7,-1.2,-5.62,-35.45,101.57,73.02,306.1,314.68,102.83,72.44,306.65,315.16,1.0
2018-08-18 11:36:00,89.55456,36.7524,990.93,272.47,89.3,135.8,-2.29,-5.57,-34.57,102.81,72.88,306.38,314.41,102.94,72.45,306.74,315.13,1.0
2018-08-18 11:36:00,89.55456,36.7523,990.929,272.47,89.3,135.8,-2.55,-5.69,-33.56,102.09,72.81,306.38,314.5,102.98,72.47,306.85,315.02,1.0
2018-08-18 11:36:00,89.55456,36.7522,990.946,272.47,89.3,135.7,-1.24,-5.76,-32.53,102.75,72.6,306.45,315.22,102.95,72.51,306.96,314.96,1.0
2018-08-18 11:37:00,89.55456,36.7521,990.97,272.47,89.3,135.5,0.64,-5.62,-31.66,101.7,72.95,306.85,315.54,102.84,72.56,307.03,314.98,1.0
2018-08-18 11:37:00,89.55456,36.75208,991.043,272.47,89.3,134.9,-1.41,-5.64,-31.31,101.7,72.88,306.38,314.61,102.64,72.61,307.08,315.02,1.0
2018-08-18 11:37:00,89.55456,36.75205,991.029,272.48,89.3,135.0,-3.62,-5.68,-30.83,102.29,73.02,306.38,314.61,102.35,72.66,307.2,315.11,1.0
2018-08-18 11:37:00,89.55456,36.75203,991.058,272.47,89.3,134.8,-4.57,-5.6,-30.75,101.44,72.95,306.38,314.89,101.99,72.7,307.26,315.17,1.0
2018-08-18 11:37:00,89.55456,36.75201,991.084,272.47,89.3,134.6,-3.37,-5.65,-30.59,103.01,73.08,306.38,314.71,101.57,72.73,307.29,315.22,1.0
2018-08-18 11:37:00,89.55456,36.75198,991.082,272.47,89.3,134.6,-1.07,-5.73,-30.29,102.36,72.67,306.27,314.62,101.11,72.74,307.27,315.21,1.0
2018-08-18 11:37:00,89.55455,36.75196,991.104,272.47,89.3,134.4,0.16,-5.53,-30.1,101.9,72.74,305.76,314.68,100.65,72.74,307.21,315.15,1.0
2018-08-18 11:37:00,89.55455,36.75193,991.103,272.48,89.3,134.4,1.75,-5.7,-30.04,102.29,72.67,306.74,315.16,100.21,72.73,307.2,315.22,1.0
2018-08-18 11:37:00,89.55455,36.75191,991.118,272.47,89.3,134.3,1.97,-5.55,-30.38,101.77,72.88,306.6,314.78,99.83,72.71,307.2,315.23,1.0
2018-08-18 11:37:00,89.55455,36.75189,991.132,272.47,89.3,134.2,1.05,-5.05,-30.72,102.36,73.15,306.48,314.9,99.55,72.69,307.2,315.19,1.0
2018-08-18 11:37:00,89.55455,36.75186,991.156,272.48,89.3,134.0,0.64,-4.82,-31.1,102.16,73.02,306.48,314.81,99.38,72.66,307.2,315.15,1.0
2018-08-18 11:37:00,89.55455,36.75184,991.21,272.48,89.3,133.6,1.79,-5.24,-31.61,101.7,72.88,306.56,315.04,99.32,72.64,307.23,315.09,1.0
2018-08-18 11:37:00,89.55455,36.75181,991.233,272.48,89.3,133.4,2.1,-5.09,-31.74,101.96,72.67,306.66,315.55,99.38,72.62,307.27,315.03,1.0
2018-08-18 11:37:00,89.55455,36.75179,991.219,272.48,89.3,133.5,4.4,-5.15,-31.52,101.18,72.74,306.38,315.08,99.53,72.6,307.17,314.94,1.0
2018-08-18 11:37:00,89.55455,36.75182,991.2,272.49,89.3,133.7,5.93,-5.03,-31.73,100.72,72.81,306.58,314.61,99.74,72.58,307.1,314.9,1.0
2018-08-18 11:37:00,89.55455,36.75187,991.19,272.49,89.3,133.7,6.24,-4.78,-32.25,101.44,72.81,306.4,314.71,99.99,72.56,307.07,314.89,1.0
2018-08-18 11:37:00,89.55455,36.75192,991.189,272.49,89.3,133.8,5.54,-4.69,-32.9,101.9,72.81,306.77,314.82,100.23,72.53,307.05,314.86,1.0
2018-08-18 11:37:00,89.55455,36.75197,991.204,272.49,89.3,133.6,3.96,-5.2,-33.71,101.37,72.81,306.34,315.01,100.45,72.49,307.05,314.76,1.0
2018-08-18 11:37:00,89.55455,36.75202,991.234,272.49,89.3,133.4,2.82,-5.23,-34.18,101.83,72.67,305.81,314.98,100.61,72.45,307.07,314.7,1.0
2018-08-18 11:37:00,89.55455,36.75207,991.214,272.49,89.3,133.6,3.18,-5.53,-34.43,101.44,72.95,305.67,314.7,100.72,72.42,307.09,314.62,1.0
2018-08-18 11:37:00,89.55455,36.75212,991.221,272.49,89.3,133.5,3.41,-6.14,-34.22,101.77,72.88,305.74,314.91,100.78,72.4,307.11,314.51,1.0
2018-08-18 11:37:00,89.55455,36.75217,991.266,272.49,89.3,133.1,3.57,-6.69,-33.71,101.77,73.02,305.91,314.19,100.79,72.38,307.14,314.43,1.0
2018-08-18 11:37:00,89.55455,36.75222,991.273,272.49,89.3,133.1,4.31,-6.81,-33.25,100.98,72.67,306.05,313.46,100.77,72.39,307.17,314.35,1.0
2018-08-18 11:37:00,89.55455,36.75227,991.268,272.49,89.3,133.1,4.55,-7.89,-33.51,101.44,72.6,306.47,314.52,100.73,72.42,307.18,314.15,1.0
2018-08-18 11:37:00,89.55455,36.75232,991.293,272.49,89.3,132.9,5.39,-8.2,-34.81,101.64,72.81,306.08,314.01,100.68,72.47,307.26,313.96,1.0
2018-08-18 11:37:00,89.55455,36.75234,991.318,272.49,89.3,132.7,4.87,-8.51,-36.35,101.77,72.6,306.41,313.28,100.64,72.54,307.28,313.78,1.0
2018-08-18 11:37:00,89.55455,36.75231,991.334,272.49,89.3,132.6,3.13,-8.78,-37.48,100.59,72.46,306.45,313.75,100.59,72.62,307.3,313.66,1.0
2018-08-18 11:37:00,89.55454,36.75228,991.347,272.49,89.3,132.5,1.12,-8.89,-37.98,101.7,72.74,306.68,314.43,100.53,72.7,307.36,313.66,1.0
2018-08-18 11:37:00,89.55454,36.75224,991.374,272.5,89.3,132.3,0.16,-9.0,-38.76,100.46,72.81,306.79,313.52,100.45,72.78,307.41,313.78,1.0
2018-08-18 11:37:00,89.55454,36.75221,991.342,272.49,89.3,132.5,1.26,-8.83,-38.06,101.37,72.88,306.96,313.5,100.36,72.84,307.44,313.82,1.0
2018-08-18 11:37:00,89.55454,36.75218,991.376,272.49,89.3,132.2,1.16,-8.66,-37.42,101.31,72.88,306.58,313.83,100.24,72.88,307.49,313.97,1.0
2018-08-18 11:37:00,89.55454,36.75214,991.423,272.49,89.3,131.9,1.44,-8.45,-36.44,100.98,72.67,306.41,314.3,100.1,72.91,307.48,314.11,1.0
2018-08-18 11:37:00,89.55454,36.75211,991.449,272.5,89.3,131.7,3.23,-8.11,-35.32,102.42,72.67,306.96,314.73,99.96,72.92,307.41,314.17,1.0
2018-08-18 11:37:00,89.55454,36.75208,991.491,272.5,89.3,131.3,6.76,-7.64,-34.79,101.64,72.81,306.77,314.54,99.84,72.91,307.37,314.23,1.0
2018-08-18 11:37:00,89.55454,36.75204,991.486,272.5,89.3,131.4,6.15,-7.41,-34.29,101.11,72.74,307.14,314.93,99.76,72.89,307.38,314.44,1.0
2018-08-18 11:37:00,89.55454,36.75201,991.494,272.5,89.3,131.3,4.62,-6.92,-33.38,100.59,72.81,306.86,314.62,99.75,72.87,307.43,314.62,1.0
2018-08-18 11:37:00,89.55454,36.75197,991.493,272.5,89.3,131.3,3.06,-6.5,-32.66,101.57,72.81,306.4,313.9,99.84,72.84,307.57,314.7,1.0
2018-08-18 11:37:00,89.55454,36.75194,991.498,272.5,89.3,131.3,2.59,-6.26,-32.29,100.46,72.81,305.84,313.82,100.02,72.82,307.65,314.7,1.0
2018-08-18 11:37:00,89.55454,36.75191,991.544,272.5,89.3,130.9,3.38,-6.16,-32.16,100.46,72.53,305.99,313.62,100.31,72.79,307.6,314.66,1.0
2018-08-18 11:37:00,89.55454,36.75189,991.565,272.5,89.3,130.7,2.12,-6.06,-31.9,100.65,72.74,306.4,314.7,100.66,72.76,307.6,314.59,1.0
2018-08-18 11:37:00,89.55454,36.75186,991.57,272.5,89.3,130.7,-0.39,-5.94,-32.06,100.98,72.88,306.85,314.91,101.07,72.73,307.58,314.52,1.0
2018-08-18 11:37:00,89.55454,36.75184,991.546,272.51,89.3,130.9,-1.47,-5.81,-32.43,101.11,72.81,307.38,314.34,101.48,72.69,307.55,314.46,1.0
2018-08-18 11:37:00,89.55454,36.75182,991.548,272.51,89.3,130.9,0.12,-5.75,-32.84,101.24,72.74,307.13,314.36,101.84,72.64,307.59,314.48,1.0
2018-08-18 11:37:00,89.55454,36.75179,991.605,272.51,89.3,130.4,3.84,-5.75,-33.12,100.92,72.81,306.82,314.71,102.12,72.59,307.7,314.57,1.0
2018-08-18 11:37:00,89.55454,36.75177,991.63,272.51,89.3,130.2,6.61,-5.56,-33.07,101.24,72.74,307.05,314.92,102.27,72.54,307.79,314.66,1.0
2018-08-18 11:37:00,89.55454,36.75174,991.668,272.51,89.4,129.9,9.06,-5.41,-32.9,101.57,72.67,307.14,314.71,102.27,72.5,307.86,314.69,1.0
2018-08-18 11:37:00,89.55454,36.75172,991.624,272.51,89.3,130.3,10.0,-5.08,-33.36,101.31,72.88,306.97,314.81,102.13,72.47,307.86,314.68,1.0
2018-08-18 11:37:00,89.55454,36.7517,991.638,272.51,89.3,130.1,10.28,-4.98,-33.62,101.44,72.67,307.43,314.71,101.85,72.45,307.85,314.61,1.0
2018-08-18 11:37:00,89.55454,36.75167,991.73,272.51,89.4,129.4,10.16,-5.01,-33.61,101.37,72.88,307.43,315.0,101.47,72.46,307.9,314.57,1.0
2018-08-18 11:37:00,89.55454,36.75165,991.763,272.51,89.4,129.1,9.64,-4.92,-33.64,101.11,72.67,307.25,314.91,101.04,72.5,308.0,314.62,1.0
2018-08-18 11:37:00,89.55454,36.75162,991.746,272.51,89.4,129.3,9.56,-5.37,-33.32,100.59,72.67,307.42,314.82,100.59,72.55,308.03,314.67,1.0
2018-08-18 11:37:00,89.55454,36.7516,991.748,272.51,89.4,129.3,10.7,-5.9,-32.9,100.98,72.6,306.96,314.29,100.2,72.63,308.09,314.7,1.0
2018-08-18 11:37:00,89.55454,36.75158,991.768,272.51,89.4,129.1,10.75,-6.07,-33.1,100.78,72.53,306.77,312.73,99.88,72.72,308.14,314.73,1.0
2018-08-18 11:37:00,89.55454,36.75155,991.799,272.52,89.4,128.8,10.53,-6.26,-33.32,100.46,72.67,306.89,312.8,99.67,72.81,308.15,314.74,1.0
2018-08-18 11:37:00,89.55453,36.7515,991.823,272.51,89.4,128.6,10.55,-6.72,-33.05,102.16,72.81,306.77,314.73,99.56,72.9,308.13,314.74,1.0
2018-08-18 11:37:00,89.55453,36.75145,991.804,272.52,89.4,128.8,8.09,-6.57,-33.02,102.22,72.74,306.63,314.91,99.56,72.97,308.08,314.68,1.0
2018-08-18 11:37:00,89.55453,36.7514,991.842,272.52,89.4,128.5,7.41,-6.69,-32.92,101.24,72.81,307.37,315.12,99.62,73.03,308.07,314.59,1.0
2018-08-18 11:37:00,89.55453,36.75135,991.892,272.52,89.4,128.1,7.3,-6.75,-32.66,100.52,72.81,307.63,314.83,99.7,73.07,308.08,314.64,1.0
2018-08-18 11:37:00,89.55453,36.7513,991.926,272.52,89.4,127.8,6.69,-6.76,-32.72,99.74,72.74,307.49,314.73,99.77,73.09,308.09,314.75,1.0
2018-08-18 11:37:00,89.55453,36.75124,991.931,272.52,89.4,127.8,6.15,-6.61,-33.18,100.85,72.74,307.25,314.46,99.76,73.09,308.12,314.83,1.0
2018-08-18 11:37:00,89.55453,36.7512,991.926,272.52,89.4,127.8,7.59,-6.18,-33.65,100.92,72.74,307.01,314.22,99.67,73.09,308.2,314.81,1.0
2018-08-18 11:37:00,89.55453,36.75114,991.858,272.51,89.4,128.4,9.68,-6.62,-34.11,100.72,72.88,307.77,313.7,99.47,73.09,308.29,314.78,1.0
2018-08-18 11:37:00,89.55453,36.75109,991.861,272.52,89.4,128.3,12.57,-6.45,-34.14,100.59,72.74,307.03,314.75,99.17,73.08,308.34,314.73,1.0
2018-08-18 11:37:00,89.55452,36.75103,991.894,272.52,89.4,128.1,12.16,-6.53,-34.38,101.37,72.6,307.16,314.24,98.8,73.08,308.38,314.67,1.0
2018-08-18 11:37:00,89.55452,36.75098,991.918,272.52,89.4,127.9,10.25,-6.79,-34.9,100.59,72.88,307.81,314.32,98.42,73.08,308.44,314.62,1.0
2018-08-18 11:37:00,89.55452,36.75092,991.92,272.52,89.4,127.9,9.26,-6.9,-35.55,101.31,72.67,307.72,315.04,98.06,73.08,308.5,314.58,1.0
2018-08-18 11:37:00,89.55452,36.75086,991.957,272.52,89.4,127.6,6.97,-6.87,-36.14,99.67,72.88,307.72,315.04,97.79,73.08,308.57,314.6,1.0
2018-08-18 11:37:00,89.55452,36.7508,991.964,272.52,89.4,127.5,7.03,-6.51,-36.46,101.05,72.95,307.72,315.02,97.66,73.06,308.56,314.66,1.0
2018-08-18 11:37:00,89.55452,36.75075,991.982,272.52,89.4,127.4,6.62,-6.84,-37.11,100.72,72.88,307.81,314.74,97.68,73.04,308.59,314.68,1.0
2018-08-18 11:37:00,89.55452,36.75069,991.997,272.52,89.4,127.2,6.44,-7.02,-37.71,100.33,72.88,307.81,315.23,97.87,73.0,308.61,314.77,1.0
2018-08-18 11:37:00,89.55452,36.75063,991.994,272.52,89.4,127.3,7.38,-6.73,-38.0,100.59,72.67,307.81,314.94,98.22,72.94,308.59,314.91,1.0
2018-08-18 11:37:00,89.55452,36.75057,992.011,272.53,89.4,127.1,10.0,-6.65,-38.04,99.61,72.88,307.72,315.12,98.67,72.88,308.58,314.92,1.0
2018-08-18 11:37:00,89.55452,36.75052,992.092,272.53,89.4,126.5,10.17,-6.34,-36.84,100.06,72.81,307.72,315.02,99.19,72.81,308.59,314.93,1.0
2018-08-18 11:37:00,89.55452,36.75046,992.105,272.52,89.4,126.4,11.23,-6.49,-35.06,99.02,72.95,308.0,314.94,99.72,72.75,308.6,314.93,1.0
2018-08-18 11:37:00,89.55452,36.7504,992.102,272.52,89.4,126.4,13.63,-6.8,-33.03,99.8,72.81,307.85,315.48,100.21,72.69,308.63,314.92,1.0
2018-08-18 11:37:00,89.55451,36.75032,992.124,272.53,89.4,126.2,16.76,-7.06,-31.22,100.0,72.81,307.86,315.19,100.61,72.65,308.66,314.89,1.0
2018-08-18 11:37:00,89.55451,36.75024,992.108,272.53,89.4,126.4,19.51,-7.35,-29.87,100.98,72.81,307.91,314.95,100.9,72.62,308.7,314.85,1.0
2018-08-18 11:37:00,89.55451,36.75016,992.108,272.53,89.4,126.4,18.56,-7.84,-29.13,100.78,72.88,308.0,314.95,101.09,72.61,308.74,314.8,1.0
2018-08-18 11:37:00,89.55451,36.75007,992.119,272.53,89.4,126.3,15.03,-7.65,-29.13,100.59,72.67,307.82,314.65,101.19,72.62,308.78,314.76,1.0
2018-08-18 11:37:00,89.55451,36.74999,992.125,272.53,89.4,126.2,11.0,-7.23,-28.77,100.46,72.74,308.01,314.64,101.25,72.64,308.81,314.66,1.0
2018-08-18 11:37:00,89.55451,36.74991,992.144,272.53,89.4,126.1,8.32,-6.87,-28.99,100.98,72.81,307.81,314.73,101.29,72.68,308.79,314.55,1.0
2018-08-18 11:37:00,89.55451,36.74983,992.201,272.54,89.4,125.6,7.52,-6.6,-30.3,99.87,72.81,308.0,314.74,101.35,72.73,308.7,314.48,1.0
2018-08-18 11:37:00,89.55451,36.74975,992.242,272.54,89.4,125.3,8.67,-6.46,-30.63,99.8,72.81,308.0,314.85,101.45,72.78,308.6,314.49,1.0
2018-08-18 11:37:00,89.55451,36.74967,992.232,272.54,89.4,125.4,9.41,-5.77,-31.84,100.06,72.95,308.11,314.85,101.6,72.83,308.52,314.53,1.0
2018-08-18 11:37:00,89.55451,36.74959,992.221,272.54,89.4,125.4,9.78,-5.76,-33.64,99.61,72.81,308.18,314.15,101.78,72.88,308.47,314.57,1.0
2018-08-18 11:37:00,89.5545,36.7495,992.209,272.54,89.4,125.5,11.74,-5.86,-35.43,101.77,72.67,307.72,314.35,101.96,72.93,308.44,314.62,1.0
2018-08-18 11:37:00,89.5545,36.74942,992.202,272.54,89.4,125.6,14.83,-5.77,-36.82,100.2,72.88,307.34,314.74,102.08,72.97,308.39,314.66,1.0
2018-08-18 11:37:00,89.5545,36.74934,992.238,272.54,89.4,125.3,16.58,-5.62,-37.91,100.59,72.6,307.36,315.02,102.11,73.0,308.31,314.7,1.0
2018-08-18 11:37:00,89.5545,36.74926,992.224,272.54,89.4,125.4,17.32,-5.85,-38.33,99.74,72.88,307.49,314.66,102.0,73.01,308.31,314.74,1.0
2018-08-18 11:37:00,89.5545,36.74917,992.244,272.54,89.4,125.3,16.46,-5.58,-39.1,101.18,72.88,308.14,314.85,101.74,73.01,308.32,314.76,1.0
2018-08-18 11:37:00,89.5545,36.74909,992.262,272.54,89.4,125.1,14.5,-5.37,-39.74,100.85,72.74,308.21,314.66,101.33,73.0,308.32,314.78,1.0
2018-08-18 11:37:00,89.5545,36.74901,992.277,272.54,89.4,125.0,11.9,-5.53,-40.04,100.98,72.88,308.0,315.04,100.8,72.96,308.37,314.77,1.0
2018-08-18 11:37:00,89.5545,36.74892,992.308,272.54,89.4,124.8,9.14,-6.11,-39.99,101.05,72.81,307.5,314.84,100.2,72.9,308.45,314.73,1.0
2018-08-18 11:37:00,89.5545,36.74884,992.331,272.55,89.4,124.6,6.85,-6.21,-40.09,100.92,73.02,308.19,314.94,99.59,72.82,308.44,314.71,1.0
2018-08-18 11:37:00,89.5545,36.74876,992.341,272.54,89.4,124.5,8.22,-6.01,-39.27,100.85,72.81,308.31,315.04,99.03,72.73,308.48,314.69,1.0
2018-08-18 11:37:00,89.5545,36.74867,992.353,272.54,89.4,124.4,9.24,-6.23,-38.16,100.65,72.81,308.31,314.29,98.59,72.63,308.48,314.7,1.0
2018-08-18 11:37:00,89.5545,36.74859,992.358,272.54,89.4,124.3,8.71,-6.75,-37.04,99.67,72.88,308.12,313.97,98.29,72.53,308.46,314.71,1.0
2018-08-18 11:37:00,89.5545,36.7485,992.362,272.54,89.4,124.3,7.27,-7.25,-36.21,100.98,72.81,308.07,314.13,98.17,72.44,308.46,314.71,1.0
2018-08-18 11:37:00,89.55449,36.74842,992.441,272.54,89.4,123.7,7.54,-7.45,-35.88,99.48,72.74,307.27,314.62,98.19,72.38,308.47,314.68,1.0
2018-08-18 11:37:00,89.55449,36.74834,992.411,272.55,89.4,123.9,9.5,-7.71,-36.63,99.8,72.74,307.98,313.98,98.34,72.35,308.34,314.55,1.0
2018-08-18 11:37:00,89.55449,36.74829,992.424,272.55,89.4,123.8,8.73,-7.75,-37.29,100.2,72.88,308.1,314.7,98.57,72.36,308.18,314.43,1.0
2018-08-18 11:37:00,89.55449,36.74825,992.43,272.55,89.4,123.8,5.98,-7.65,-38.01,100.65,72.74,308.29,314.86,98.81,72.41,308.11,314.4,1.0
2018-08-18 11:37:00,89.55449,36.74821,992.414,272.55,89.4,123.9,2.81,-7.63,-38.95,99.87,72.67,308.29,314.96,99.03,72.5,308.11,314.41,1.0
2018-08-18 11:37:00,89.55449,36.74817,992.435,272.55,89.4,123.7,0.99,-7.9,-40.35,100.98,72.74,308.13,314.62,99.18,72.62,308.16,314.42,1.0
2018-08-18 11:37:00,89.55449,36.74813,992.498,272.55,89.4,123.2,1.61,-7.83,-42.58,100.06,72.67,307.12,313.81,99.26,72.76,308.29,314.42,1.0
2018-08-18 11:37:00,89.55449,36.74809,992.509,272.55,89.4,123.1,2.44,-7.85,-42.57,100.2,72.74,306.82,314.3,99.28,72.91,308.37,314.46,1.0
2018-08-18 11:37:00,89.55449,36.74805,992.523,272.55,89.4,123.0,5.1,-7.48,-41.53,100.26,72.81,307.61,314.45,99.26,73.05,308.44,314.58,1.0
2018-08-18 11:37:00,89.55449,36.74801,992.541,272.55,89.4,122.9,9.32,-6.98,-40.28,99.8,72.74,308.1,314.95,99.24,73.16,308.54,314.71,1.0
2018-08-18 11:37:00,89.55449,36.74797,992.54,272.55,89.4,122.9,13.65,-6.61,-39.4,100.65,72.81,308.39,314.76,99.26,73.24,308.65,314.79,1.0
2018-08-18 11:37:00,89.55449,36.74793,992.545,272.55,89.4,122.8,14.97,-6.04,-39.17,99.61,72.81,308.29,314.94,99.36,73.27,308.72,314.91,1.0
2018-08-18 11:37:00,89.55449,36.74788,992.515,272.56,89.4,123.1,13.99,-5.69,-40.62,99.41,72.74,308.39,314.76,99.56,73.25,308.86,315.1,1.0
2018-08-18 11:37:00,89.55449,36.74784,992.552,272.56,89.4,122.8,12.86,-5.48,-40.95,99.61,72.95,308.39,316.02,99.86,73.18,309.01,315.24,1.0
2018-08-18 11:37:00,89.55449,36.7478,992.6,272.56,89.4,122.4,12.39,-5.08,-41.13,100.0,72.81,308.59,315.88,100.24,73.08,309.03,315.31,1.0
2018-08-18 11:37:00,89.55449,36.74776,992.609,272.56,89.4,122.3,12.14,-4.55,-41.63,100.46,72.81,308.95,314.47,100.66,72.95,308.96,315.33,1.0
2018-08-18 11:37:00,89.55449,36.74773,992.6,272.56,89.4,122.4,10.75,-4.3,-42.33,99.87,72.81,308.3,314.76,101.07,72.8,308.91,315.3,1.0
2018-08-18 11:37:00,89.55449,36.74772,992.651,272.56,89.4,122.0,10.27,-4.57,-42.81,100.26,72.95,308.58,314.56,101.44,72.67,308.8,315.24,1.0
2018-08-18 11:37:00,89.55448,36.74772,992.69,272.56,89.4,121.7,9.11,-4.36,-42.93,100.65,72.88,308.39,315.04,101.71,72.55,308.69,315.16,1.0
2018-08-18 11:37:00,89.55448,36.74772,992.699,272.56,89.4,121.6,9.29,-4.27,-42.84,100.39,72.81,308.06,314.75,101.86,72.45,308.63,314.99,1.0
2018-08-18 11:37:00,89.55448,36.74772,992.714,272.56,89.4,121.5,10.37,-4.2,-42.7,99.8,72.88,308.18,314.96,101.87,72.39,308.57,314.84,1.0
2018-08-18 11:37:00,89.55448,36.74771,992.8,272.56,89.5,120.8,10.95,-3.98,-42.63,99.8,72.74,308.48,314.94,101.75,72.35,308.52,314.79,1.0
2018-08-18 11:37:00,89.55448,36.74771,992.783,272.56,89.4,120.9,9.78,-4.13,-42.51,100.26,72.81,307.94,314.94,101.53,72.33,308.53,314.78,1.0
2018-08-18 11:37:00,89.55448,36.74771,992.799,272.56,89.4,120.8,6.89,-4.38,-42.12,100.39,72.6,308.02,314.95,101.22,72.33,308.56,314.8,1.0
2018-08-18 11:37:00,89.55448,36.7477,992.809,272.56,89.4,120.7,4.95,-4.43,-42.06,100.59,72.74,308.38,314.96,100.87,72.33,308.6,314.77,1.0
2018-08-18 11:37:00,89.55448,36.7477,992.835,272.56,89.5,120.5,4.89,-4.33,-41.87,100.85,72.74,308.59,314.96,100.51,72.33,308.69,314.81,1.0
2018-08-18 11:37:00,89.55448,36.74774,992.892,272.57,89.5,120.1,5.86,-4.21,-41.53,100.72,72.6,308.58,314.97,100.17,72.32,308.81,314.96,1.0
2018-08-18 11:37:00,89.55448,36.74784,992.905,272.57,89.5,120.0,5.3,-4.26,-41.89,99.67,72.81,308.48,314.96,99.87,72.3,308.91,315.15,1.0
2018-08-18 11:37:00,89.55448,36.74795,992.901,272.57,89.5,120.0,4.69,-3.81,-41.16,100.2,72.88,308.58,315.05,99.62,72.27,309.13,315.43,1.0
2018-08-18 11:37:00,89.55448,36.74806,992.917,272.57,89.5,119.9,3.34,-3.45,-41.89,100.78,72.74,308.47,314.3,99.42,72.24,309.21,315.5,1.0
2018-08-18 11:37:00,89.55448,36.74816,992.941,272.57,89.5,119.7,1.01,-3.21,-42.17,100.0,72.6,308.59,314.21,99.27,72.21,309.2,315.48,1.0
2018-08-18 11:37:00,89.55448,36.74827,992.959,272.57,89.5,119.5,-0.85,-3.02,-42.16,100.33,72.81,308.75,315.41,99.17,72.2,309.16,315.45,1.0
2018-08-18 11:37:00,89.55448,36.74838,992.967,272.58,89.5,119.5,-0.33,-2.75,-43.05,100.78,72.6,309.03,315.64,99.12,72.21,309.12,315.39,1.0
2018-08-18 11:37:00,89.55448,36.74849,992.979,272.57,89.5,119.4,1.41,-2.95,-43.14,99.67,72.67,309.91,316.85,99.12,72.24,309.11,315.35,1.0
2018-08-18 11:37:00,89.55448,36.74859,992.98,272.57,89.5,119.4,3.55,-2.67,-42.44,99.22,72.46,309.0,315.36,99.17,72.3,309.2,315.28,1.0
2018-08-18 11:37:00,89.55447,36.7487,992.977,272.57,89.5,119.4,3.39,-2.74,-41.24,100.39,72.6,308.57,314.87,99.28,72.38,309.27,315.3,1.0
2018-08-18 11:37:00,89.55447,36.74881,992.979,272.58,89.5,119.4,1.62,-3.11,-40.53,100.78,72.74,308.57,314.98,99.45,72.48,309.28,315.31,1.0
2018-08-18 11:37:00,89.55447,36.74891,992.996,272.58,89.5,119.2,-0.44,-3.43,-40.79,100.59,72.67,308.88,315.05,99.69,72.57,309.26,315.25,1.0
2018-08-18 11:37:00,89.55447,36.749,993.038,272.58,89.5,118.9,-2.04,-3.29,-40.81,99.28,72.4,309.17,315.36,99.99,72.66,309.24,315.19,1.0
2018-08-18 11:37:00,89.55447,36.74908,993.073,272.58,89.5,118.6,-3.77,-3.72,-40.75,100.0,72.67,309.72,314.97,100.33,72.73,309.15,315.04,1.0
2018-08-18 11:37:00,89.55447,36.74916,993.064,272.58,89.5,118.7,-4.79,-3.41,-40.73,100.06,72.67,309.72,315.13,100.69,72.77,309.17,315.09,1.0
2018-08-18 11:37:00,89.55447,36.74923,993.063,272.58,89.5,118.7,-4.47,-3.28,-40.34,100.39,72.67,308.99,315.03,101.05,72.78,309.22,315.19,1.0
2018-08-18 11:37:00,89.55447,36.74931,993.101,272.59,89.5,118.4,-3.01,-3.5,-39.67,99.8,72.6,308.65,314.99,101.37,72.77,309.24,315.26,1.0
2018-08-18 11:37:00,89.55447,36.74939,993.114,272.58,89.5,118.3,-1.47,-3.29,-39.21,100.59,72.81,308.86,314.98,101.62,72.73,309.23,315.3,1.0
2018-08-18 11:37:00,89.55447,36.74946,993.167,272.59,89.5,117.9,-1.27,-3.5,-37.5,99.87,72.67,308.57,314.69,101.76,72.68,309.15,315.27,1.0
2018-08-18 11:37:00,89.55447,36.74954,993.149,272.59,89.5,118.0,-0.79,-3.52,-35.88,99.48,72.6,308.57,315.08,101.78,72.62,308.96,315.24,1.0
2018-08-18 11:37:00,89.55447,36.74961,993.128,272.59,89.5,118.2,1.1,-3.37,-34.65,101.18,72.67,308.67,314.99,101.65,72.55,308.8,315.17,1.0
2018-08-18 11:37:00,89.55447,36.74969,993.128,272.59,89.5,118.2,3.05,-3.22,-33.85,100.92,72.67,308.76,315.09,101.4,72.47,308.68,315.09,1.0
2018-08-18 11:37:00,89.55447,36.74977,993.119,272.58,89.5,118.2,3.13,-3.23,-33.46,100.0,72.67,308.67,315.28,101.02,72.39,308.59,314.99,1.0
2018-08-18 11:37:00,89.55447,36.74984,993.183,272.59,89.5,117.7,2.87,-3.14,-33.42,100.52,72.6,308.57,314.99,100.56,72.3,308.52,314.91,1.0
2018-08-18 11:37:00,89.55447,36.74992,993.229,272.59,89.5,117.4,2.21,-2.88,-33.71,100.06,72.6,308.86,314.8,100.06,72.19,308.47,314.84,1.0
2018-08-18 11:37:00,89.55447,36.74998,993.217,272.59,89.5,117.4,2.04,-2.49,-33.54,101.5,72.46,308.67,314.99,99.56,72.07,308.45,314.8,1.0
2018-08-18 11:37:00,89.55447,36.75003,993.201,272.59,89.5,117.6,1.74,-2.12,-33.13,100.06,72.6,308.49,315.07,99.13,71.93,308.46,314.8,1.0
2018-08-18 11:37:00,89.55446,36.75008,993.239,272.59,89.5,117.3,1.22,-1.87,-32.83,100.33,72.67,308.68,315.07,98.82,71.78,308.53,314.84,1.0
2018-08-18 11:37:00,89.55446,36.75012,993.238,272.59,89.5,117.3,2.0,-1.71,-33.08,99.48,72.6,308.67,314.8,98.67,71.62,308.68,314.91,1.0
2018-08-18 11:37:00,89.55446,36.75017,993.256,272.59,89.5,117.1,1.62,-1.75,-36.93,100.13,72.6,308.68,315.28,98.72,71.48,308.75,314.88,1.0
2018-08-18 11:37:00,89.55446,36.75022,993.259,272.59,89.5,117.1,0.75,-1.49,-40.0,100.59,72.6,308.69,314.99,98.98,71.37,308.78,314.92,1.0
2018-08-18 11:37:00,89.55446,36.75027,993.258,272.59,89.5,117.1,0.68,-1.45,-42.27,99.8,72.4,308.51,314.99,99.45,71.31,308.79,314.96,1.0
2018-08-18 11:37:00,89.55446,36.75032,993.262,272.59,89.5,117.1,1.65,-1.57,-43.73,100.39,72.46,309.05,315.07,100.08,71.31,308.78,314.93,1.0
2018-08-18 11:37:00,89.55446,36.75037,993.26,272.59,89.5,117.1,2.82,-1.3,-44.11,99.8,72.46,309.86,315.19,100.84,71.38,308.75,314.87,1.0
2018-08-18 11:37:00,89.55446,36.75042,993.309,272.59,89.6,116.7,2.11,-1.64,-43.35,100.39,72.26,308.74,313.76,101.64,71.52,308.71,314.82,1.0
2018-08-18 11:37:00,89.55446,36.75046,993.337,272.59,89.5,116.5,1.08,-1.7,-43.25,100.26,72.26,308.41,314.37,102.4,71.72,308.67,314.76,1.0
2018-08-18 11:37:00,89.55446,36.75051,993.367,272.59,89.5,116.2,0.74,-1.83,-43.48,98.89,72.33,308.38,314.7,103.05,71.96,308.64,314.74,1.0
2018-08-18 11:37:00,89.55446,36.75059,993.403,272.59,89.5,116.0,0.62,-1.96,-43.46,100.46,72.12,308.58,313.91,103.51,72.23,308.64,314.74,1.0
2018-08-18 11:37:00,89.55446,36.75068,993.408,272.6,89.5,115.9,-0.48,-1.9,-43.19,101.57,72.19,308.62,313.93,103.73,72.48,308.63,314.74,1.0
2018-08-18 11:37:00,89.55446,36.75078,993.372,272.59,89.5,116.2,-3.04,-2.0,-44.59,100.59,72.4,308.58,313.94,103.68,72.7,308.57,314.74,1.0
2018-08-18 11:37:00,89.55446,36.75087,993.419,272.6,89.5,115.8,-4.13,-2.46,-46.44,100.26,72.53,308.76,314.24,103.36,72.85,308.63,314.87,1.0
2018-08-18 11:37:00,89.55446,36.75097,993.48,272.6,89.5,115.3,-4.4,-2.43,-47.82,100.26,72.4,308.67,314.87,102.8,72.93,308.82,314.95,1.0
2018-08-18 11:37:00,89.55446,36.75106,993.508,272.6,89.5,115.1,-4.23,-2.47,-49.0,100.78,72.53,308.68,315.0,102.07,72.92,309.04,315.03,1.0
2018-08-18 11:37:00,89.55446,36.75115,993.491,272.6,89.5,115.3,-3.77,-2.78,-50.03,102.16,72.26,308.59,315.28,101.24,72.83,309.23,315.15,1.0
2018-08-18 11:37:00,89.55446,36.75125,993.525,272.6,89.6,115.0,-2.23,-2.92,-49.83,101.44,72.6,308.69,315.09,100.4,72.68,309.36,315.28,1.0
2018-08-18 11:37:00,89.55446,36.75134,993.503,272.6,89.5,115.2,-1.48,-3.35,-49.55,100.46,72.53,308.67,315.19,99.63,72.48,309.42,315.3,1.0
2018-08-18 11:37:00,89.55446,36.75144,993.549,272.61,89.5,114.8,-0.04,-3.58,-49.17,100.59,72.46,309.44,315.01,99.01,72.27,309.45,315.33,1.0
2018-08-18 11:37:00,89.55446,36.75153,993.586,272.61,89.5,114.5,0.45,-3.71,-48.62,100.39,72.46,309.98,315.18,98.58,72.07,309.41,315.31,1.0
2018-08-18 11:37:00,89.55446,36.75162,993.585,272.6,89.5,114.5,-0.14,-3.84,-47.78,100.33,72.4,309.82,315.24,98.37,71.9,309.34,315.26,1.0
2018-08-18 11:37:00,89.55446,36.75172,993.58,272.61,89.5,114.5,-1.11,-4.04,-46.75,100.46,72.33,309.34,315.31,98.37,71.77,309.26,315.2,1.0
2018-08-18 11:37:00,89.55446,36.75181,993.594,272.61,89.6,114.4,-1.82,-4.16,-46.89,99.87,72.33,308.97,314.58,98.56,71.71,309.19,315.16,1.0
2018-08-18 11:37:00,89.55446,36.75191,993.624,272.61,89.5,114.2,-0.23,-4.56,-46.7,100.33,72.19,309.28,314.98,98.89,71.72,309.14,315.12,1.0
2018-08-18 11:37:00,89.55446,36.75205,993.616,272.61,89.5,114.2,1.89,-4.86,-46.17,100.26,72.33,308.76,315.2,99.32,71.77,309.03,315.11,1.0
2018-08-18 11:37:00,89.55446,36.75222,993.616,272.6,89.5,114.2,3.62,-5.12,-45.23,100.85,72.4,308.68,315.2,99.78,71.88,308.93,315.11,1.0
2018-08-18 11:37:00,89.55446,36.7524,993.675,272.61,89.6,113.8,4.49,-5.51,-43.95,100.85,72.4,308.87,315.4,100.22,72.01,308.88,315.08,1.0
2018-08-18 11:37:00,89.55445,36.75256,993.664,272.61,89.6,113.9,4.36,-6.18,-42.69,98.82,72.33,308.87,315.2,100.62,72.15,308.92,314.98,1.0
2018-08-18 11:37:00,89.55445,36.75274,993.679,272.61,89.6,113.7,6.82,-6.6,-41.41,101.24,72.19,308.59,315.3,100.93,72.29,308.95,314.9,1.0
2018-08-18 11:37:00,89.55445,36.75291,993.668,272.61,89.6,113.8,6.06,-6.73,-40.51,100.59,72.19,308.87,315.01,101.16,72.41,308.96,314.87,1.0
2018-08-18 11:37:00,89.55445,36.75308,993.672,272.61,89.6,113.8,3.99,-6.92,-40.14,100.85,72.46,308.68,315.36,101.29,72.51,308.98,314.84,1.0
2018-08-18 11:37:00,89.55445,36.75325,993.711,272.61,89.6,113.5,1.5,-7.15,-40.3,100.33,72.26,308.88,314.75,101.33,72.56,308.98,314.78,1.0
2018-08-18 11:37:00,89.55445,36.75342,993.745,272.61,89.6,113.2,-0.9,-7.12,-40.83,100.13,72.4,309.26,313.56,101.28,72.58,308.96,314.66,1.0
2018-08-18 11:37:00,89.55445,36.75356,993.766,272.61,89.6,113.0,2.22,-6.8,-39.86,99.48,72.26,308.7,313.33,101.15,72.56,308.98,314.45,1.0
2018-08-18 11:37:00,89.55445,36.75361,993.782,272.61,89.6,112.9,4.85,-6.93,-38.8,100.78,72.33,308.39,314.46,100.96,72.51,308.93,314.38,1.0
2018-08-18 11:37:00,89.55445,36.75366,993.802,272.61,89.6,112.8,6.88,-6.67,-37.55,101.05,72.46,308.59,315.31,100.7,72.44,308.87,314.36,1.0
2018-08-18 11:37:00,89.55445,36.75371,993.802,272.61,89.6,112.8,6.8,-6.25,-37.21,100.46,72.26,308.67,314.93,100.41,72.35,308.82,314.38,1.0
2018-08-18 11:37:00,89.55445,36.75376,993.765,272.61,89.6,113.1,4.24,-6.01,-38.22,100.98,72.4,308.87,314.31,100.08,72.25,308.76,314.45,1.0
2018-08-18 11:37:00,89.55445,36.7538,993.864,272.62,89.6,112.3,4.11,-5.49,-37.97,100.59,72.4,309.5,313.67,99.75,72.16,308.67,314.59,1.0
2018-08-18 11:37:00,89.55445,36.75385,993.883,272.62,89.6,112.1,3.01,-4.6,-37.78,100.39,72.46,308.84,314.78,99.44,72.08,308.73,314.76,1.0
2018-08-18 11:37:00,89.55445,36.7539,993.889,272.62,89.6,112.1,2.35,-4.17,-37.72,100.92,72.26,308.87,315.01,99.19,72.02,308.79,314.84,1.0
2018-08-18 11:37:00,89.55445,36.75395,993.893,272.62,89.6,112.0,2.37,-3.83,-37.69,99.8,72.4,308.7,315.11,99.03,71.98,308.84,314.9,1.0
2018-08-18 11:37:00,89.55445,36.754,993.902,272.62,89.6,112.0,3.15,-3.41,-37.55,100.46,72.19,308.9,315.11,98.97,71.97,308.89,314.97,1.0
2018-08-18 11:37:00,89.55445,36.75405,993.974,272.63,89.6,111.4,4.82,-3.24,-37.15,99.8,72.33,308.39,314.62,99.04,71.98,308.92,315.06,1.0
2018-08-18 11:37:00,89.55445,36.7541,993.972,272.62,89.6,111.4,5.16,-3.32,-36.88,100.72,72.19,308.88,314.74,99.23,72.0,308.87,315.18,1.0
2018-08-18 11:37:00,89.55445,36.75413,994.0,272.63,89.6,111.2,3.72,-3.13,-37.26,99.61,72.19,308.88,314.25,99.53,72.04,308.85,315.16,1.0
2018-08-18 11:37:00,89.55445,36.75415,993.991,272.63,89.6,111.2,1.78,-3.32,-37.13,100.39,72.26,308.7,314.84,99.92,72.07,308.91,315.09,1.0
2018-08-18 11:37:00,89.55445,36.75417,993.961,272.63,89.6,111.5,0.24,-3.75,-36.54,100.06,72.4,308.7,315.03,100.36,72.09,309.02,315.02,1.0
2018-08-18 11:37:00,89.55445,36.75419,994.016,272.63,89.6,111.0,-0.51,-4.02,-36.7,100.65,72.4,308.7,315.6,100.81,72.1,309.14,314.97,1.0
2018-08-18 11:37:00,89.55445,36.75421,994.025,272.63,89.6,111.0,-1.83,-4.76,-41.58,100.33,72.26,308.87,315.12,101.23,72.09,309.25,314.99,1.0
2018-08-18 11:37:00,89.55445,36.75423,994.054,272.63,89.6,110.7,-0.66,-4.75,-41.29,100.46,72.26,308.7,315.12,101.6,72.06,309.23,315.06,1.0
2018-08-18 11:37:00,89.55445,36.75425,994.074,272.63,89.6,110.6,0.68,-5.06,-43.9,100.33,72.12,309.47,315.32,101.88,72.04,309.23,315.17,1.0
2018-08-18 11:37:00,89.55446,36.75427,994.096,272.63,89.6,110.4,2.6,-5.09,-46.18,99.8,72.19,310.29,315.37,102.1,72.01,309.25,315.21,1.0
2018-08-18 11:37:00,89.55446,36.75429,994.138,272.63,89.6,110.1,4.48,-4.54,-45.53,100.2,72.26,310.24,315.01,102.25,71.99,309.28,315.21,1.0
2018-08-18 11:37:00,89.55446,36.7543,994.122,272.63,89.6,110.2,1.61,-4.52,-45.11,100.26,72.4,309.76,315.03,102.35,71.99,309.29,315.3,1.0
2018-08-18 11:37:00,89.55446,36.75432,994.162,272.63,89.6,109.9,-0.05,-4.11,-44.78,100.78,72.4,308.88,315.41,102.44,72.01,309.27,315.31,1.0
2018-08-18 11:37:00,89.55446,36.75434,994.197,272.63,89.6,109.6,-1.94,-3.82,-44.28,101.57,72.12,308.59,315.31,102.52,72.06,309.21,315.27,1.0
2018-08-18 11:37:00,89.55446,36.75437,994.214,272.63,89.6,109.5,-2.32,-3.66,-43.69,100.78,72.19,308.6,314.7,102.61,72.12,309.05,315.16,1.0
2018-08-18 11:37:00,89.55446,36.75445,994.22,272.64,89.6,109.4,-1.25,-3.47,-42.92,100.52,72.05,308.93,313.96,102.71,72.18,308.81,315.01,1.0
2018-08-18 11:37:00,89.55446,36.75453,994.243,272.64,89.6,109.2,-0.35,-2.97,-41.75,100.46,72.26,308.71,315.13,102.8,72.24,308.54,314.83,1.0
2018-08-18 11:37:00,89.55446,36.75461,994.229,272.64,89.6,109.3,2.11,-2.85,-40.37,100.72,72.12,308.71,315.15,102.86,72.27,308.32,314.64,1.0
2018-08-18 11:37:00,89.55446,36.75469,994.254,272.64,89.6,109.1,4.76,-2.63,-39.41,100.85,72.26,308.8,315.32,102.87,72.27,308.19,314.48,1.0
2018-08-18 11:37:00,89.55446,36.75476,994.272,272.64,89.6,109.0,6.76,-2.5,-38.8,100.85,72.26,308.9,315.02,102.8,72.22,308.13,314.38,1.0
2018-08-18 11:37:00,89.55446,36.75484,994.289,272.64,89.6,108.8,7.89,-2.52,-38.02,99.87,72.33,308.81,315.12,102.62,72.13,308.11,314.42,1.0
2018-08-18 11:37:00,89.55446,36.75492,994.328,272.65,89.6,108.5,7.68,-2.66,-36.78,101.31,72.19,308.61,315.42,102.34,72.0,308.15,314.57,1.0
2018-08-18 11:37:00,89.55446,36.755,994.302,272.64,89.6,108.7,3.88,-2.54,-35.77,101.96,72.26,308.8,315.03,101.97,71.85,308.22,314.69,1.0
2018-08-18 11:37:00,89.55446,36.75507,994.338,272.65,89.6,108.5,2.21,-3.1,-35.27,101.18,72.26,308.81,315.32,101.53,71.7,308.3,314.77,1.0
2018-08-18 11:37:00,89.55446,36.75515,994.365,272.65,89.6,108.2,0.28,-3.35,-34.74,101.31,72.26,308.71,315.42,101.06,71.56,308.47,314.88,1.0
2018-08-18 11:37:00,89.55446,36.75523,994.37,272.65,89.6,108.2,0.13,-3.57,-34.1,101.37,72.26,308.9,315.32,100.61,71.45,308.65,315.0,1.0
2018-08-18 11:37:00,89.55446,36.75531,994.368,272.65,89.6,108.2,2.13,-3.88,-33.47,101.24,72.19,308.8,315.05,100.22,71.4,308.77,315.1,1.0
2018-08-18 11:37:00,89.55446,36.75539,994.414,272.65,89.6,107.8,4.01,-4.1,-33.28,99.94,72.12,308.38,315.43,99.92,71.39,308.81,315.17,1.0
2018-08-18 11:37:00,89.55446,36.75547,994.427,272.65,89.6,107.7,6.77,-4.49,-32.79,101.31,71.98,307.99,313.94,99.74,71.44,308.81,315.17,1.0
2018-08-18 11:37:00,89.55446,36.75556,994.438,272.65,89.6,107.7,6.8,-4.67,-32.86,100.78,71.98,308.9,313.67,99.68,71.54,308.75,315.06,1.0
2018-08-18 11:37:00,89.55446,36.75564,994.454,272.65,89.6,107.5,6.24,-4.87,-32.8,100.78,71.98,309.02,314.03,99.73,71.66,308.66,314.89,1.0
2018-08-18 11:37:00,89.55446,36.75572,994.479,272.65,89.6,107.3,6.07,-5.05,-32.61,100.46,71.84,308.68,314.32,99.86,71.79,308.55,314.71,1.0
2018-08-18 11:37:00,89.55446,36.75581,994.515,272.66,89.6,107.0,6.53,-5.09,-32.49,100.46,72.12,308.45,315.04,100.05,71.91,308.47,314.53,1.0
2018-08-18 11:37:00,89.55446,36.75589,994.509,272.65,89.6,107.1,6.92,-4.83,-32.18,101.77,72.19,308.54,314.85,100.27,72.02,308.49,314.36,1.0
2018-08-18 11:37:00,89.55446,36.75598,994.56,272.65,89.6,106.7,6.19,-4.5,-31.58,100.33,72.19,308.64,314.78,100.49,72.09,308.52,314.43,1.0
2018-08-18 11:37:00,89.55446,36.75606,994.598,272.65,89.6,106.4,8.33,-4.44,-30.94,101.11,72.12,308.73,314.87,100.69,72.13,308.54,314.54,1.0
2018-08-18 11:37:00,89.55446,36.75615,994.609,272.66,89.6,106.3,11.53,-4.33,-30.28,100.46,72.12,308.72,314.87,100.86,72.14,308.54,314.72,1.0
2018-08-18 11:37:00,89.55446,36.75623,994.596,272.66,89.6,106.4,12.85,-4.12,-29.61,100.78,72.05,308.85,315.04,101.02,72.13,308.54,314.98,1.0
2018-08-18 11:37:00,89.55446,36.75632,994.543,272.66,89.6,106.8,9.24,-4.61,-29.13,101.31,72.05,309.67,314.69,101.16,72.11,308.75,315.21,1.0
2018-08-18 11:37:00,89.55446,36.7564,994.613,272.66,89.6,106.2,6.32,-3.99,-29.07,100.39,72.12,308.86,315.35,101.31,72.09,308.89,315.38,1.0
2018-08-18 11:37:00,89.55446,36.75648,994.64,272.66,89.6,106.0,4.24,-3.7,-28.97,101.24,72.19,309.34,314.75,101.46,72.08,309.01,315.54,1.0
2018-08-18 11:37:00,89.55446,36.75657,994.646,272.66,89.6,106.0,3.26,-3.52,-28.82,100.33,71.91,308.35,315.26,101.61,72.09,309.08,315.66,1.0
2018-08-18 11:37:00,89.55446,36.75665,994.672,272.65,89.6,105.8,3.76,-3.34,-28.48,100.39,71.84,307.48,315.65,101.76,72.11,309.11,315.69,1.0
2018-08-18 11:37:00,89.55446,36.75679,994.733,272.66,89.6,105.3,4.36,-3.16,-27.74,102.03,72.12,309.45,315.35,101.88,72.14,309.07,315.66,1.0
2018-08-18 11:37:00,89.55446,36.75694,994.759,272.66,89.6,105.1,5.73,-3.42,-27.2,100.98,72.19,308.86,315.2,101.96,72.17,308.92,315.6,1.0
2018-08-18 11:37:00,89.55446,36.75708,994.772,272.67,89.6,105.0,6.58,-3.42,-27.01,99.61,72.05,308.62,315.14,101.98,72.19,308.81,315.48,1.0
2018-08-18 11:37:00,89.55446,36.75723,994.766,272.67,89.6,105.0,6.16,-3.72,-26.75,101.96,72.05,308.62,315.34,101.9,72.19,308.66,315.39,1.0
2018-08-18 11:37:00,89.55446,36.75737,994.761,272.67,89.6,105.1,5.02,-3.91,-26.42,100.39,72.26,308.72,315.06,101.73,72.16,308.57,315.32,1.0
2018-08-18 11:37:00,89.55446,36.75752,994.787,272.67,89.6,104.9,3.95,-3.69,-26.14,101.24,72.19,308.73,315.44,101.46,72.11,308.56,315.23,1.0
2018-08-18 11:37:00,89.55446,36.75767,994.771,272.67,89.6,105.0,3.04,-4.27,-25.87,101.05,72.12,308.64,315.44,101.12,72.04,308.44,315.19,1.0
2018-08-18 11:37:00,89.55446,36.75781,994.786,272.67,89.6,104.9,5.06,-3.97,-25.15,101.64,71.98,308.45,315.25,100.74,71.97,308.4,315.25,1.0
2018-08-18 11:37:00,89.55446,36.75793,994.791,272.67,89.6,104.8,6.3,-4.1,-24.57,101.64,72.05,308.62,315.15,100.35,71.89,308.41,315.32,1.0
2018-08-18 11:37:00,89.55446,36.75795,994.791,272.67,89.6,104.8,6.36,-4.08,-23.99,100.0,72.19,308.72,315.15,100.0,71.84,308.43,315.41,1.0
2018-08-18 11:37:00,89.55446,36.75796,994.799,272.67,89.6,104.8,6.32,-3.78,-23.53,101.37,71.91,308.74,315.34,99.72,71.81,308.46,315.5,1.0
2018-08-18 11:37:00,89.55446,36.75798,994.804,272.67,89.6,104.7,8.29,-3.92,-23.74,101.44,72.19,308.82,315.33,99.55,71.81,308.49,315.55,1.0
2018-08-18 11:37:00,89.55446,36.758,994.832,272.67,89.7,104.5,8.45,-3.95,-23.79,100.65,71.98,308.64,314.85,99.49,71.85,308.51,315.55,1.0
2018-08-18 11:37:00,89.55446,36.75801,994.868,272.67,89.6,104.2,5.42,-3.98,-23.75,100.39,71.98,308.7,314.85,99.55,71.91,308.51,315.5,1.0
2018-08-18 11:37:00,89.55446,36.75803,994.911,272.67,89.6,103.9,3.58,-4.03,-23.68,100.2,72.12,308.41,315.0,99.71,71.99,308.48,315.42,1.0
2018-08-18 11:37:00,89.55446,36.75805,994.952,272.67,89.6,103.5,3.38,-3.9,-23.66,100.46,71.84,308.37,315.15,99.95,72.07,308.43,315.32,1.0
2018-08-18 11:37:00,89.55446,36.75806,994.957,272.67,89.7,103.5,3.37,-3.4,-23.77,101.18,72.26,308.65,315.15,100.22,72.14,308.35,315.22,1.0
2018-08-18 11:37:00,89.55446,36.75808,994.951,272.67,89.7,103.5,3.48,-3.33,-24.04,100.85,72.05,308.73,315.62,100.49,72.19,308.3,315.13,1.0
2018-08-18 11:37:00,89.55446,36.75809,994.99,272.67,89.7,103.2,3.44,-3.33,-23.87,100.85,72.12,308.63,315.24,100.75,72.2,308.27,315.08,1.0
2018-08-18 11:37:00,89.55446,36.75811,995.02,272.67,89.7,103.0,4.54,-3.19,-23.87,101.18,71.98,308.72,315.33,100.95,72.18,308.25,315.1,1.0
2018-08-18 11:37:00,89.55446,36.75813,995.022,272.67,89.7,103.0,6.38,-3.09,-23.91,100.59,72.05,308.29,315.23,101.11,72.11,308.26,315.22,1.0
2018-08-18 11:37:00,89.55446,36.75814,995.012,272.68,89.7,103.0,7.62,-3.04,-23.85,100.78,71.98,308.14,315.61,101.21,72.02,308.29,315.4,1.0
2018-08-18 11:37:00,89.55446,36.75815,995.073,272.68,89.7,102.6,5.45,-2.54,-23.9,100.65,72.19,308.73,315.35,101.26,71.91,308.35,315.5,1.0
2018-08-18 11:37:00,89.55446,36.75817,995.14,272.68,89.7,102.0,2.64,-2.56,-23.88,100.78,72.19,308.64,315.34,101.28,71.79,308.42,315.61,1.0
2018-08-18 11:37:00,89.55446,36.75818,995.171,272.68,89.7,101.8,0.35,-2.49,-23.89,100.78,72.05,308.65,315.34,101.27,71.68,308.48,315.83,1.0
2018-08-18 11:37:00,89.55446,36.75819,995.156,272.68,89.7,101.9,0.69,-2.44,-23.65,101.44,71.91,308.54,315.69,101.26,71.6,308.54,315.97,1.0
2018-08-18 11:37:00,89.55446,36.7582,995.123,272.67,89.7,102.2,2.61,-2.58,-23.19,99.8,72.12,308.35,316.3,101.23,71.54,308.59,315.97,1.0
2018-08-18 11:37:00,89.55446,36.75822,995.194,272.68,89.7,101.6,1.77,-3.05,-23.02,100.98,71.98,308.65,315.33,101.2,71.51,308.63,315.93,1.0
2018-08-18 11:37:00,89.55446,36.75823,995.214,272.68,89.7,101.4,-0.43,-2.69,-23.54,100.85,72.12,308.36,315.35,101.16,71.51,308.69,315.86,1.0
2018-08-18 11:37:00,89.55446,36.75824,995.199,272.69,89.7,101.5,0.01,-2.86,-24.19,101.18,71.98,308.6,316.38,101.1,71.53,308.7,315.77,1.0
2018-08-18 11:37:00,89.55446,36.75826,995.218,272.69,89.7,101.4,0.33,-3.1,-25.28,101.05,71.84,308.36,315.95,101.02,71.57,308.68,315.67,1.0
2018-08-18 11:37:00,89.55446,36.75827,995.258,272.69,89.7,101.1,-1.07,-3.28,-26.61,101.18,71.77,308.64,315.36,100.92,71.61,308.62,315.52,1.0
2018-08-18 11:37:00,89.55446,36.75828,995.24,272.68,89.7,101.2,-4.12,-3.37,-27.75,101.11,71.98,308.62,315.36,100.81,71.64,308.54,315.36,1.0
2018-08-18 11:37:00,89.55446,36.7583,995.251,272.69,89.7,101.1,-5.01,-3.43,-28.3,100.2,71.98,309.46,315.37,100.7,71.65,308.45,315.33,1.0
2018-08-18 11:37:00,89.55446,36.75836,995.232,272.69,89.7,101.3,-6.2,-3.33,-28.33,100.39,72.05,309.36,315.17,100.63,71.64,308.38,315.35,1.0
2018-08-18 11:37:00,89.55446,36.75842,995.261,272.69,89.7,101.1,-6.12,-3.36,-28.33,101.64,71.84,309.39,315.35,100.61,71.61,308.37,315.27,1.0
2018-08-18 11:37:00,89.55446,36.75848,995.317,272.69,89.7,100.6,-4.7,-3.43,-27.81,101.11,72.05,309.41,314.96,100.66,71.56,308.39,315.33,1.0
2018-08-18 11:37:00,89.55446,36.75854,995.364,272.69,89.7,100.2,-3.01,-3.51,-26.57,100.26,72.05,308.99,315.64,100.79,71.5,308.45,315.56,1.0
2018-08-18 11:37:00,89.55446,36.7586,995.389,272.69,89.7,100.0,-3.43,-3.7,-25.03,100.78,71.84,308.45,315.15,101.01,71.43,308.52,315.76,1.0
2018-08-18 11:37:00,89.55446,36.75866,995.404,272.69,89.7,99.9,-3.37,-3.55,-23.76,100.85,71.98,308.65,315.44,101.29,71.37,308.52,315.9,1.0
2018-08-18 11:37:00,89.55446,36.75872,995.447,272.7,89.7,99.6,-3.75,-2.92,-22.28,100.92,71.7,308.47,315.36,101.61,71.33,308.43,315.81,1.0
2018-08-18 11:37:00,89.55446,36.75878,995.457,272.7,89.7,99.5,-3.9,-2.67,-20.72,100.72,71.84,308.75,316.28,101.93,71.31,308.37,315.78,1.0
2018-08-18 11:37:00,89.55446,36.75884,995.431,272.69,89.7,99.7,-3.27,-2.65,-19.01,101.05,71.77,308.46,316.97,102.19,71.32,308.36,315.81,1.0
2018-08-18 11:37:00,89.55446,36.7589,995.463,272.69,89.7,99.4,-1.66,-2.19,-17.14,100.39,71.84,308.45,316.47,102.35,71.37,308.34,315.79,1.0
2018-08-18 11:37:00,89.55446,36.75896,995.434,272.69,89.7,99.7,1.04,-2.11,-15.45,101.37,71.98,308.31,316.18,102.38,71.44,308.32,315.75,1.0
2018-08-18 11:37:00,89.55446,36.759,995.433,272.7,89.7,99.7,3.63,-2.2,-14.33,101.64,71.84,307.02,314.02,102.27,71.54,308.25,315.72,1.0
2018-08-18 11:37:00,89.55446,36.75898,995.439,272.7,89.7,99.6,3.77,-2.11,-13.77,100.92,71.77,307.62,314.56,102.01,71.65,308.14,315.75,1.0
2018-08-18 11:37:00,89.55446,36.75896,995.45,272.7,89.7,99.5,1.47,-2.0,-13.61,100.92,71.57,308.37,315.68,101.64,71.77,308.02,315.72,1.0
2018-08-18 11:37:00,89.55446,36.75894,995.472,272.69,89.7,99.4,-2.21,-2.01,-13.62,100.78,71.84,308.19,315.45,101.2,71.89,307.92,315.56,1.0
2018-08-18 11:37:00,89.55446,36.75892,995.474,272.7,89.7,99.3,-5.32,-2.07,-13.77,101.37,71.77,308.47,315.36,100.74,71.99,307.85,315.45,1.0
2018-08-18 11:37:00,89.55446,36.7589,995.511,272.7,89.7,99.0,-5.44,-2.06,-13.81,101.9,72.05,308.47,315.39,100.33,72.07,307.82,315.39,1.0
2018-08-18 11:37:00,89.55446,36.75888,995.542,272.7,89.7,98.8,-4.86,-2.01,-14.08,101.05,71.77,308.32,316.14,100.02,72.11,307.93,315.54,1.0
2018-08-18 11:37:00,89.55446,36.75886,995.562,272.7,89.7,98.6,-4.31,-2.01,-14.62,100.06,71.64,308.24,315.78,99.85,72.12,308.06,315.61,1.0
2018-08-18 11:37:00,89.55446,36.75884,995.575,272.7,89.7,98.5,-4.16,-2.04,-15.38,101.7,71.91,308.47,315.36,99.82,72.1,308.15,315.6,1.0
2018-08-18 11:37:00,89.55446,36.75882,995.599,272.7,89.7,98.3,-4.06,-1.91,-16.1,100.65,71.98,308.57,315.36,99.93,72.06,308.26,315.64,1.0
2018-08-18 11:37:00,89.55446,36.75881,995.561,272.7,89.7,98.6,-3.27,-1.87,-16.41,101.11,71.98,308.48,315.46,100.13,72.0,308.38,315.75,1.0
2018-08-18 11:37:00,89.55445,36.75879,995.586,272.7,89.7,98.4,-2.77,-1.84,-16.55,100.52,71.77,308.66,315.17,100.38,71.93,308.48,315.78,1.0
2018-08-18 11:37:00,89.55445,36.75876,995.591,272.7,89.7,98.4,-2.56,-1.91,-16.45,100.33,71.91,308.66,315.46,100.61,71.86,308.56,315.75,1.0
2018-08-18 11:37:00,89.55445,36.75874,995.569,272.71,89.7,98.6,-2.15,-2.04,-16.29,101.05,71.77,308.38,315.27,100.78,71.8,308.6,315.72,1.0
2018-08-18 11:37:00,89.55445,36.75873,995.587,272.7,89.7,98.4,-1.14,-2.17,-16.33,100.98,71.98,308.47,315.55,100.84,71.77,308.58,315.72,1.0
2018-08-18 11:37:00,89.55445,36.75871,995.646,272.71,89.7,98.0,-0.04,-2.45,-16.64,101.18,71.7,308.38,316.43,100.79,71.76,308.51,315.73,1.0
2018-08-18 11:37:00,89.55445,36.75866,995.634,272.7,89.7,98.1,-0.97,-2.4,-16.57,101.05,71.84,308.27,315.42,100.63,71.77,308.41,315.73,1.0
2018-08-18 11:37:00,89.55445,36.75857,995.646,272.7,89.7,98.0,-1.52,-2.57,-16.45,100.78,71.84,308.37,315.89,100.41,71.8,308.28,315.72,1.0
2018-08-18 11:37:00,89.55445,36.75849,995.68,272.71,89.7,97.7,-2.2,-3.2,-18.88,100.59,71.77,308.38,315.49,100.18,71.84,308.17,315.71,1.0
2018-08-18 11:37:00,89.55445,36.75841,995.71,272.71,89.7,97.5,-3.59,-4.05,-24.38,101.24,71.98,308.39,315.76,100.02,71.88,308.1,315.69,1.0
2018-08-18 11:37:00,89.55445,36.75832,995.732,272.71,89.7,97.3,-5.54,-4.28,-29.67,101.37,71.91,308.56,315.28,99.98,71.9,308.04,315.65,1.0
2018-08-18 11:37:00,89.55445,36.75824,995.758,272.71,89.7,97.1,-6.5,-4.23,-29.29,100.78,71.84,308.3,315.2,100.12,71.9,307.99,315.53,1.0
2018-08-18 11:37:00,89.55445,36.75816,995.814,272.7,89.7,96.6,-5.56,-4.24,-28.93,100.72,71.77,308.67,315.47,100.44,71.87,307.98,315.5,1.0
2018-08-18 11:37:00,89.55445,36.75808,995.826,272.7,89.7,96.5,-4.3,-4.0,-28.72,100.13,71.84,308.85,315.47,100.95,71.8,308.01,315.55,1.0
2018-08-18 11:37:00,89.55445,36.75799,995.798,272.71,89.7,96.7,-4.13,-3.8,-28.42,100.2,71.84,308.91,315.48,101.58,71.69,308.07,315.68,1.0
2018-08-18 11:37:00,89.55445,36.75791,995.849,272.71,89.7,96.3,-5.8,-4.19,-27.93,100.65,71.84,308.75,315.48,102.27,71.57,308.15,315.8,1.0
2018-08-18 11:37:00,89.55445,36.75785,995.82,272.71,89.7,96.6,-7.38,-4.11,-29.87,101.18,71.84,308.21,315.28,102.93,71.43,308.23,315.83,1.0
2018-08-18 11:37:00,89.55445,36.75779,995.808,272.72,89.7,96.7,-6.68,-4.47,-30.26,101.24,71.91,308.39,315.48,103.46,71.29,308.29,315.93,1.0
2018-08-18 11:37:00,89.55445,36.75773,995.845,272.72,89.7,96.4,-3.4,-4.6,-30.42,100.39,71.91,308.39,316.33,103.8,71.17,308.33,316.0,1.0
2018-08-18 11:37:00,89.55445,36.75767,995.892,272.72,89.7,96.0,0.01,-4.72,-30.68,101.37,71.77,308.39,317.17,103.88,71.09,308.31,316.04,1.0
2018-08-18 11:37:00,89.55445,36.7576,995.899,272.72,89.7,95.9,1.31,-5.06,-31.11,101.05,71.84,308.2,316.57,103.68,71.06,308.24,316.06,1.0
2018-08-18 11:37:00,89.55445,36.75754,995.907,272.72,89.7,95.9,-0.34,-5.48,-31.57,101.7,71.77,308.3,315.47,103.23,71.08,308.16,316.06,1.0
2018-08-18 11:37:00,89.55445,36.75748,995.924,272.72,89.7,95.7,-1.68,-5.49,-32.42,100.65,71.57,308.29,316.19,102.57,71.15,308.09,316.05,1.0
2018-08-18 11:37:00,89.55445,36.75742,995.936,272.72,89.7,95.6,-2.91,-5.79,-33.6,102.22,71.64,308.11,315.77,101.79,71.26,308.02,316.02,1.0
2018-08-18 11:37:00,89.55445,36.75735,995.948,272.72,89.7,95.6,-4.28,-6.12,-34.09,101.77,71.7,308.21,315.2,100.98,71.4,307.95,315.9,1.0
2018-08-18 11:37:00,89.55445,36.75729,995.965,272.72,89.7,95.4,-5.55,-6.3,-33.64,101.83,71.64,308.2,315.77,100.23,71.57,307.9,315.71,1.0
2018-08-18 11:37:00,89.55444,36.75723,995.97,272.72,89.7,95.4,-5.74,-6.29,-32.87,101.18,71.7,308.48,315.38,99.63,71.73,307.88,315.57,1.0
2018-08-18 11:37:00,89.55444,36.75719,996.026,272.72,89.7,94.9,-1.77,-6.1,-31.6,100.39,71.64,308.4,315.3,99.23,71.87,307.88,315.54,1.0
2018-08-18 11:37:00,89.55444,36.75717,996.023,272.72,89.8,94.9,-0.52,-6.08,-29.9,101.37,71.64,308.21,315.2,99.06,71.99,307.9,315.47,1.0
2018-08-18 11:37:00,89.55444,36.75714,996.026,272.72,89.8,94.9,-2.01,-6.01,-28.61,101.18,71.84,308.31,315.59,99.12,72.06,307.94,315.46,1.0
2018-08-18 11:37:00,89.55444,36.75711,996.045,272.72,89.8,94.8,-4.49,-5.96,-27.71,99.74,71.77,308.41,315.68,99.37,72.1,307.98,315.5,1.0
2018-08-18 11:37:00,89.55444,36.75708,996.041,272.73,89.8,94.8,-6.25,-6.01,-26.9,101.05,71.84,308.3,315.39,99.76,72.1,308.01,315.56,1.0
2018-08-18 11:37:00,89.55444,36.75706,996.051,272.73,89.8,94.7,-7.89,-5.8,-26.23,100.65,71.77,308.23,315.39,100.21,72.07,308.02,315.64,1.0
2018-08-18 11:37:00,89.55444,36.75703,996.052,272.73,89.8,94.7,-6.21,-5.86,-25.29,101.11,71.77,308.4,315.49,100.68,72.02,308.01,315.7,1.0
2018-08-18 11:37:00,89.55444,36.757,996.07,272.73,89.8,94.6,-3.86,-5.27,-24.27,101.44,71.77,308.22,315.68,101.1,71.95,307.97,315.81,1.0
2018-08-18 11:37:00,89.55444,36.75698,996.087,272.73,89.8,94.4,-1.39,-4.91,-23.38,100.92,71.77,308.41,315.68,101.44,71.87,307.9,315.89,1.0
2018-08-18 11:37:00,89.55444,36.75695,996.093,272.73,89.8,94.4,0.69,-5.08,-22.77,100.65,71.77,308.13,315.69,101.67,71.79,307.81,315.9,1.0
2018-08-18 11:37:00,89.55444,36.75692,996.18,272.73,89.8,93.7,1.23,-4.76,-22.6,101.96,71.7,308.3,315.24,101.8,71.72,307.73,315.88,1.0
2018-08-18 11:37:00,89.55444,36.7569,996.153,272.73,89.8,93.9,0.27,-5.11,-23.44,100.98,71.84,308.21,315.31,101.85,71.65,307.76,315.85,1.0
2018-08-18 11:37:00,89.55444,36.75686,996.16,272.73,89.8,93.9,-0.69,-5.02,-24.37,100.46,71.7,308.2,316.09,101.84,71.59,307.78,315.8,1.0
2018-08-18 11:37:00,89.55444,36.75678,996.174,272.73,89.8,93.7,-1.89,-4.95,-25.34,100.85,71.7,308.2,315.79,101.8,71.53,307.81,315.75,1.0
2018-08-18 11:37:00,89.55443,36.75669,996.176,272.73,89.8,93.7,-3.39,-5.0,-26.24,101.24,71.7,308.13,315.51,101.76,71.48,307.84,315.72,1.0
2018-08-18 11:37:00,89.55443,36.75661,996.207,272.73,89.8,93.5,-4.73,-4.98,-26.82,101.05,71.84,308.27,315.41,101.73,71.43,307.85,315.7,1.0
2018-08-18 11:37:00,89.55443,36.75653,996.207,272.74,89.8,93.5,-4.09,-5.47,-27.46,100.98,71.77,309.47,315.8,101.72,71.38,307.83,315.72,1.0
2018-08-18 11:37:00,89.55443,36.75644,996.225,272.74,89.8,93.3,-3.16,-5.32,-28.24,100.39,71.77,309.07,315.51,101.72,71.34,307.94,315.8,1.0
2018-08-18 11:37:00,89.55443,36.75636,996.251,272.74,89.8,93.1,-2.52,-5.53,-28.92,101.83,71.84,308.8,315.72,101.73,71.32,308.06,315.81,1.0
2018-08-18 11:37:00,89.55443,36.75628,996.282,272.74,89.8,92.9,-1.89,-5.63,-29.36,101.83,71.7,308.6,315.53,101.73,71.3,308.14,315.8,1.0
2018-08-18 11:37:00,89.55443,36.7562,996.312,272.73,89.8,92.6,-0.92,-5.16,-29.43,101.31,71.7,307.77,315.73,101.7,71.3,308.2,315.87,1.0
2018-08-18 11:37:00,89.55443,36.75611,996.308,272.74,89.8,92.7,0.05,-5.39,-29.16,100.59,71.5,307.22,316.25,101.65,71.3,308.21,316.02,1.0
2018-08-18 11:37:00,89.55443,36.75603,996.344,272.74,89.8,92.4,1.19,-5.13,-29.13,100.92,71.57,308.37,315.89,101.56,71.32,308.04,316.06,1.0
2018-08-18 11:37:00,89.55443,36.75595,996.36,272.74,89.8,92.2,1.27,-5.19,-28.58,101.77,71.57,308.52,315.68,101.46,71.34,307.91,316.05,1.0
2018-08-18 11:37:00,89.55443,36.75586,996.358,272.74,89.8,92.3,0.78,-5.34,-27.94,101.24,71.7,307.96,315.24,101.36,71.36,307.79,316.0,1.0
2018-08-18 11:37:00,89.55443,36.75578,996.372,272.74,89.8,92.1,0.36,-5.35,-27.57,101.05,71.7,307.76,315.99,101.3,71.38,307.68,315.95,1.0
2018-08-18 11:37:00,89.55443,36.75569,996.428,272.74,89.8,91.7,-0.24,-5.44,-27.12,100.98,71.64,307.8,317.01,101.29,71.38,307.63,315.89,1.0
2018-08-18 11:37:00,89.55443,36.75561,996.453,272.75,89.8,91.5,0.46,-4.81,-26.84,101.11,71.84,307.36,316.27,101.36,71.39,307.66,315.83,1.0
2018-08-18 11:37:00,89.55443,36.75552,996.45,272.74,89.8,91.5,2.27,-4.77,-26.43,101.44,71.64,307.94,315.92,101.53,71.38,307.59,315.74,1.0
2018-08-18 11:37:00,89.55443,36.75544,996.434,272.74,89.8,91.7,3.48,-4.78,-25.86,101.05,71.7,308.24,315.7,101.78,71.38,307.53,315.7,1.0
2018-08-18 11:37:00,89.55443,36.75535,996.429,272.75,89.8,91.7,4.61,-4.63,-25.16,100.65,71.5,308.24,315.52,102.11,71.38,307.54,315.72,1.0
2018-08-18 11:37:00,89.55443,36.75527,996.454,272.75,89.8,91.5,6.32,-4.38,-24.56,101.96,71.57,308.15,315.61,102.48,71.4,307.56,315.73,1.0
2018-08-18 11:37:00,89.55443,36.75518,996.453,272.75,89.8,91.5,4.67,-4.01,-24.82,101.77,71.5,308.15,315.7,102.84,71.43,307.59,315.65,1.0
2018-08-18 11:37:00,89.55443,36.75509,996.437,272.75,89.8,91.6,4.98,-4.09,-25.32,100.85,71.64,308.14,315.43,103.16,71.48,307.66,315.64,1.0
2018-08-18 11:37:00,89.55443,36.75501,996.474,272.75,89.8,91.3,4.89,-4.1,-25.01,101.05,71.64,308.05,315.43,103.38,71.54,307.75,315.73,1.0
2018-08-18 11:37:00,89.55443,36.75492,996.519,272.74,89.8,91.0,5.27,-4.17,-24.56,101.44,71.5,308.15,315.43,103.46,71.61,307.82,315.8,1.0
2018-08-18 11:37:00,89.55442,36.75484,996.511,272.75,89.8,91.0,6.33,-4.32,-24.41,101.7,71.7,308.05,315.82,103.37,71.68,307.84,315.78,1.0
2018-08-18 11:37:00,89.55442,36.75475,996.544,272.76,89.8,90.8,5.5,-4.14,-23.92,101.44,71.57,308.05,315.52,103.11,71.73,307.79,315.74,1.0
2018-08-18 11:37:00,89.55442,36.75467,996.584,272.75,89.8,90.5,5.42,-4.25,-26.83,101.77,71.64,307.97,315.42,102.69,71.76,307.73,315.68,1.0
2018-08-18 11:37:00,89.55442,36.75458,996.581,272.75,89.8,90.5,6.65,-4.32,-27.21,101.57,71.57,308.6,316.33,102.16,71.74,307.66,315.61,1.0
2018-08-18 11:37:00,89.55442,36.75449,996.576,272.75,89.8,90.5,6.7,-4.4,-27.0,101.64,71.7,308.73,316.12,101.55,71.69,307.6,315.54,1.0
2018-08-18 11:37:00,89.55442,36.75437,996.599,272.76,89.8,90.3,5.63,-4.63,-26.97,102.36,71.57,308.5,315.43,100.94,71.6,307.55,315.53,1.0
2018-08-18 11:37:00,89.55442,36.75426,996.626,272.75,89.8,90.1,5.77,-5.1,-26.6,101.24,71.7,307.88,315.52,100.39,71.47,307.54,315.61,1.0
2018-08-18 11:37:00,89.55442,36.75414,996.655,272.75,89.8,89.9,6.79,-4.98,-26.17,102.16,71.64,307.79,315.71,99.96,71.32,307.51,315.73,1.0
2018-08-18 11:37:00,89.55442,36.75402,996.631,272.76,89.8,90.1,7.9,-5.5,-25.8,101.77,71.64,307.96,315.63,99.7,71.16,307.6,315.86,1.0
2018-08-18 11:37:00,89.55442,36.75391,996.618,272.76,89.8,90.2,9.35,-5.53,-25.36,100.26,71.64,307.96,315.63,99.64,71.01,307.67,315.88,1.0
2018-08-18 11:37:00,89.55442,36.75379,996.63,272.76,89.8,90.1,11.04,-5.31,-25.07,102.03,71.5,307.83,316.16,99.79,70.88,307.68,315.91,1.0
2018-08-18 11:37:00,89.55442,36.75367,996.644,272.76,89.8,90.0,12.71,-5.38,-25.11,101.37,71.7,308.02,316.86,100.11,70.79,307.67,316.01,1.0
2018-08-18 11:37:00,89.55442,36.75356,996.716,272.75,89.8,89.4,14.09,-5.18,-25.2,100.33,71.43,307.58,316.74,100.56,70.75,307.71,316.12,1.0
2018-08-18 11:37:00,89.55442,36.75349,996.699,272.76,89.8,89.5,15.97,-5.02,-25.08,100.46,71.36,308.64,316.68,101.09,70.76,307.73,316.22,1.0
2018-08-18 11:37:00,89.55442,36.75348,996.692,272.76,89.8,89.6,17.81,-5.08,-25.11,102.16,71.57,309.1,315.78,101.63,70.82,307.77,316.3,1.0
2018-08-18 11:37:00,89.55442,36.75348,996.713,272.76,89.8,89.4,19.01,-5.15,-25.16,101.57,71.43,308.54,315.41,102.12,70.91,307.81,316.35,1.0
2018-08-18 11:37:00,89.55442,36.75347,996.732,272.77,89.8,89.3,18.73,-5.08,-25.26,101.24,71.64,307.98,315.73,102.48,71.04,307.85,316.33,1.0
2018-08-18 11:37:00,89.55442,36.75346,996.699,272.76,89.8,89.5,16.06,-4.9,-25.67,100.85,71.43,307.68,315.46,102.7,71.18,307.86,316.2,1.0
2018-08-18 11:37:00,89.55442,36.75346,996.764,272.76,89.8,89.0,14.2,-4.95,-26.44,102.42,71.22,307.26,315.39,102.75,71.33,307.91,316.05,1.0
2018-08-18 11:37:00,89.55442,36.75345,996.77,272.77,89.8,89.0,13.77,-4.94,-27.24,101.83,71.29,307.48,315.47,102.64,71.48,307.84,315.89,1.0
2018-08-18 11:37:00,89.55442,36.75345,996.801,272.77,89.8,88.7,13.71,-5.01,-27.62,100.26,71.36,307.61,315.55,102.4,71.62,307.79,315.84,1.0
2018-08-18 11:37:00,89.55442,36.75344,996.864,272.76,89.8,88.2,12.9,-5.21,-27.51,101.77,71.64,308.26,315.63,102.07,71.74,307.78,315.81,1.0
2018-08-18 11:37:00,89.55442,36.75343,996.857,272.76,89.8,88.3,10.68,-5.45,-27.19,102.09,71.5,308.0,315.73,101.7,71.83,307.76,315.73,1.0
2018-08-18 11:37:00,89.55442,36.75343,996.875,272.77,89.8,88.1,8.38,-5.26,-27.44,101.83,71.7,307.89,315.83,101.36,71.89,307.73,315.66,1.0
2018-08-18 11:37:00,89.55442,36.75342,996.86,272.77,89.8,88.2,8.46,-5.44,-27.71,101.44,71.43,307.8,315.53,101.08,71.92,307.71,315.6,1.0
2018-08-18 11:37:00,89.55442,36.75341,996.884,272.77,89.8,88.0,8.48,-5.43,-27.58,101.57,71.57,308.33,315.97,100.91,71.91,307.66,315.57,1.0
2018-08-18 11:37:00,89.55442,36.7534,996.919,272.77,89.8,87.8,9.34,-5.4,-27.54,101.11,71.36,308.2,316.22,100.86,71.87,307.59,315.57,1.0
2018-08-18 11:37:00,89.55442,36.75336,996.914,272.77,89.8,87.8,11.01,-5.53,-27.84,101.05,71.57,307.81,315.52,100.93,71.79,307.49,315.59,1.0
2018-08-18 11:37:00,89.55442,36.75333,996.926,272.77,89.8,87.7,11.83,-5.68,-28.16,101.7,71.43,307.91,315.81,101.11,71.68,307.29,315.64,1.0
2018-08-18 11:37:00,89.55442,36.7533,996.988,272.76,89.8,87.2,13.87,-4.6,-28.64,101.31,71.5,307.81,315.82,101.35,71.54,307.14,315.71,1.0
2018-08-18 11:37:00,89.55442,36.75327,997.01,272.77,89.8,87.0,14.93,-4.63,-28.47,101.83,71.64,307.8,315.73,101.64,71.39,307.02,315.78,1.0
2018-08-18 11:37:00,89.55442,36.75323,997.008,272.78,89.8,87.1,15.1,-4.7,-28.16,101.18,71.57,307.99,315.83,101.91,71.24,306.92,315.74,1.0
2018-08-18 11:37:00,89.55441,36.7532,996.993,272.77,89.8,87.2,14.24,-4.78,-27.87,101.18,71.57,307.36,315.83,102.14,71.1,306.86,315.68,1.0
2018-08-18 11:37:00,89.55441,36.75317,996.967,272.77,89.8,87.4,12.61,-5.15,-27.61,101.7,71.57,306.09,315.45,102.29,70.98,306.84,315.7,1.0
2018-08-18 11:37:00,89.55441,36.75314,997.006,272.77,89.8,87.1,13.09,-4.99,-27.59,100.98,71.57,306.29,315.83,102.35,70.9,306.77,315.68,1.0
2018-08-18 11:37:00,89.55441,36.7531,997.052,272.77,89.8,86.7,13.09,-4.99,-29.16,101.96,71.43,306.38,315.64,102.31,70.86,306.68,315.63,1.0
2018-08-18 11:37:00,89.55441,36.75307,997.096,272.77,89.8,86.4,13.41,-4.98,-29.28,101.7,71.5,307.0,314.86,102.19,70.86,306.62,315.55,1.0
2018-08-18 11:37:00,89.55441,36.75304,997.118,272.77,89.8,86.2,14.22,-4.9,-28.57,101.9,71.43,307.3,314.48,101.99,70.9,306.57,315.45,1.0
2018-08-18 11:37:00,89.55441,36.753,997.108,272.77,89.8,86.3,15.47,-4.77,-27.98,101.37,71.15,307.0,315.39,101.74,70.97,306.55,315.33,1.0
2018-08-18 11:37:00,89.55441,36.75297,997.122,272.78,89.9,86.1,16.9,-4.97,-27.49,101.96,71.29,306.54,315.11,101.48,71.04,306.62,315.22,1.0
2018-08-18 11:37:00,89.55441,36.75293,997.15,272.78,89.8,85.9,18.09,-5.01,-27.42,101.77,71.43,306.59,315.26,101.23,71.12,306.69,315.13,1.0
2018-08-18 11:37:00,89.55441,36.75289,997.188,272.78,89.9,85.6,18.94,-5.11,-27.28,101.18,71.5,307.31,315.72,101.01,71.18,306.76,315.04,1.0
2018-08-18 11:37:00,89.55441,36.75286,997.209,272.78,89.9,85.4,19.53,-5.06,-26.97,101.37,71.43,307.54,315.74,100.85,71.22,306.8,315.08,1.0
2018-08-18 11:37:00,89.55441,36.75282,997.206,272.79,89.9,85.5,20.36,-4.9,-26.68,101.18,71.43,307.64,315.84,100.76,71.24,306.86,315.2,1.0
2018-08-18 11:37:00,89.55441,36.75279,997.206,272.78,89.9,85.5,21.98,-4.81,-26.75,101.05,71.22,307.75,315.84,100.74,71.23,306.95,315.27,1.0
2018-08-18 11:37:00,89.55441,36.75275,997.221,272.78,89.9,85.4,22.76,-4.04,-26.75,101.5,71.57,307.87,315.51,100.79,71.2,307.08,315.3,1.0
2018-08-18 11:37:00,89.5544,36.75271,997.255,272.78,89.9,85.1,22.65,-3.53,-26.79,102.62,71.43,307.68,315.08,100.91,71.18,307.26,315.41,1.0
2018-08-18 11:37:00,89.5544,36.75268,997.286,272.78,89.9,84.8,22.55,-3.15,-26.54,101.57,71.43,307.73,315.27,101.09,71.16,307.39,315.53,1.0
2018-08-18 11:37:00,89.5544,36.75264,997.31,272.78,89.9,84.6,23.38,-2.85,-25.92,101.57,71.29,307.64,315.76,101.3,71.17,307.47,315.63,1.0
2018-08-18 11:37:00,89.5544,36.75261,997.342,272.79,89.9,84.4,25.65,-2.65,-25.07,101.44,71.43,307.56,315.56,101.53,71.21,307.52,315.69,1.0
2018-08-18 11:37:00,89.5544,36.75257,997.373,272.79,89.9,84.1,27.98,-2.67,-24.73,100.39,71.36,307.09,314.58,101.76,71.28,307.53,315.7,1.0
2018-08-18 11:37:00,89.5544,36.75257,997.361,272.79,89.9,84.2,27.31,-2.72,-23.68,101.18,71.15,307.64,315.12,101.97,71.38,307.48,315.68,1.0
2018-08-18 11:37:00,89.5544,36.75257,997.378,272.79,89.9,84.1,26.39,-2.58,-22.86,100.65,71.43,307.45,315.47,102.14,71.49,307.4,315.75,1.0
2018-08-18 11:37:00,89.5544,36.75257,997.365,272.79,89.9,84.2,25.41,-2.44,-22.32,102.42,71.22,307.45,315.86,102.25,71.59,307.3,315.75,1.0
2018-08-18 11:37:00,89.5544,36.75257,997.306,272.79,89.9,84.7,24.58,-2.3,-22.01,102.29,71.43,307.55,315.76,102.3,71.68,307.21,315.7,1.0
2018-08-18 11:37:00,89.5544,36.75258,997.386,272.8,89.9,84.0,24.55,-1.88,-21.94,101.44,71.22,307.45,315.76,102.27,71.73,307.14,315.74,1.0
2018-08-18 11:37:00,89.5544,36.75258,997.419,272.8,89.9,83.8,24.77,-1.2,-22.2,101.83,71.57,307.73,315.18,102.15,71.73,307.15,315.87,1.0
2018-08-18 11:37:00,89.5544,36.75258,997.442,272.8,89.9,83.6,23.53,-0.34,-22.9,101.18,71.36,307.45,316.6,101.96,71.68,307.17,315.92,1.0
2018-08-18 11:37:00,89.5544,36.75258,997.447,272.8,89.9,83.5,22.94,0.56,-23.77,101.05,71.57,307.64,316.26,101.71,71.59,307.23,315.96,1.0
2018-08-18 11:37:00,89.5544,36.75258,997.453,272.8,89.9,83.5,23.58,1.62,-24.77,102.09,71.5,307.83,315.99,101.41,71.46,307.32,316.06,1.0
2018-08-18 11:37:00,89.5544,36.75259,997.504,272.8,89.9,83.1,24.89,2.87,-25.92,101.57,71.43,307.56,316.54,101.1,71.32,307.44,316.22,1.0
2018-08-18 11:37:00,89.5544,36.75259,997.484,272.8,89.9,83.2,25.4,3.46,-27.14,101.5,71.43,307.56,316.28,100.8,71.19,307.63,316.4,1.0
2018-08-18 11:37:00,89.5544,36.75259,997.502,272.8,89.9,83.1,23.87,4.38,-28.66,102.42,71.36,307.55,315.92,100.55,71.07,307.76,316.48,1.0
2018-08-18 11:37:00,89.5544,36.75259,997.548,272.8,89.9,82.7,22.38,4.66,-29.77,101.24,71.57,307.65,315.77,100.38,70.99,307.77,316.42,1.0
2018-08-18 11:37:00,89.5544,36.75259,997.587,272.8,89.9,82.4,20.18,4.79,-30.59,100.65,71.36,307.39,315.91,100.33,70.96,307.71,316.36,1.0
2018-08-18 11:37:00,89.5544,36.7526,997.594,272.81,89.9,82.4,16.73,5.01,-31.3,101.64,71.15,307.34,316.41,100.42,70.97,307.62,316.29,1.0
2018-08-18 11:37:00,89.5544,36.75268,997.635,272.8,89.9,82.0,13.21,4.26,-31.51,100.65,71.08,307.88,316.76,100.65,71.03,307.5,316.16,1.0
2018-08-18 11:37:00,89.5544,36.75277,997.637,272.8,89.9,82.0,12.84,3.81,-31.24,102.49,71.36,307.5,315.81,101.02,71.11,307.38,316.03,1.0
2018-08-18 11:37:00,89.5544,36.75287,997.668,272.81,89.9,81.8,13.69,3.25,-31.98,100.78,71.5,306.88,315.78,101.51,71.2,307.25,315.96,1.0
2018-08-18 11:37:00,89.55439,36.75297,997.689,272.81,89.9,81.6,14.66,2.57,-32.25,101.77,71.43,306.55,315.68,102.07,71.3,307.15,315.91,1.0
2018-08-18 11:37:00,89.55439,36.75307,997.685,272.8,89.9,81.6,15.23,1.96,-31.94,101.44,71.29,306.7,316.06,102.65,71.39,307.11,315.87,1.0
2018-08-18 11:37:00,89.55439,36.75317,997.766,272.8,89.9,81.0,15.23,1.86,-32.84,101.05,71.36,307.06,315.87,103.19,71.45,307.1,315.8,1.0
2018-08-18 11:37:00,89.55439,36.75327,997.748,272.81,89.9,81.1,14.97,1.05,-32.91,101.44,71.43,307.22,315.68,103.64,71.5,307.07,315.74,1.0
2018-08-18 11:37:00,89.55439,36.75337,997.744,272.81,89.9,81.2,15.38,0.54,-33.43,100.92,71.15,307.4,315.87,103.92,71.53,307.13,315.78,1.0
2018-08-18 11:37:00,89.55439,36.75346,997.742,272.81,89.9,81.2,15.17,-0.19,-32.82,101.7,71.57,307.47,315.87,104.01,71.54,307.29,315.85,1.0
2018-08-18 11:37:00,89.55439,36.7535,997.744,272.81,89.9,81.2,15.0,-0.99,-31.44,102.75,71.29,307.74,315.58,103.89,71.54,307.48,315.9,1.0
2018-08-18 11:37:00,89.55439,36.75353,997.769,272.81,89.9,81.0,15.86,-1.54,-30.11,101.64,71.36,307.65,315.49,103.55,71.54,307.65,315.94,1.0
2018-08-18 11:37:00,89.55439,36.75357,997.775,272.81,89.9,80.9,16.96,-2.21,-27.76,101.44,71.43,307.47,315.78,103.03,71.53,307.78,315.94,1.0
2018-08-18 11:37:00,89.55439,36.7536,997.774,272.82,89.9,80.9,16.62,-2.81,-25.89,102.36,71.29,307.74,315.79,102.39,71.52,307.84,315.91,1.0
2018-08-18 11:37:00,89.55439,36.75364,997.753,272.82,89.9,81.1,16.93,-2.89,-24.31,102.16,71.36,307.46,315.79,101.7,71.51,307.85,315.85,1.0
2018-08-18 11:37:00,89.55439,36.75367,997.746,272.82,89.9,81.1,17.07,-3.06,-23.19,101.9,71.36,307.66,315.89,101.04,71.5,307.73,315.78,1.0
2018-08-18 11:37:00,89.55439,36.7537,997.781,272.82,89.9,80.9,16.15,-3.46,-22.53,101.31,71.43,307.67,315.6,100.48,71.48,307.54,315.7,1.0
2018-08-18 11:37:00,89.55439,36.75374,997.807,272.82,89.9,80.7,13.55,-3.41,-22.21,102.36,71.36,307.49,315.6,100.1,71.44,307.43,315.63,1.0
2018-08-18 11:37:00,89.55438,36.75377,997.818,272.82,89.9,80.6,12.12,-3.58,-22.91,101.83,71.5,307.57,315.8,99.94,71.39,307.31,315.59,1.0
2018-08-18 11:37:00,89.55438,36.75381,997.848,272.82,89.9,80.3,12.48,-3.56,-23.62,101.24,71.43,307.66,315.9,100.01,71.32,307.22,315.58,1.0
2018-08-18 11:37:00,89.55438,36.75384,997.835,272.82,89.9,80.4,13.35,-3.51,-24.67,101.57,71.36,306.72,315.6,100.29,71.26,307.15,315.6,1.0
2018-08-18 11:37:00,89.55438,36.75388,997.792,272.82,89.9,80.8,14.24,-3.46,-26.1,101.57,71.36,306.5,315.79,100.75,71.19,307.07,315.7,1.0
2018-08-18 11:37:00,89.55438,36.75387,997.851,272.82,89.9,80.3,15.06,-3.34,-27.56,100.72,71.29,307.76,315.41,101.32,71.14,306.96,315.86,1.0
2018-08-18 11:37:00,89.55438,36.75385,997.885,272.82,89.9,80.0,14.33,-2.9,-28.79,101.24,71.57,307.48,315.79,101.91,71.12,306.99,315.96,1.0
2018-08-18 11:37:00,89.55438,36.75384,997.91,272.82,89.9,79.8,12.69,-2.76,-29.62,102.29,71.29,307.67,315.98,102.44,71.12,307.04,316.05,1.0
2018-08-18 11:37:00,89.55438,36.75382,997.956,272.82,89.9,79.5,11.09,-2.53,-30.33,100.98,71.43,307.68,315.99,102.85,71.15,307.1,316.13,1.0
2018-08-18 11:37:00,89.55438,36.75381,998.002,272.82,89.9,79.1,9.59,-2.16,-30.71,101.64,71.22,307.14,316.42,103.07,71.21,307.22,316.19,1.0
2018-08-18 11:37:00,89.55438,36.75379,998.005,272.82,89.9,79.1,8.41,-1.79,-30.63,101.57,71.22,306.28,316.46,103.09,71.3,307.36,316.22,1.0
2018-08-18 11:37:00,89.55438,36.75378,998.055,272.82,89.9,78.7,8.88,-2.05,-30.64,102.09,71.43,307.39,315.59,102.89,71.4,307.37,316.22,1.0
2018-08-18 11:37:00,89.55438,36.75376,998.059,272.82,89.9,78.6,10.14,-1.7,-30.23,102.94,71.22,307.39,315.5,102.52,71.5,307.23,316.19,1.0
2018-08-18 11:37:00,89.55438,36.75375,998.049,272.82,89.9,78.7,11.96,-1.36,-29.73,101.77,71.43,307.67,315.79,102.01,71.59,307.17,316.13,1.0
2018-08-18 11:37:00,89.55438,36.75373,998.051,272.82,89.9,78.7,13.87,-1.08,-29.21,101.96,71.36,307.77,315.79,101.43,71.65,307.13,316.06,1.0
2018-08-18 11:37:00,89.55438,36.75372,998.083,272.83,89.9,78.5,15.21,-0.94,-28.74,101.05,71.36,307.49,315.7,100.86,71.68,307.13,315.94,1.0
2018-08-18 11:37:00,89.55438,36.7537,998.139,272.83,89.9,78.0,14.93,-1.05,-28.44,101.64,71.43,307.35,315.89,100.35,71.67,307.18,315.78,1.0
2018-08-18 11:37:00,89.55438,36.7537,998.127,272.83,89.9,78.1,12.88,-0.65,-27.84,100.72,71.36,306.04,315.81,99.95,71.62,307.12,315.72,1.0
2018-08-18 11:37:00,89.55438,36.7537,998.135,272.83,89.9,78.0,12.06,-0.39,-27.49,102.94,71.43,307.01,315.8,99.7,71.53,307.07,315.68,1.0
2018-08-18 11:37:00,89.55438,36.75369,998.152,272.83,89.9,77.9,11.39,-0.02,-27.19,101.57,71.57,307.5,315.8,99.61,71.42,307.03,315.64,1.0
2018-08-18 11:37:00,89.55438,36.75369,998.165,272.83,89.9,77.8,10.84,0.18,-26.85,101.57,71.36,307.41,316.1,99.66,71.28,306.96,315.67,1.0
2018-08-18 11:37:00,89.55438,36.75369,998.164,272.83,89.9,77.8,10.44,-0.01,-27.11,101.44,71.43,307.78,315.91,99.83,71.13,306.87,315.79,1.0
2018-08-18 11:37:00,89.55438,36.75368,998.167,272.83,89.9,77.8,8.37,0.42,-32.06,100.59,71.29,307.5,315.91,100.07,70.99,306.87,315.82,1.0
2018-08-18 11:37:00,89.55438,36.75368,998.199,272.83,89.9,77.5,6.87,0.63,-36.72,101.37,71.36,307.6,315.81,100.36,70.85,307.01,315.85,1.0
2018-08-18 11:37:00,89.55438,36.75368,998.212,272.83,89.9,77.4,6.3,0.6,-38.01,101.9,71.43,307.69,315.58,100.65,70.73,307.05,315.87,1.0
2018-08-18 11:37:00,89.55438,36.75368,998.212,272.83,89.9,77.4,6.23,0.24,-38.29,101.18,71.22,307.26,316.27,100.9,70.63,307.06,315.9,1.0
2018-08-18 11:37:00,89.55438,36.75368,998.22,272.83,89.9,77.4,6.35,-0.29,-39.24,100.72,71.36,306.49,316.88,101.1,70.56,307.07,315.9,1.0
2018-08-18 11:37:00,89.55438,36.75367,998.247,272.84,89.9,77.1,6.87,-0.44,-39.45,101.44,71.29,307.5,316.02,101.24,70.52,307.07,315.89,1.0
2018-08-18 11:37:00,89.55438,36.75367,998.248,272.84,89.9,77.1,9.27,-0.61,-38.99,101.96,71.36,307.5,315.62,101.32,70.51,307.08,315.86,1.0
2018-08-18 11:37:00,89.55438,36.75369,998.263,272.84,89.9,77.0,11.7,-1.1,-38.76,101.57,71.22,307.4,315.82,101.35,70.53,307.07,315.82,1.0
2018-08-18 11:37:00,89.55438,36.75375,998.276,272.84,89.9,76.9,12.43,-1.4,-38.45,101.57,71.29,307.5,315.63,101.35,70.59,307.01,315.84,1.0
2018-08-18 11:37:00,89.55438,36.75381,998.285,272.84,89.9,76.8,12.0,-1.54,-38.07,100.78,71.15,307.5,315.63,101.34,70.68,306.97,315.83,1.0
2018-08-18 11:37:00,89.55438,36.75386,998.312,272.84,89.9,76.6,12.06,-1.88,-37.96,101.64,71.08,307.5,315.82,101.34,70.79,307.03,315.68,1.0
2018-08-18 11:37:00,89.55438,36.75392,998.366,272.84,89.9,76.2,11.86,-2.64,-38.96,101.18,71.22,307.31,315.82,101.37,70.92,307.02,315.65,1.0
2018-08-18 11:37:00,89.55438,36.75398,998.368,272.85,89.9,76.2,13.14,-2.57,-39.27,101.44,71.15,307.5,315.93,101.44,71.07,306.98,315.65,1.0
2018-08-18 11:37:00,89.55438,36.75403,998.379,272.85,89.9,76.1,13.63,-2.93,-38.99,101.18,71.15,306.63,316.08,101.55,71.22,306.96,315.67,1.0
2018-08-18 11:37:00,89.55438,36.75409,998.407,272.85,89.9,75.9,13.57,-3.46,-38.11,100.46,71.15,306.51,316.59,101.72,71.36,306.9,315.79,1.0
2018-08-18 11:37:00,89.55438,36.75415,998.425,272.85,90.0,75.7,13.46,-3.67,-36.82,101.44,71.22,307.39,315.45,101.94,71.49,306.8,316.0,1.0
2018-08-18 11:37:00,89.55438,36.7542,998.43,272.85,90.0,75.7,12.09,-3.9,-36.0,102.88,71.22,307.21,315.82,102.2,71.6,306.82,316.16,1.0
2018-08-18 11:37:00,89.55438,36.75426,998.42,272.84,90.0,75.8,12.02,-4.28,-35.05,101.24,71.22,307.21,315.83,102.49,71.68,306.84,316.31,1.0
2018-08-18 11:37:00,89.55438,36.75432,998.445,272.85,90.0,75.6,11.74,-4.66,-34.24,101.11,71.36,307.28,315.73,102.78,71.73,306.87,316.41,1.0
2018-08-18 11:37:00,89.55438,36.75437,998.467,272.85,90.0,75.4,11.08,-4.97,-33.27,101.83,71.15,306.85,316.57,103.05,71.74,306.94,316.39,1.0
2018-08-18 11:37:00,89.55438,36.75443,998.454,272.85,90.0,75.5,10.24,-5.15,-32.19,100.98,71.36,306.38,317.32,103.27,71.73,307.02,316.34,1.0
2018-08-18 11:37:00,89.55438,36.75449,998.463,272.85,90.0,75.4,9.64,-5.12,-31.57,101.57,71.15,307.23,316.68,103.42,71.69,307.02,316.32,1.0
2018-08-18 11:37:00,89.55438,36.75456,998.491,272.85,90.0,75.2,10.28,-4.79,-31.5,100.85,71.43,307.33,316.54,103.46,71.64,307.0,316.27,1.0
2018-08-18 11:37:00,89.55438,36.75469,998.509,272.85,90.0,75.0,12.03,-5.14,-30.91,101.96,71.29,307.42,315.94,103.36,71.56,307.0,316.18,1.0
2018-08-18 11:37:00,89.55438,36.75482,998.509,272.85,90.0,75.0,13.39,-5.27,-29.96,102.49,71.36,307.42,315.53,103.13,71.48,306.89,316.09,1.0
2018-08-18 11:37:00,89.55438,36.75496,998.517,272.85,90.0,75.0,13.13,-5.22,-29.22,101.44,71.29,307.42,315.93,102.75,71.39,306.78,315.94,1.0
2018-08-18 11:37:00,89.55438,36.75509,998.58,272.86,90.0,74.5,10.79,-5.38,-29.17,101.77,71.22,307.24,315.94,102.24,71.29,306.75,315.74,1.0
2018-08-18 11:37:00,89.55438,36.75523,998.584,272.86,90.0,74.4,8.97,-5.03,-29.11,102.55,71.36,307.42,315.84,101.65,71.18,306.71,315.64,1.0
2018-08-18 11:37:00,89.55438,36.75536,998.606,272.86,90.0,74.3,6.13,-5.17,-29.47,102.03,71.22,307.51,315.64,101.03,71.06,306.67,315.58,1.0
2018-08-18 11:37:00,89.55437,36.7555,998.602,272.86,90.0,74.3,4.34,-5.33,-29.65,101.05,71.43,306.7,315.84,100.43,70.93,306.65,315.61,1.0
2018-08-18 11:37:00,89.55437,36.75563,998.598,272.86,90.0,74.3,3.75,-5.36,-29.93,102.29,71.22,306.15,315.95,99.95,70.8,306.66,315.7,1.0
2018-08-18 11:37:00,89.55437,36.75576,998.639,272.85,90.0,74.0,3.44,-5.29,-30.5,101.44,71.29,306.61,315.94,99.64,70.67,306.68,315.8,1.0
2018-08-18 11:37:00,89.55437,36.75588,998.669,272.87,90.0,73.8,0.87,-5.54,-31.03,101.83,71.22,307.25,316.24,99.58,70.55,306.71,315.9,1.0
2018-08-18 11:37:00,89.55437,36.75591,998.687,272.86,90.0,73.6,1.9,-5.27,-30.31,100.85,71.36,307.24,315.55,99.79,70.45,306.75,315.99,1.0
2018-08-18 11:37:00,89.55437,36.75594,998.692,272.86,90.0,73.6,2.99,-5.26,-29.34,101.96,71.36,307.33,315.75,100.29,70.39,306.71,316.04,1.0
2018-08-18 11:37:00,89.55437,36.75597,998.698,272.86,90.0,73.5,3.12,-5.35,-28.22,101.31,71.15,307.34,315.85,101.05,70.38,306.73,315.98,1.0
2018-08-18 11:37:00,89.55437,36.756,998.709,272.86,90.0,73.5,2.31,-5.25,-27.05,100.78,70.88,307.25,315.65,102.02,70.42,306.78,315.84,1.0
2018-08-18 11:37:00,89.55437,36.75602,998.709,272.87,90.0,73.4,0.96,-4.78,-26.12,101.31,71.01,307.23,315.55,103.09,70.51,306.82,315.7,1.0
2018-08-18 11:37:00,89.55437,36.75605,998.768,272.86,90.0,73.0,2.0,-4.78,-25.66,100.06,71.22,306.96,315.56,104.18,70.65,306.77,315.6,1.0
2018-08-18 11:37:00,89.55437,36.75608,998.809,272.86,90.0,72.6,2.66,-4.52,-25.38,103.01,71.22,306.54,315.36,105.16,70.83,306.7,315.49,1.0
2018-08-18 11:37:00,89.55437,36.75611,998.802,272.86,90.0,72.7,3.75,-4.37,-24.7,101.77,71.01,306.5,315.08,105.93,71.02,306.6,315.39,1.0
2018-08-18 11:37:00,89.55437,36.75614,998.774,272.86,90.0,72.9,5.47,-4.3,-23.76,101.57,71.01,306.68,314.48,106.4,71.21,306.49,315.32,1.0
2018-08-18 11:37:00,89.55437,36.75616,998.794,272.86,90.0,72.8,7.39,-4.05,-23.04,102.49,71.08,307.42,315.06,106.53,71.37,306.39,315.29,1.0
2018-08-18 11:37:00,89.55437,36.75619,998.83,272.87,90.0,72.5,8.18,-3.88,-22.66,102.16,71.22,307.68,315.87,106.3,71.5,306.34,315.32,1.0
2018-08-18 11:37:00,89.55437,36.75611,998.857,272.87,90.0,72.3,7.49,-3.88,-22.71,101.77,71.08,307.88,316.16,105.75,71.56,306.32,315.4,1.0
2018-08-18 11:37:00,89.55437,36.75593,998.898,272.87,90.0,71.9,5.52,-4.04,-23.62,103.14,71.22,307.38,315.86,104.95,71.57,306.41,315.52,1.0
2018-08-18 11:37:00,89.55437,36.75574,998.909,272.87,90.0,71.9,3.35,-4.27,-24.52,102.55,71.15,307.15,316.16,104.0,71.51,306.55,315.73,1.0
2018-08-18 11:37:00,89.55437,36.75556,998.877,272.87,90.0,72.1,2.08,-4.54,-24.73,102.94,71.22,307.25,315.68,103.0,71.41,306.65,315.93,1.0
2018-08-18 11:37:00,89.55437,36.75537,998.942,272.87,90.0,71.6,2.24,-5.01,-24.37,101.83,71.29,307.16,315.86,102.06,71.28,306.62,315.94,1.0
2018-08-18 11:37:00,89.55437,36.75519,998.978,272.88,90.0,71.3,3.73,-4.69,-24.35,102.55,71.08,307.25,315.96,101.28,71.15,306.66,315.88,1.0
2018-08-18 11:37:00,89.55437,36.755,998.978,272.88,90.0,71.3,4.88,-4.85,-24.67,101.24,71.29,307.17,315.68,100.73,71.02,306.67,315.86,1.0
2018-08-18 11:37:00,89.55436,36.75482,998.988,272.88,90.0,71.2,4.44,-4.94,-24.94,103.08,71.22,307.18,315.98,100.42,70.93,306.67,315.76,1.0
2018-08-18 11:37:00,89.55436,36.75463,999.022,272.88,90.0,71.0,2.33,-4.96,-25.23,102.75,71.29,306.79,315.26,100.35,70.87,306.62,315.59,1.0
2018-08-18 11:37:00,89.55436,36.75445,999.045,272.88,90.0,70.8,-0.72,-5.23,-25.81,102.16,70.88,305.57,313.89,100.48,70.86,306.53,315.44,1.0
2018-08-18 11:37:00,89.55436,36.75426,999.047,272.88,90.0,70.7,-1.12,-5.28,-27.05,101.77,71.15,306.77,314.3,100.73,70.88,306.39,315.27,1.0
2018-08-18 11:37:00,89.55436,36.75408,999.076,272.88,90.0,70.5,-0.12,-5.34,-27.44,101.9,71.15,306.8,315.56,101.04,70.93,306.24,315.11,1.0
2018-08-18 11:37:00,89.55436,36.75389,999.094,272.88,90.0,70.4,-0.14,-5.62,-26.99,101.9,71.22,306.98,315.27,101.31,70.99,306.08,314.97,1.0
2018-08-18 11:37:00,89.55436,36.75372,999.102,272.89,90.0,70.3,-0.65,-5.67,-26.56,101.57,71.01,306.89,315.44,101.51,71.04,305.9,314.88,1.0
2018-08-18 11:37:00,89.55436,36.75355,999.131,272.89,90.0,70.1,-0.64,-5.42,-26.6,101.11,71.01,307.08,315.78,101.59,71.08,305.76,314.89,1.0
2018-08-18 11:37:00,89.55436,36.75338,999.164,272.89,90.0,69.8,0.84,-5.88,-26.59,102.22,71.22,306.89,315.89,101.54,71.09,305.79,315.09,1.0
2018-08-18 11:37:00,89.55436,36.75321,999.139,272.89,90.0,70.0,1.52,-5.47,-25.92,102.16,71.08,306.89,315.79,101.4,71.07,305.77,315.3,1.0
2018-08-18 11:37:00,89.55436,36.75305,999.162,272.89,90.0,69.8,1.48,-5.39,-25.25,103.14,71.22,307.18,315.88,101.21,71.03,305.86,315.34,1.0
2018-08-18 11:37:00,89.55436,36.75288,999.188,272.89,90.0,69.6,2.59,-5.27,-24.75,102.42,71.08,306.47,316.08,101.02,70.97,306.05,315.46,1.0
2018-08-18 11:37:00,89.55436,36.75271,999.187,272.89,90.0,69.6,4.51,-5.1,-24.43,102.42,71.22,305.93,315.7,100.89,70.91,306.26,315.64,1.0
2018-08-18 11:37:00,89.55436,36.75255,999.216,272.88,90.0,69.4,5.05,-5.18,-24.17,101.57,71.15,306.11,315.79,100.88,70.87,306.38,315.69,1.0
2018-08-18 11:37:00,89.55436,36.75238,999.191,272.89,90.0,69.6,4.78,-5.47,-24.06,102.09,71.22,306.39,315.79,101.0,70.86,306.51,315.77,1.0
2018-08-18 11:37:00,89.55436,36.75221,999.21,272.89,90.0,69.4,2.84,-5.48,-24.28,100.33,71.15,306.7,314.64,101.27,70.88,306.6,315.71,1.0
2018-08-18 11:37:00,89.55436,36.75205,999.24,272.89,90.0,69.2,0.58,-5.35,-24.42,101.37,70.88,307.26,314.8,101.68,70.93,306.64,315.58,1.0
2018-08-18 11:37:00,89.55436,36.75188,999.251,272.89,90.0,69.1,-0.29,-5.24,-24.29,102.49,71.15,306.98,315.31,102.17,71.01,306.67,315.47,1.0
2018-08-18 11:37:00,89.55436,36.75173,999.24,272.89,90.0,69.2,1.15,-5.22,-23.86,101.9,70.94,306.48,315.26,102.71,71.12,306.71,315.38,1.0
2018-08-18 11:37:00,89.55435,36.75164,999.262,272.9,90.0,69.0,2.58,-4.99,-23.59,102.03,70.94,306.8,315.6,103.22,71.24,306.7,315.24,1.0
2018-08-18 11:37:00,89.55435,36.75155,999.299,272.89,90.0,68.7,4.18,-4.6,-23.25,101.24,71.01,306.66,314.4,103.65,71.36,306.68,315.16,1.0
2018-08-18 11:37:00,89.55435,36.75146,999.361,272.89,90.0,68.2,3.18,-4.65,-23.74,101.24,71.15,306.73,314.3,103.95,71.47,306.61,315.21,1.0
2018-08-18 11:37:00,89.55435,36.75137,999.4,272.89,90.0,67.9,0.91,-4.52,-24.52,102.81,71.22,306.9,315.15,104.1,71.56,306.52,315.26,1.0
2018-08-18 11:37:00,89.55435,36.75128,999.384,272.89,90.0,68.1,-1.65,-4.22,-25.4,102.94,71.22,306.82,315.54,104.08,71.62,306.47,315.29,1.0
2018-08-18 11:37:00,89.55435,36.75119,999.382,272.9,90.0,68.1,-4.66,-4.59,-26.78,102.42,71.29,307.0,315.33,103.9,71.66,306.54,315.39,1.0
2018-08-18 11:37:00,89.55435,36.7511,999.41,272.9,90.0,67.8,-5.06,-4.71,-26.98,102.36,71.15,306.91,315.82,103.57,71.68,306.61,315.45,1.0
2018-08-18 11:37:00,89.55435,36.75101,999.44,272.9,90.0,67.6,-5.35,-4.48,-27.36,102.62,71.15,306.91,316.0,103.14,71.67,306.69,315.64,1.0
2018-08-18 11:37:00,89.55435,36.75092,999.456,272.9,90.0,67.5,-6.03,-4.38,-27.89,101.57,71.08,306.91,316.01,102.65,71.65,306.78,315.77,1.0
2018-08-18 11:37:00,89.55435,36.75083,999.455,272.9,90.0,67.5,-6.51,-4.45,-28.36,102.55,71.15,306.91,316.11,102.15,71.62,306.86,315.83,1.0
2018-08-18 11:37:00,89.55435,36.75074,999.45,272.9,90.0,67.5,-5.92,-4.52,-28.5,101.83,71.15,307.0,315.92,101.68,71.57,306.92,315.88,1.0
2018-08-18 11:37:00,89.55434,36.75065,999.481,272.9,90.0,67.3,-5.16,-4.85,-28.27,101.64,71.43,307.0,315.81,101.28,71.52,306.94,315.96,1.0
2018-08-18 11:37:00,89.55434,36.75056,999.528,272.9,90.0,66.9,-2.96,-4.71,-31.15,102.55,71.22,306.72,316.1,100.99,71.45,306.93,315.95,1.0
2018-08-18 11:37:00,89.55434,36.75047,999.556,272.9,90.0,66.7,-0.37,-4.8,-32.08,102.22,71.22,306.81,315.13,100.84,71.37,306.88,315.91,1.0
2018-08-18 11:37:00,89.55434,36.75032,999.566,272.9,90.0,66.6,1.99,-4.69,-31.83,101.44,70.94,306.72,314.91,100.82,71.28,306.81,315.84,1.0
2018-08-18 11:37:00,89.55434,36.75013,999.568,272.9,90.0,66.6,3.36,-4.27,-31.73,103.8,71.36,307.0,315.91,100.95,71.18,306.72,315.77,1.0
2018-08-18 11:37:00,89.55434,36.74994,999.588,272.91,90.0,66.4,3.14,-4.61,-32.01,101.31,71.36,306.63,315.91,101.21,71.07,306.62,315.69,1.0
2018-08-18 11:37:00,89.55434,36.74975,999.626,272.91,90.0,66.1,1.04,-4.4,-32.0,102.03,71.22,306.82,315.92,101.57,70.97,306.42,315.62,1.0
2018-08-18 11:37:00,89.55434,36.74956,999.619,272.91,90.0,66.2,-0.69,-4.56,-31.82,101.83,71.22,306.91,315.72,101.99,70.87,306.22,315.51,1.0
2018-08-18 11:37:00,89.55434,36.74936,999.634,272.91,90.0,66.1,-0.18,-4.45,-31.53,102.29,71.36,307.01,315.81,102.41,70.79,306.1,315.51,1.0
2018-08-18 11:37:00,89.55434,36.74917,999.696,272.91,90.0,65.6,2.26,-3.97,-31.16,101.44,71.15,307.02,316.0,102.79,70.73,306.02,315.58,1.0
2018-08-18 11:37:00,89.55434,36.74898,999.732,272.91,90.0,65.3,4.69,-3.54,-30.66,102.22,71.22,306.69,315.72,103.07,70.69,305.9,315.59,1.0
2018-08-18 11:37:00,89.55434,36.74879,999.725,272.91,90.0,65.3,4.48,-3.37,-30.34,102.22,71.15,305.45,315.85,103.21,70.68,305.79,315.63,1.0
2018-08-18 11:37:00,89.55433,36.7486,999.725,272.92,90.0,65.3,3.44,-3.67,-30.43,101.44,71.01,305.32,315.32,103.18,70.68,305.69,315.68,1.0
2018-08-18 11:37:00,89.55433,36.74843,999.75,272.92,90.0,65.1,2.0,-3.76,-30.57,101.5,70.88,306.07,315.33,102.98,70.7,305.66,315.74,1.0
2018-08-18 11:37:00,89.55433,36.74826,999.776,272.91,90.0,64.9,1.02,-3.62,-30.58,103.53,71.15,306.07,315.62,102.62,70.72,305.65,315.81,1.0
2018-08-18 11:37:00,89.55433,36.7481,999.76,272.91,90.0,65.1,1.39,-3.49,-30.37,101.37,71.15,305.76,316.11,102.15,70.74,305.65,315.86,1.0
2018-08-18 11:37:00,89.55433,36.74794,999.801,272.92,90.0,64.7,3.5,-3.3,-29.61,102.81,71.22,305.89,315.73,101.64,70.76,305.67,315.91,1.0
2018-08-18 11:37:00,89.55433,36.74778,999.836,272.91,90.0,64.4,5.12,-3.41,-29.17,103.53,71.15,305.95,315.93,101.14,70.77,305.79,315.95,1.0
2018-08-18 11:37:00,89.55433,36.74761,999.852,272.92,90.0,64.3,5.25,-3.28,-28.67,101.7,71.15,306.51,315.73,100.74,70.77,305.93,315.94,1.0
2018-08-18 11:37:00,89.55433,36.74745,999.884,272.92,90.0,64.1,4.98,-3.21,-28.21,102.16,71.01,306.66,315.73,100.48,70.76,306.02,315.85,1.0
2018-08-18 11:37:00,89.55433,36.74729,999.939,272.92,90.0,63.6,5.06,-3.34,-27.87,102.03,71.22,306.75,315.92,100.42,70.76,306.09,315.72,1.0
2018-08-18 11:37:00,89.55434,36.74713,999.89,272.92,90.0,64.0,5.26,-3.52,-27.56,101.57,71.01,306.46,316.11,100.56,70.76,306.19,315.61,1.0
2018-08-18 11:37:00,89.55434,36.74696,999.927,272.92,90.0,63.7,6.69,-3.6,-27.77,101.96,70.94,306.83,315.73,100.89,70.77,306.29,315.58,1.0
2018-08-18 11:37:00,89.55434,36.7468,999.948,272.92,90.0,63.6,5.36,-3.81,-27.8,101.7,71.15,306.36,315.03,101.36,70.79,306.36,315.57,1.0
2018-08-18 11:37:00,89.55434,36.74664,999.955,272.92,90.0,63.5,3.55,-3.61,-27.94,100.65,71.01,306.88,314.55,101.92,70.83,306.37,315.55,1.0
2018-08-18 11:37:00,89.55434,36.74652,999.959,272.92,90.0,63.5,2.14,-3.29,-28.2,101.96,70.81,306.86,314.6,102.5,70.87,306.34,315.55,1.0
2018-08-18 11:37:00,89.55434,36.74643,999.964,272.92,90.0,63.4,1.28,-3.5,-28.35,101.57,71.01,306.66,315.17,103.02,70.92,306.31,315.56,1.0
2018-08-18 11:37:00,89.55433,36.74635,999.958,272.92,90.0,63.5,3.66,-2.96,-27.82,102.75,71.22,306.66,315.89,103.44,70.96,306.28,315.58,1.0
2018-08-18 11:37:00,89.55433,36.74626,999.97,272.92,90.0,63.4,5.14,-3.58,-26.67,101.83,71.08,306.48,315.95,103.71,71.0,306.26,315.6,1.0
2018-08-18 11:37:00,89.55433,36.74618,999.988,272.92,90.0,63.2,5.5,-3.64,-25.52,102.75,70.94,306.66,315.96,103.84,71.03,306.26,315.71,1.0
2018-08-18 11:37:00,89.55433,36.7461,999.988,272.92,90.0,63.2,5.18,-3.49,-24.83,102.81,71.01,306.66,316.05,103.84,71.05,306.27,315.86,1.0
2018-08-18 11:37:00,89.55433,36.74602,999.964,272.92,90.0,63.4,4.59,-3.58,-24.77,102.22,71.01,306.75,315.94,103.74,71.05,306.29,316.0,1.0
2018-08-18 11:37:00,89.55433,36.74593,1000.035,272.92,90.0,62.9,3.66,-3.66,-24.98,102.36,71.22,306.47,316.06,103.58,71.06,306.35,316.1,1.0
2018-08-18 11:37:00,89.55433,36.74585,1000.104,272.93,90.0,62.3,3.29,-3.59,-24.7,102.36,71.01,306.65,315.74,103.42,71.06,306.41,316.1,1.0
2018-08-18 11:37:00,89.55433,36.74577,1000.128,272.93,90.0,62.1,4.55,-3.69,-24.08,101.5,71.01,306.67,315.94,103.27,71.06,306.41,316.1,1.0
2018-08-18 11:37:00,89.55433,36.74568,1000.126,272.93,90.0,62.1,6.34,-3.76,-23.38,102.29,71.01,306.76,316.14,103.17,71.07,306.43,316.08,1.0
2018-08-18 11:37:00,89.55433,36.7456,1000.119,272.93,90.0,62.2,7.33,-3.73,-22.72,101.37,71.08,306.66,315.76,103.1,71.08,306.47,316.05,1.0
2018-08-18 11:37:00,89.55433,36.74551,1000.122,272.93,90.0,62.2,6.77,-3.75,-22.06,102.36,71.08,306.66,316.03,103.06,71.08,306.48,316.02,1.0
2018-08-18 11:37:00,89.55433,36.74543,1000.112,272.93,90.0,62.2,8.1,-4.27,-21.86,102.42,70.81,306.55,315.94,103.0,71.08,306.48,315.99,1.0
2018-08-18 11:37:00,89.55433,36.74534,1000.115,272.93,90.0,62.2,7.71,-4.25,-21.54,102.42,71.01,305.67,315.88,102.92,71.06,306.45,315.98,1.0
2018-08-18 11:37:00,89.55433,36.74526,1000.131,272.93,90.0,62.1,6.55,-4.37,-21.44,103.34,71.15,305.94,315.84,102.77,71.03,306.41,315.97,1.0
2018-08-18 11:37:00,89.55433,36.74517,1000.154,272.93,90.1,61.9,5.47,-4.39,-21.64,102.94,71.15,306.48,316.05,102.57,70.99,306.37,315.97,1.0
2018-08-18 11:37:00,89.55433,36.74509,1000.174,272.93,90.1,61.7,4.89,-4.08,-22.05,102.22,70.94,306.57,315.95,102.3,70.93,306.31,315.98,1.0
2018-08-18 11:37:00,89.55432,36.745,1000.212,272.93,90.1,61.4,4.39,-4.11,-22.48,102.62,71.01,306.48,315.95,102.0,70.87,306.21,316.0,1.0
2018-08-18 11:37:00,89.55432,36.74492,1000.192,272.94,90.1,61.6,2.6,-3.95,-22.43,102.03,71.08,306.76,316.05,101.72,70.82,306.22,316.05,1.0
2018-08-18 11:37:00,89.55432,36.74483,1000.228,272.94,90.1,61.3,2.11,-3.86,-22.61,102.42,71.22,306.67,316.04,101.48,70.78,306.31,316.06,1.0
2018-08-18 11:37:00,89.55432,36.74474,1000.298,272.94,90.1,60.8,2.96,-3.87,-22.95,102.09,71.01,306.77,316.04,101.34,70.77,306.39,316.05,1.0
2018-08-18 11:37:00,89.55432,36.74466,1000.349,272.94,90.1,60.3,4.83,-3.97,-23.34,101.44,71.08,306.25,315.95,101.32,70.8,306.42,316.04,1.0
2018-08-18 11:37:00,89.55432,36.74458,1000.305,272.95,90.1,60.7,7.28,-4.1,-23.75,102.29,70.94,305.72,315.98,101.43,70.85,306.45,316.02,1.0
2018-08-18 11:37:00,89.55432,36.7445,1000.356,272.94,90.1,60.3,6.4,-3.59,-24.73,102.75,70.67,306.7,316.38,101.65,70.94,306.46,315.99,1.0
2018-08-18 11:37:00,89.55432,36.74442,1000.376,272.94,90.1,60.1,5.45,-3.28,-25.48,102.03,71.15,306.57,316.07,101.94,71.03,306.45,315.95,1.0
2018-08-18 11:37:00,89.55432,36.74435,1000.374,272.94,90.1,60.1,5.31,-3.15,-26.17,102.36,70.74,306.5,316.05,102.27,71.12,306.42,315.9,1.0
2018-08-18 11:37:00,89.55432,36.74428,1000.369,272.95,90.1,60.2,5.82,-3.28,-26.81,101.83,71.15,306.69,315.87,102.57,71.2,306.36,315.86,1.0
2018-08-18 11:37:00,89.55432,36.7442,1000.376,272.94,90.1,60.1,6.46,-3.65,-27.3,102.42,70.94,306.51,316.06,102.79,71.23,306.31,315.81,1.0
2018-08-18 11:37:00,89.55432,36.74413,1000.431,272.95,90.1,59.7,7.4,-3.37,-27.08,103.01,71.08,306.79,316.07,102.9,71.21,306.32,315.69,1.0
2018-08-18 11:37:00,89.55432,36.74406,1000.441,272.95,90.1,59.6,9.43,-3.55,-26.59,102.62,71.22,306.4,316.07,102.88,71.15,306.24,315.56,1.0
2018-08-18 11:37:00,89.55432,36.74398,1000.445,272.95,90.1,59.6,11.25,-3.5,-25.8,101.64,71.08,306.68,315.96,102.74,71.03,306.18,315.48,1.0
2018-08-18 11:37:00,89.55432,36.74391,1000.472,272.95,90.1,59.4,12.24,-3.49,-24.83,101.44,71.01,306.68,315.96,102.5,70.88,306.15,315.44,1.0
2018-08-18 11:37:00,89.55432,36.74384,1000.521,272.95,90.1,59.0,12.11,-3.68,-23.89,103.01,70.94,306.69,315.75,102.2,70.71,306.13,315.41,1.0
2018-08-18 11:37:00,89.55432,36.74377,1000.489,272.96,90.1,59.2,10.87,-3.77,-23.4,102.03,71.15,306.51,314.93,101.9,70.54,306.09,315.35,1.0
2018-08-18 11:37:00,89.55431,36.74369,1000.512,272.95,90.1,59.1,10.25,-3.64,-22.91,103.14,71.01,306.68,314.88,101.63,70.41,306.13,315.33,1.0
2018-08-18 11:37:00,89.55431,36.74362,1000.524,272.95,90.1,59.0,10.4,-3.65,-22.51,101.44,71.01,306.49,315.12,101.44,70.32,306.17,315.32,1.0
2018-08-18 11:37:00,89.55431,36.74355,1000.549,272.95,90.1,58.8,10.94,-3.37,-22.03,103.14,70.81,306.45,315.78,101.35,70.29,306.2,315.31,1.0
2018-08-18 11:37:00,89.55431,36.74347,1000.589,272.96,90.1,58.4,11.38,-3.04,-21.44,102.22,71.08,306.58,315.3,101.36,70.32,306.22,315.29,1.0
2018-08-18 11:37:00,89.55431,36.7434,1000.584,272.95,90.1,58.5,11.26,-3.35,-20.83,101.44,70.88,305.83,315.39,101.45,70.41,306.22,315.3,1.0
2018-08-18 11:37:00,89.55431,36.74328,1000.613,272.96,90.1,58.2,11.1,-2.96,-20.72,102.62,70.74,306.47,315.57,101.61,70.55,306.2,315.4,1.0
2018-08-18 11:37:00,89.55431,36.74311,1000.592,272.95,90.1,58.4,9.25,-3.05,-20.88,102.36,70.74,306.08,315.77,101.81,70.7,306.17,315.5,1.0
2018-08-18 11:37:00,89.55431,36.74294,1000.578,272.95,90.1,58.5,7.41,-2.79,-21.21,101.5,70.88,306.51,315.88,102.01,70.86,306.12,315.59,1.0
2018-08-18 11:37:00,89.55431,36.74277,1000.581,272.96,90.1,58.5,5.69,-2.61,-21.71,101.96,71.01,306.51,315.98,102.2,71.0,306.07,315.62,1.0
2018-08-18 11:37:00,89.55431,36.7426,1000.562,272.96,90.1,58.6,3.98,-2.91,-22.38,102.22,70.94,306.5,315.99,102.37,71.1,306.04,315.62,1.0
2018-08-18 11:37:00,89.55431,36.74244,1000.572,272.96,90.1,58.6,4.49,-2.05,-22.95,101.96,70.94,306.41,315.98,102.5,71.16,306.06,315.73,1.0
2018-08-18 11:37:00,89.5543,36.74227,1000.603,272.96,90.1,58.3,5.21,-2.75,-23.4,102.42,71.01,306.5,315.98,102.62,71.16,306.05,315.8,1.0
2018-08-18 11:37:00,89.5543,36.7421,1000.645,272.96,90.1,58.0,5.92,-2.7,-23.92,102.81,70.94,306.5,315.69,102.72,71.11,306.05,315.86,1.0
2018-08-18 11:37:00,89.5543,36.74193,1000.68,272.96,90.1,57.7,6.46,-2.56,-24.44,101.96,71.01,306.14,315.28,102.82,71.02,306.07,315.91,1.0
2018-08-18 11:37:00,89.5543,36.74178,1000.701,272.96,90.1,57.5,6.79,-2.82,-24.8,101.9,70.74,306.52,314.85,102.92,70.91,306.11,315.96,1.0
2018-08-18 11:37:00,89.5543,36.74167,1000.75,272.96,90.1,57.1,7.03,-2.98,-24.69,102.68,70.94,306.23,315.98,103.0,70.79,306.15,315.97,1.0
2018-08-18 11:37:00,89.5543,36.74154,1000.761,272.97,90.1,57.1,5.05,-2.69,-23.85,102.75,71.22,306.51,315.99,103.07,70.68,306.18,315.97,1.0
2018-08-18 11:37:00,89.5543,36.74142,1000.766,272.97,90.1,57.0,3.62,-3.02,-23.34,101.83,70.94,306.79,316.36,103.09,70.59,306.21,315.95,1.0
2018-08-18 11:37:00,89.5543,36.7413,1000.794,272.97,90.1,56.8,1.57,-3.2,-24.45,101.83,70.74,306.52,315.76,103.05,70.52,306.22,315.93,1.0
2018-08-18 11:37:00,89.5543,36.74118,1000.821,272.96,90.1,56.6,-1.13,-3.3,-26.17,101.96,70.88,306.24,316.02,102.93,70.49,306.21,315.95,1.0
2018-08-18 11:37:00,89.5543,36.74106,1000.77,272.97,90.1,57.0,-3.9,-3.82,-26.69,102.42,70.74,306.23,315.68,102.71,70.49,306.21,316.01,1.0
2018-08-18 11:37:00,89.55429,36.74094,1000.794,272.97,90.1,56.8,-4.19,-4.81,-26.87,102.81,70.94,306.52,316.08,102.41,70.52,306.31,316.03,1.0
2018-08-18 11:37:00,89.55429,36.74082,1000.838,272.97,90.1,56.4,-3.2,-4.78,-27.58,102.55,70.94,306.52,316.29,102.03,70.56,306.3,316.02,1.0
2018-08-18 11:37:00,89.55429,36.7407,1000.882,272.97,90.1,56.1,-1.36,-5.35,-27.43,102.16,70.88,306.32,316.0,101.61,70.62,306.27,316.01,1.0
2018-08-18 11:37:00,89.55429,36.74058,1000.901,272.97,90.1,55.9,0.54,-5.7,-26.91,103.08,70.88,306.41,315.81,101.19,70.68,306.24,316.0,1.0
2018-08-18 11:37:00,89.55429,36.74046,1000.881,272.97,90.1,56.1,1.87,-5.23,-26.59,102.55,70.88,306.63,316.18,100.8,70.73,306.23,315.95,1.0
2018-08-18 11:37:00,89.55429,36.74038,1000.92,272.97,90.1,55.8,2.51,-5.88,-26.09,101.96,70.67,307.8,316.41,100.49,70.77,306.24,315.81,1.0
2018-08-18 11:37:00,89.55429,36.74032,1000.928,272.98,90.1,55.7,1.73,-5.62,-26.04,101.77,71.01,306.47,316.07,100.29,70.79,306.26,315.69,1.0
2018-08-18 11:37:00,89.55429,36.74026,1000.898,272.97,90.1,56.0,0.6,-5.5,-25.74,101.83,70.74,306.42,315.82,100.22,70.8,306.29,315.59,1.0
2018-08-18 11:37:00,89.55429,36.74019,1000.908,272.97,90.1,55.9,-1.38,-5.32,-25.37,102.36,70.94,306.24,316.01,100.3,70.8,306.33,315.51,1.0
2018-08-18 11:37:00,89.55429,36.74013,1000.973,272.98,90.1,55.4,-2.5,-5.08,-24.95,101.9,70.88,306.42,315.67,100.5,70.78,306.37,315.46,1.0
2018-08-18 11:37:00,89.55429,36.74007,1000.964,272.98,90.1,55.4,0.18,-4.99,-24.28,101.5,70.81,306.32,314.33,100.82,70.77,306.37,315.45,1.0
2018-08-18 11:37:00,89.55428,36.74001,1000.996,272.98,90.1,55.2,3.99,-5.25,-23.99,102.62,70.67,306.25,314.25,101.22,70.75,306.28,315.36,1.0
2018-08-18 11:37:00,89.55428,36.73995,1001.007,272.98,90.1,55.1,7.34,-5.45,-23.43,101.37,70.94,306.24,314.39,101.66,70.74,306.26,315.32,1.0
2018-08-18 11:37:00,89.55428,36.73988,1000.987,272.98,90.1,55.3,8.38,-5.66,-22.97,102.16,70.88,306.23,314.93,102.11,70.73,306.1,315.25,1.0
2018-08-18 11:37:00,89.55428,36.73982,1000.975,272.98,90.1,55.4,7.43,-5.94,-22.78,101.83,70.81,306.14,315.11,102.52,70.74,305.92,315.17,1.0
2018-08-18 11:37:00,89.55428,36.73976,1001.022,272.98,90.1,55.0,5.69,-6.19,-22.88,101.57,71.01,306.37,316.06,102.87,70.75,305.86,315.13,1.0
2018-08-18 11:37:00,89.55428,36.7397,1001.008,272.98,90.1,55.1,3.55,-5.81,-23.48,102.42,70.74,306.54,315.59,103.12,70.76,305.79,315.19,1.0
2018-08-18 11:37:00,89.55428,36.73963,1001.034,272.98,90.1,54.9,1.19,-5.79,-24.32,102.55,70.94,306.29,316.02,103.26,70.77,305.71,315.24,1.0
2018-08-18 11:37:00,89.55428,36.7395,1001.074,272.98,90.1,54.6,-2.44,-5.94,-24.72,101.64,70.74,304.59,315.6,103.27,70.76,305.62,315.27,1.0
2018-08-18 11:37:00,89.55428,36.73935,1001.095,272.98,90.1,54.4,-4.5,-6.14,-25.12,102.09,70.81,304.87,315.71,103.14,70.74,305.54,315.29,1.0
2018-08-18 11:37:00,89.55428,36.73919,1001.08,272.99,90.1,54.5,-3.08,-6.32,-25.72,102.62,70.6,306.34,316.03,102.89,70.69,305.46,315.29,1.0
2018-08-18 11:37:00,89.55428,36.73904,1001.059,272.99,90.1,54.7,1.59,-6.55,-26.12,101.5,70.94,306.52,315.92,102.52,70.61,305.4,315.26,1.0
2018-08-18 11:37:00,89.55428,36.73888,1001.09,272.98,90.1,54.4,3.79,-6.41,-26.67,102.62,70.81,306.33,316.02,102.07,70.5,305.34,315.31,1.0
2018-08-18 11:37:00,89.55428,36.73872,1001.125,272.99,90.1,54.2,4.82,-6.37,-27.7,102.36,70.88,306.41,315.84,101.58,70.37,305.31,315.38,1.0
2018-08-18 11:37:00,89.55427,36.73857,1001.167,272.99,90.1,53.8,5.74,-6.51,-28.56,102.16,70.81,306.14,316.04,101.08,70.22,305.44,315.52,1.0
2018-08-18 11:37:00,89.55427,36.73841,1001.197,272.99,90.1,53.6,5.66,-6.66,-28.94,102.16,70.74,306.24,315.84,100.62,70.08,305.58,315.67,1.0
2018-08-18 11:37:00,89.55427,36.73826,1001.166,272.99,90.1,53.8,3.02,-6.52,-28.74,101.83,70.94,306.24,316.15,100.26,69.94,305.63,315.71,1.0
2018-08-18 11:37:00,89.55427,36.7381,1001.239,272.99,90.1,53.2,0.77,-6.06,-27.9,102.03,70.81,306.36,316.17,100.03,69.84,305.75,315.77,1.0
2018-08-18 11:37:00,89.55427,36.73795,1001.224,272.99,90.1,53.4,-1.54,-6.02,-30.63,102.36,70.81,306.44,316.15,99.96,69.78,305.85,315.79,1.0
2018-08-18 11:37:00,89.55427,36.73779,1001.23,272.99,90.1,53.3,-3.26,-6.64,-34.14,102.03,70.74,305.98,316.87,100.07,69.77,305.94,315.84,1.0
2018-08-18 11:37:00,89.55427,36.7376,1001.273,273.0,90.1,53.0,-3.41,-7.07,-35.74,101.64,70.39,306.02,316.23,100.35,69.82,306.01,315.88,1.0
2018-08-18 11:37:00,89.55427,36.7374,1001.306,272.99,90.1,52.7,-1.17,-6.66,-33.87,101.57,70.53,305.91,315.19,100.77,69.94,306.02,315.85,1.0
2018-08-18 11:37:00,89.55426,36.73721,1001.302,273.0,90.1,52.7,1.86,-7.07,-32.5,101.24,70.46,306.72,315.17,101.29,70.11,305.95,315.74,1.0
2018-08-18 11:37:00,89.55426,36.73702,1001.335,273.0,90.1,52.5,2.66,-6.65,-31.86,101.37,70.46,306.36,315.07,101.84,70.31,305.95,315.68,1.0
2018-08-18 11:37:00,89.55426,36.73682,1001.32,273.0,90.1,52.6,3.07,-6.62,-31.99,102.22,70.53,306.52,315.67,102.37,70.54,305.95,315.6,1.0
2018-08-18 11:37:00,89.55426,36.73663,1001.312,273.0,90.1,52.7,3.09,-6.61,-32.36,101.57,70.88,305.98,315.91,102.81,70.77,306.01,315.52,1.0
2018-08-18 11:37:00,89.55426,36.73644,1001.349,273.0,90.1,52.4,2.68,-6.46,-33.11,102.03,70.74,305.69,315.61,103.12,70.98,306.08,315.49,1.0
2018-08-18 11:37:00,89.55426,36.73624,1001.364,273.0,90.1,52.2,1.94,-6.3,-34.85,101.7,70.53,304.85,314.99,103.27,71.15,306.07,315.55,1.0
2018-08-18 11:37:00,89.55426,36.73605,1001.415,273.0,90.1,51.8,2.1,-6.69,-35.64,102.29,70.74,305.86,315.74,103.25,71.27,306.0,315.63,1.0
2018-08-18 11:37:00,89.55426,36.73586,1001.421,273.0,90.1,51.8,3.73,-6.44,-36.03,102.81,70.6,305.98,316.05,103.08,71.33,305.98,315.7,1.0
2018-08-18 11:37:00,89.55425,36.73567,1001.431,273.0,90.1,51.7,6.61,-6.25,-36.34,100.78,70.67,306.71,316.34,102.81,71.33,306.0,315.72,1.0
2018-08-18 11:37:00,89.55425,36.73547,1001.461,273.0,90.1,51.5,8.8,-6.25,-36.81,102.94,70.6,306.87,315.81,102.47,71.27,306.06,315.74,1.0
2018-08-18 11:37:00,89.55425,36.73528,1001.479,273.0,90.1,51.3,8.21,-6.3,-37.49,101.83,70.81,306.27,315.75,102.14,71.17,306.18,315.83,1.0
2018-08-18 11:37:00,89.55425,36.73509,1001.481,273.0,90.1,51.3,7.49,-6.06,-37.46,101.77,70.81,306.18,315.96,101.87,71.05,306.37,316.04,1.0
2018-08-18 11:37:00,89.55425,36.7349,1001.467,273.0,90.1,51.4,6.47,-6.28,-37.37,101.96,70.81,306.11,315.2,101.69,70.91,306.47,316.15,1.0
2018-08-18 11:37:00,89.55425,36.7347,1001.472,273.0,90.1,51.4,5.66,-6.29,-37.21,102.94,70.74,306.18,314.74,101.63,70.78,306.55,316.21,1.0
2018-08-18 11:37:00,89.55425,36.73453,1001.498,273.0,90.1,51.2,4.83,-6.45,-37.07,101.37,70.67,306.31,314.85,101.71,70.67,306.56,316.21,1.0
2018-08-18 11:37:00,89.55424,36.73436,1001.523,273.01,90.1,51.0,3.51,-6.87,-36.78,101.7,70.81,306.27,315.03,101.9,70.6,306.52,316.16,1.0
2018-08-18 11:37:00,89.55424,36.73418,1001.495,273.01,90.1,51.2,1.28,-7.01,-35.65,102.22,70.67,306.36,316.16,102.16,70.56,306.51,316.09,1.0
2018-08-18 11:37:00,89.55424,36.73401,1001.543,273.01,90.1,50.8,2.12,-7.34,-34.54,101.5,70.74,306.26,315.97,102.47,70.55,306.52,316.01,1.0
2018-08-18 11:37:00,89.55424,36.73384,1001.583,273.01,90.1,50.5,4.26,-7.46,-33.52,101.37,70.74,306.18,316.16,102.77,70.57,306.45,315.96,1.0
2018-08-18 11:37:00,89.55424,36.73366,1001.593,273.01,90.1,50.4,6.2,-7.78,-32.91,102.68,70.81,306.28,315.87,103.02,70.6,306.36,315.93,1.0
2018-08-18 11:37:00,89.55424,36.73349,1001.575,273.01,90.1,50.6,6.76,-8.04,-32.78,102.16,70.53,306.27,315.87,103.2,70.63,306.26,315.9,1.0
2018-08-18 11:37:00,89.55424,36.73332,1001.564,273.01,90.1,50.7,5.43,-7.65,-32.99,102.22,70.81,306.17,316.1,103.28,70.64,306.13,315.87,1.0
2018-08-18 11:37:00,89.55424,36.73314,1001.626,273.01,90.1,50.2,6.83,-7.6,-33.1,102.09,70.53,306.97,316.29,103.26,70.62,306.02,315.8,1.0
2018-08-18 11:37:00,89.55424,36.73305,1001.628,273.01,90.1,50.1,9.12,-7.2,-32.55,101.7,70.74,306.29,315.96,103.16,70.58,305.94,315.77,1.0
2018-08-18 11:37:00,89.55424,36.73298,1001.647,273.01,90.1,50.0,11.23,-7.14,-32.06,102.75,70.74,306.52,316.14,103.0,70.5,305.9,315.78,1.0
2018-08-18 11:37:00,89.55424,36.7329,1001.662,273.01,90.1,49.9,12.46,-7.14,-31.56,102.36,70.6,306.57,315.96,102.79,70.39,305.9,315.77,1.0
2018-08-18 11:37:00,89.55424,36.73282,1001.623,273.01,90.1,50.2,12.67,-6.92,-31.02,101.64,70.81,305.99,316.27,102.55,70.27,305.92,315.75,1.0
2018-08-18 11:37:00,89.55424,36.73274,1001.691,273.01,90.1,49.6,12.86,-7.02,-31.11,103.08,70.67,306.26,315.87,102.31,70.15,305.9,315.82,1.0
2018-08-18 11:37:00,89.55424,36.73266,1001.736,273.02,90.1,49.3,11.21,-7.02,-31.4,102.36,70.94,306.17,316.16,102.08,70.05,305.91,315.86,1.0
2018-08-18 11:37:00,89.55424,36.73259,1001.764,273.02,90.1,49.1,9.1,-6.87,-31.68,101.77,70.53,306.19,316.07,101.85,69.99,305.99,315.95,1.0
2018-08-18 11:37:00,89.55424,36.73251,1001.767,273.02,90.1,49.0,7.26,-6.93,-32.3,101.57,70.81,306.03,315.56,101.62,69.96,306.02,316.0,1.0
2018-08-18 11:37:00,89.55424,36.73243,1001.752,273.02,90.1,49.2,6.09,-7.23,-33.12,102.16,70.46,305.91,314.96,101.39,69.98,306.02,316.0,1.0
2018-08-18 11:37:00,89.55424,36.73235,1001.751,273.02,90.2,49.2,5.83,-7.41,-33.39,102.62,70.39,305.49,315.56,101.16,70.04,306.02,315.97,1.0
2018-08-18 11:37:00,89.55424,36.73228,1001.794,273.02,90.2,48.8,7.16,-7.23,-33.54,102.36,70.53,306.09,315.88,100.92,70.14,306.02,315.92,1.0
2018-08-18 11:37:00,89.55424,36.73221,1001.816,273.02,90.2,48.6,8.08,-7.03,-33.15,101.64,70.53,306.42,316.08,100.69,70.26,306.0,315.85,1.0
2018-08-18 11:37:00,89.55424,36.73217,1001.839,273.02,90.2,48.5,8.65,-7.06,-32.63,102.03,70.39,306.05,316.17,100.48,70.39,305.99,315.77,1.0
2018-08-18 11:37:00,89.55424,36.73213,1001.872,273.03,90.2,48.2,9.33,-7.36,-32.07,102.36,70.53,306.11,315.79,100.31,70.51,305.98,315.74,1.0
2018-08-18 11:37:00,89.55424,36.73209,1001.884,273.03,90.2,48.1,10.42,-7.82,-31.47,101.96,70.81,306.11,315.89,100.21,70.61,306.01,315.77,1.0
2018-08-18 11:37:00,89.55424,36.73205,1001.873,273.03,90.2,48.2,11.1,-8.14,-31.12,102.22,70.6,306.1,315.79,100.19,70.69,306.11,315.74,1.0
2018-08-18 11:37:00,89.55424,36.73201,1001.909,273.03,90.2,47.9,9.14,-8.5,-30.9,102.03,70.53,306.1,316.37,100.26,70.73,306.16,315.74,1.0
2018-08-18 11:37:00,89.55424,36.73197,1001.922,273.03,90.2,47.8,6.12,-8.89,-30.71,101.57,70.53,306.39,315.89,100.43,70.73,306.21,315.72,1.0
2018-08-18 11:37:00,89.55424,36.73192,1001.92,273.03,90.2,47.8,3.92,-8.94,-30.34,101.5,70.6,306.12,315.99,100.68,70.71,306.27,315.71,1.0
2018-08-18 11:37:00,89.55424,36.73188,1001.933,273.03,90.2,47.7,3.45,-8.69,-29.73,101.7,70.6,306.03,316.0,100.98,70.67,306.36,315.69,1.0
2018-08-18 11:37:00,89.55424,36.73184,1001.916,273.03,90.2,47.8,3.16,-9.05,-29.13,101.24,70.67,306.21,315.9,101.3,70.62,306.41,315.65,1.0
2018-08-18 11:37:00,89.55424,36.7318,1001.968,273.03,90.2,47.4,2.31,-8.63,-28.62,100.92,70.6,306.03,316.09,101.58,70.57,306.44,315.62,1.0
2018-08-18 11:37:00,89.55424,36.73176,1002.026,273.03,90.2,47.0,2.56,-8.71,-28.05,101.96,70.6,306.31,316.1,101.8,70.51,306.44,315.63,1.0
2018-08-18 11:37:00,89.55424,36.73172,1002.059,273.03,90.2,46.7,4.53,-8.68,-27.73,101.83,70.6,306.05,315.74,101.91,70.45,306.41,315.64,1.0
2018-08-18 11:37:00,89.55424,36.73169,1002.057,273.03,90.2,46.7,6.92,-8.37,-27.78,102.75,70.39,306.25,314.94,101.89,70.4,306.35,315.63,1.0
2018-08-18 11:37:00,89.55424,36.73165,1002.054,273.03,90.2,46.7,6.76,-8.19,-28.08,102.68,70.6,306.21,314.78,101.74,70.34,306.29,315.6,1.0
2018-08-18 11:37:00,89.55424,36.73162,1002.079,273.03,90.2,46.5,3.98,-7.97,-28.14,101.64,70.53,306.03,315.19,101.48,70.28,306.22,315.56,1.0
2018-08-18 11:37:00,89.55424,36.73159,1002.149,273.03,90.2,46.0,1.62,-8.0,-28.82,101.24,70.6,306.31,315.87,101.14,70.21,306.16,315.51,1.0
2018-08-18 11:37:00,89.55424,36.73155,1002.157,273.03,90.2,45.9,1.5,-7.92,-29.49,101.77,70.53,306.03,315.92,100.78,70.14,306.1,315.43,1.0
2018-08-18 11:37:00,89.55424,36.73152,1002.119,273.04,90.2,46.2,3.38,-7.68,-29.98,101.18,70.53,306.12,315.53,100.45,70.08,306.06,315.36,1.0
2018-08-18 11:37:00,89.55424,36.73148,1002.128,273.03,90.2,46.2,6.11,-7.42,-30.21,101.11,70.6,306.31,315.91,100.2,70.02,306.08,315.37,1.0
2018-08-18 11:37:00,89.55424,36.73145,1002.143,273.04,90.2,46.0,8.24,-7.63,-30.03,102.03,70.53,306.31,315.92,100.07,69.98,306.08,315.56,1.0
2018-08-18 11:37:00,89.55424,36.73142,1002.198,273.04,90.2,45.6,8.33,-7.24,-30.17,101.96,70.74,306.21,316.11,100.09,69.96,306.1,315.68,1.0
2018-08-18 11:37:00,89.55424,36.73138,1002.216,273.04,90.2,45.5,7.1,-7.07,-30.21,102.03,70.53,306.15,315.73,100.24,69.98,306.12,315.74,1.0
2018-08-18 11:37:00,89.55424,36.73135,1002.205,273.04,90.2,45.5,5.98,-6.99,-30.26,101.44,70.26,305.77,315.02,100.52,70.02,306.12,315.79,1.0
2018-08-18 11:37:00,89.55424,36.73131,1002.195,273.04,90.2,45.6,5.5,-6.89,-30.36,101.18,70.32,306.14,315.26,100.88,70.08,306.1,315.84,1.0
2018-08-18 11:37:00,89.55424,36.73129,1002.241,273.04,90.2,45.3,4.32,-6.74,-30.22,100.65,70.12,305.84,316.35,101.25,70.17,306.07,315.89,1.0
2018-08-18 11:37:00,89.55424,36.73127,1002.288,273.05,90.2,44.9,3.18,-7.36,-29.62,102.03,70.53,306.1,316.04,101.59,70.26,306.02,315.94,1.0
2018-08-18 11:37:00,89.55424,36.73125,1002.313,273.05,90.2,44.7,4.04,-7.23,-29.17,101.05,70.53,306.22,315.92,101.84,70.34,305.97,315.97,1.0
2018-08-18 11:37:00,89.55424,36.73124,1002.324,273.05,90.2,44.6,6.45,-7.21,-28.91,101.31,70.53,306.04,315.92,101.97,70.4,305.96,316.03,1.0
2018-08-18 11:37:00,89.55424,36.73122,1002.32,273.05,90.2,44.6,8.43,-7.38,-28.67,102.29,70.46,306.32,315.73,101.96,70.43,305.96,316.12,1.0
2018-08-18 11:37:00,89.55424,36.7312,1002.288,273.05,90.2,44.9,7.84,-7.44,-28.19,101.18,70.53,306.04,316.13,101.82,70.43,305.95,316.18,1.0
2018-08-18 11:37:00,89.55424,36.73118,1002.324,273.05,90.2,44.6,7.3,-7.22,-27.45,102.09,70.39,306.04,315.93,101.58,70.4,305.99,316.1,1.0
2018-08-18 11:37:00,89.55424,36.73116,1002.361,273.05,90.2,44.3,6.24,-7.13,-26.69,101.24,70.39,306.23,316.12,101.29,70.35,306.04,316.09,1.0
2018-08-18 11:37:00,89.55424,36.73114,1002.367,273.05,90.2,44.2,7.39,-7.01,-26.07,101.96,70.39,306.33,316.03,101.01,70.28,306.1,316.08,1.0
2018-08-18 11:37:00,89.55424,36.73113,1002.361,273.05,90.2,44.3,9.37,-6.78,-25.44,100.85,70.53,306.24,315.94,100.78,70.22,306.16,316.04,1.0
2018-08-18 11:37:00,89.55424,36.73111,1002.376,273.05,90.2,44.2,10.38,-6.64,-24.71,101.96,70.53,306.05,315.74,100.65,70.16,306.22,315.98,1.0
2018-08-18 11:37:00,89.55424,36.73109,1002.383,273.05,90.2,44.1,9.92,-7.41,-23.91,101.24,70.39,306.14,315.94,100.64,70.13,306.27,315.95,1.0
2018-08-18 11:37:00,89.55424,36.73107,1002.439,273.05,90.2,43.7,9.98,-7.42,-23.23,101.5,70.39,306.15,316.23,100.77,70.12,306.29,315.9,1.0
2018-08-18 11:37:00,89.55424,36.73105,1002.444,273.05,90.2,43.6,9.56,-7.76,-22.52,101.96,70.39,306.03,316.03,100.99,70.12,306.28,315.85,1.0
2018-08-18 11:37:00,89.55424,36.73104,1002.44,273.05,90.2,43.7,9.24,-7.81,-21.95,100.98,70.26,306.06,315.9,101.29,70.14,306.25,315.79,1.0
2018-08-18 11:37:00,89.55424,36.73106,1002.462,273.05,90.2,43.5,9.12,-7.5,-21.52,101.24,70.26,305.98,315.66,101.6,70.16,306.21,315.73,1.0
2018-08-18 11:37:00,89.55424,36.73113,1002.482,273.06,90.2,43.3,8.89,-7.33,-21.09,100.92,70.46,305.96,316.13,101.87,70.17,306.17,315.67,1.0
2018-08-18 11:37:00,89.55424,36.7312,1002.484,273.06,90.2,43.3,9.44,-7.0,-20.85,101.37,70.32,306.25,315.94,102.06,70.17,306.13,315.57,1.0
2018-08-18 11:37:00,89.55424,36.73127,1002.561,273.06,90.2,42.7,11.27,-6.82,-20.45,101.24,70.53,306.24,315.85,102.13,70.14,306.08,315.51,1.0
2018-08-18 11:37:00,89.55424,36.73134,1002.62,273.06,90.2,42.2,12.69,-7.06,-20.32,101.77,70.39,306.24,316.14,102.07,70.09,306.04,315.49,1.0
2018-08-18 11:37:00,89.55424,36.73141,1002.631,273.06,90.2,42.1,14.12,-7.11,-20.32,101.83,70.39,306.24,315.95,101.89,70.01,306.08,315.48,1.0
2018-08-18 11:37:00,89.55424,36.73148,1002.623,273.07,90.2,42.2,15.94,-6.52,-20.37,102.03,70.39,306.24,315.84,101.61,69.93,306.2,315.44,1.0
2018-08-18 11:37:00,89.55424,36.73156,1002.627,273.07,90.2,42.2,15.41,-6.84,-21.31,101.64,70.32,306.4,315.3,101.28,69.84,306.25,315.46,1.0
2018-08-18 11:38:00,89.55424,36.73163,1002.645,273.07,90.2,42.0,15.12,-5.93,-21.66,101.18,70.46,305.74,315.57,100.93,69.77,306.29,315.48,1.0
2018-08-18 11:38:00,89.55424,36.73169,1002.678,273.07,90.2,41.8,14.18,-6.04,-22.46,101.77,70.26,305.66,315.84,100.63,69.73,306.32,315.51,1.0
2018-08-18 11:38:00,89.55424,36.73163,1002.697,273.07,90.2,41.6,13.47,-6.04,-23.3,101.5,70.05,306.18,315.02,100.39,69.72,306.33,315.52,1.0
2018-08-18 11:38:00,89.55423,36.73157,1002.688,273.06,90.2,41.7,13.03,-5.57,-23.92,100.78,70.26,307.15,315.04,100.25,69.74,306.34,315.51,1.0
2018-08-18 11:38:00,89.55423,36.73152,1002.752,273.07,90.2,41.2,10.53,-6.55,-24.84,101.64,70.39,306.27,315.86,100.21,69.8,306.33,315.51,1.0
2018-08-18 11:38:00,89.55423,36.73146,1002.751,273.07,90.2,41.2,9.44,-5.24,-25.37,101.24,70.26,306.26,316.17,100.26,69.89,306.32,315.55,1.0
2018-08-18 11:38:00,89.55423,36.7314,1002.758,273.07,90.2,41.1,10.56,-5.7,-26.36,101.57,70.12,306.1,315.81,100.37,69.99,306.34,315.56,1.0
2018-08-18 11:38:00,89.55423,36.73134,1002.766,273.07,90.2,41.1,11.11,-5.46,-27.04,101.44,70.26,306.13,315.66,100.52,70.1,306.35,315.63,1.0
2018-08-18 11:38:00,89.55423,36.73128,1002.777,273.07,90.2,41.0,10.34,-4.93,-27.38,100.59,70.12,306.0,315.68,100.67,70.2,306.3,315.77,1.0
2018-08-18 11:38:00,89.55422,36.73123,1002.818,273.07,90.2,40.7,8.92,-6.03,-27.77,100.98,70.39,306.08,315.95,100.8,70.28,306.22,315.9,1.0
2018-08-18 11:38:00,89.55422,36.73117,1002.863,273.08,90.2,40.3,8.23,-4.96,-27.53,101.05,70.39,306.54,316.15,100.88,70.33,306.24,315.95,1.0
2018-08-18 11:38:00,89.55422,36.73111,1002.871,273.08,90.2,40.2,7.3,-5.8,-27.58,102.16,70.12,306.43,315.8,100.9,70.35,306.26,316.02,1.0
2018-08-18 11:38:00,89.55422,36.73105,1002.89,273.08,90.2,40.1,7.46,-6.13,-26.96,100.98,70.26,305.92,316.81,100.88,70.32,306.29,316.06,1.0
2018-08-18 11:38:00,89.55422,36.731,1002.91,273.07,90.2,39.9,8.45,-6.38,-26.19,101.24,70.19,305.77,316.61,100.81,70.26,306.3,316.11,1.0
2018-08-18 11:38:00,89.55422,36.73094,1002.892,273.08,90.2,40.1,9.82,-7.09,-25.75,101.9,70.32,306.06,315.97,100.7,70.17,306.3,316.17,1.0
2018-08-18 11:38:00,89.55422,36.73089,1002.917,273.07,90.2,39.9,12.24,-6.39,-24.35,101.57,70.32,305.89,315.95,100.59,70.05,306.29,316.22,1.0
2018-08-18 11:38:00,89.55421,36.73084,1002.908,273.08,90.2,39.9,12.07,-6.24,-23.16,100.98,70.12,306.28,315.86,100.48,69.93,306.27,316.25,1.0
2018-08-18 11:38:00,89.55421,36.7308,1002.93,273.08,90.2,39.8,11.45,-6.2,-21.95,100.52,70.32,306.27,315.96,100.38,69.81,306.26,316.28,1.0
2018-08-18 11:38:00,89.55421,36.73075,1002.953,273.08,90.2,39.6,10.96,-6.27,-21.25,100.85,70.32,306.27,315.86,100.31,69.7,306.28,316.24,1.0
2018-08-18 11:38:00,89.55421,36.7307,1002.954,273.08,90.2,39.6,10.79,-6.36,-21.03,101.18,70.19,306.37,315.95,100.24,69.61,306.31,316.17,1.0
2018-08-18 11:38:00,89.55421,36.73065,1002.957,273.08,90.2,39.5,10.74,-6.27,-20.69,101.24,70.19,306.27,315.84,100.19,69.56,306.3,316.15,1.0
2018-08-18 11:38:00,89.55421,36.7306,1002.978,273.08,90.2,39.4,10.13,-6.24,-20.75,100.78,70.19,306.28,316.05,100.14,69.55,306.32,316.12,1.0
2018-08-18 11:38:00,89.55421,36.73055,1003.038,273.08,90.2,38.9,9.16,-6.08,-20.52,100.92,70.19,306.56,315.86,100.08,69.58,306.36,316.09,1.0
2018-08-18 11:38:00,89.5542,36.7305,1003.084,273.08,90.2,38.5,8.76,-6.01,-20.62,101.18,69.91,306.28,316.16,99.99,69.65,306.37,316.01,1.0
2018-08-18 11:38:00,89.5542,36.73045,1003.104,273.08,90.2,38.4,9.07,-5.86,-21.02,102.22,70.12,306.3,316.24,99.89,69.75,306.38,315.91,1.0
2018-08-18 11:38:00,89.5542,36.73041,1003.125,273.08,90.2,38.2,9.78,-5.45,-21.45,100.65,70.05,305.86,315.87,99.77,69.86,306.41,315.84,1.0
2018-08-18 11:38:00,89.5542,36.73037,1003.078,273.09,90.2,38.6,10.09,-5.56,-22.0,100.98,70.19,306.16,315.95,99.63,69.97,306.41,315.77,1.0
2018-08-18 11:38:00,89.5542,36.73034,1003.102,273.09,90.2,38.4,8.84,-5.11,-22.58,101.11,70.32,306.33,315.97,99.5,70.06,306.39,315.69,1.0
2018-08-18 11:38:00,89.5542,36.73031,1003.139,273.09,90.2,38.1,8.56,-4.94,-23.12,100.26,70.12,305.84,315.6,99.38,70.12,306.34,315.62,1.0
2018-08-18 11:38:00,89.5542,36.73028,1003.175,273.09,90.2,37.8,9.11,-5.0,-23.62,100.39,69.91,305.83,315.2,99.3,70.12,306.28,315.54,1.0
2018-08-18 11:38:00,89.5542,36.73025,1003.203,273.09,90.2,37.6,9.8,-5.04,-24.07,101.37,70.12,306.09,315.87,99.28,70.06,306.21,315.48,1.0
2018-08-18 11:38:00,89.5542,36.73022,1003.165,273.09,90.2,37.9,10.6,-4.88,-24.56,100.59,70.05,306.19,316.07,99.33,69.95,306.17,315.49,1.0
2018-08-18 11:38:00,89.5542,36.73019,1003.197,273.09,90.2,37.6,10.21,-5.0,-24.69,99.87,70.12,306.37,315.97,99.46,69.8,306.15,315.54,1.0
2018-08-18 11:38:00,89.5542,36.73016,1003.226,273.09,90.2,37.4,11.04,-5.11,-24.37,101.24,70.19,306.29,315.87,99.69,69.62,306.14,315.63,1.0
2018-08-18 11:38:00,89.5542,36.73013,1003.245,273.09,90.2,37.2,11.01,-5.05,-24.02,100.59,70.19,306.38,316.07,100.0,69.45,306.23,315.87,1.0
2018-08-18 11:38:00,89.5542,36.7301,1003.263,273.1,90.2,37.1,9.5,-4.98,-23.94,101.11,70.19,306.48,315.98,100.37,69.3,306.34,316.16,1.0
2018-08-18 11:38:00,89.55421,36.73008,1003.303,273.09,90.2,36.8,7.2,-5.24,-24.21,100.52,70.26,306.48,315.98,100.79,69.2,306.36,316.37,1.0
2018-08-18 11:38:00,89.55421,36.73005,1003.262,273.1,90.2,37.1,5.9,-5.26,-23.98,101.05,69.98,306.28,315.89,101.23,69.17,306.38,316.55,1.0
2018-08-18 11:38:00,89.55421,36.73002,1003.279,273.1,90.2,37.0,7.7,-5.39,-24.13,100.33,69.98,306.38,316.0,101.63,69.21,306.5,316.65,1.0
2018-08-18 11:38:00,89.55421,36.73001,1003.29,273.1,90.2,36.9,10.44,-5.54,-23.79,100.78,69.77,306.52,316.38,101.97,69.32,306.58,316.67,1.0
2018-08-18 11:38:00,89.55421,36.73002,1003.294,273.1,90.2,36.9,12.6,-5.75,-23.13,100.39,69.77,306.47,316.79,102.22,69.48,306.62,316.64,1.0
2018-08-18 11:38:00,89.55421,36.73004,1003.345,273.1,90.2,36.5,13.05,-6.15,-22.82,100.0,69.98,305.72,316.43,102.34,69.67,306.65,316.54,1.0
2018-08-18 11:38:00,89.55421,36.73005,1003.372,273.1,90.2,36.2,12.62,-7.07,-22.85,100.46,69.7,305.57,316.24,102.32,69.87,306.62,316.4,1.0
2018-08-18 11:38:00,89.55421,36.73006,1003.423,273.11,90.2,35.8,14.7,-7.43,-22.58,101.77,69.98,306.61,315.97,102.17,70.03,306.58,316.2,1.0
2018-08-18 11:38:00,89.55421,36.73007,1003.423,273.1,90.2,35.8,14.19,-7.49,-22.44,102.36,69.98,306.72,316.02,101.9,70.15,306.53,316.04,1.0
2018-08-18 11:38:00,89.55421,36.73008,1003.402,273.1,90.2,36.0,11.37,-7.93,-22.49,100.0,69.98,306.4,315.73,101.55,70.2,306.48,315.88,1.0
2018-08-18 11:38:00,89.55421,36.73009,1003.412,273.1,90.2,35.9,7.33,-8.42,-22.85,100.65,70.19,306.64,316.15,101.15,70.18,306.45,315.77,1.0
2018-08-18 11:38:00,89.55421,36.73011,1003.502,273.1,90.2,35.2,3.18,-7.59,-23.79,101.5,69.98,306.38,316.15,100.77,70.1,306.53,315.83,1.0
2018-08-18 11:38:00,89.55421,36.73012,1003.458,273.1,90.2,35.6,3.7,-7.75,-26.27,101.44,70.19,306.49,315.61,100.43,69.97,306.67,316.0,1.0
2018-08-18 11:38:00,89.55421,36.73013,1003.48,273.11,90.2,35.4,3.08,-7.38,-26.68,100.46,69.91,306.5,316.06,100.18,69.83,306.75,316.26,1.0
2018-08-18 11:38:00,89.55421,36.73014,1003.526,273.11,90.2,35.0,2.25,-7.48,-26.37,101.05,70.12,306.5,316.39,100.04,69.69,306.85,316.56,1.0
2018-08-18 11:38:00,89.55421,36.73015,1003.55,273.11,90.2,34.8,2.03,-7.74,-26.16,100.26,69.91,306.27,316.51,100.02,69.58,306.95,316.83,1.0
2018-08-18 11:38:00,89.55421,36.73016,1003.536,273.11,90.2,34.9,3.17,-7.39,-26.4,101.05,69.98,306.5,317.0,100.1,69.52,307.02,317.01,1.0
2018-08-18 11:38:00,89.55421,36.73018,1003.579,273.11,90.2,34.6,6.1,-7.37,-26.9,101.37,69.77,306.43,317.26,100.26,69.51,307.09,317.14,1.0
2018-08-18 11:38:00,89.55421,36.73018,1003.61,273.11,90.2,34.3,8.12,-7.69,-27.4,100.06,69.7,306.64,316.96,100.46,69.56,307.12,317.22,1.0
2018-08-18 11:38:00,89.55421,36.73017,1003.631,273.11,90.2,34.2,8.71,-7.33,-27.5,100.59,69.91,306.26,316.83,100.65,69.64,307.12,317.19,1.0
2018-08-18 11:38:00,89.55421,36.73016,1003.647,273.11,90.2,34.0,8.34,-7.22,-27.52,100.59,69.84,306.5,316.24,100.81,69.74,307.08,317.07,1.0
2018-08-18 11:38:00,89.55421,36.73015,1003.659,273.11,90.2,34.0,7.48,-7.88,-27.75,100.92,70.12,306.41,315.99,100.9,69.84,307.04,316.88,1.0
2018-08-18 11:38:00,89.55421,36.73014,1003.654,273.11,90.2,34.0,5.87,-6.76,-27.94,101.05,69.84,306.58,315.89,100.92,69.91,307.0,316.59,1.0
2018-08-18 11:38:00,89.55421,36.73013,1003.678,273.11,90.2,33.8,3.57,-7.35,-28.35,100.39,70.05,306.59,315.9,100.86,69.94,306.96,316.31,1.0
2018-08-18 11:38:00,89.55421,36.73012,1003.685,273.12,90.2,33.7,1.45,-7.32,-28.52,101.83,69.98,306.49,316.01,100.74,69.93,306.92,316.07,1.0
2018-08-18 11:38:00,89.55421,36.7301,1003.693,273.12,90.2,33.7,-0.36,-7.31,-29.12,101.24,69.84,306.59,315.82,100.59,69.88,306.92,315.9,1.0
2018-08-18 11:38:00,89.55421,36.7301,1003.724,273.11,90.2,33.4,-1.37,-7.57,-29.7,100.26,69.91,306.6,316.31,100.44,69.79,306.96,315.82,1.0
2018-08-18 11:38:00,89.55421,36.7301,1003.775,273.12,90.2,33.0,-1.05,-7.7,-28.83,100.98,69.91,306.61,316.02,100.31,69.69,307.01,315.86,1.0
2018-08-18 11:38:00,89.55421,36.7301,1003.786,273.12,90.2,32.9,0.39,-7.61,-28.7,100.59,69.98,306.6,316.11,100.22,69.59,307.06,315.93,1.0
2018-08-18 11:38:00,89.55421,36.7301,1003.795,273.12,90.3,32.9,0.59,-7.86,-28.58,100.92,69.77,306.8,316.31,100.19,69.5,307.09,316.0,1.0
2018-08-18 11:38:00,89.55421,36.7301,1003.816,273.12,90.3,32.7,0.47,-8.22,-28.49,100.0,69.98,306.61,316.21,100.19,69.43,307.09,316.06,1.0
2018-08-18 11:38:00,89.55421,36.7301,1003.835,273.13,90.2,32.6,0.02,-8.34,-28.31,101.05,69.84,306.7,316.21,100.21,69.38,307.05,316.08,1.0
2018-08-18 11:38:00,89.55421,36.7301,1003.824,273.12,90.2,32.6,-0.79,-8.18,-27.88,100.06,69.91,306.6,316.11,100.23,69.34,306.96,316.03,1.0
2018-08-18 11:38:00,89.55421,36.7301,1003.845,273.12,90.3,32.5,-1.23,-8.93,-27.19,100.26,69.77,306.7,316.02,100.21,69.31,306.84,315.92,1.0
2018-08-18 11:38:00,89.55421,36.7301,1003.853,273.13,90.2,32.4,-3.56,-8.61,-27.33,101.83,69.77,306.71,316.22,100.15,69.26,306.69,315.77,1.0
2018-08-18 11:38:00,89.55421,36.7301,1003.849,273.12,90.3,32.4,-5.26,-8.52,-27.21,101.31,69.84,306.61,316.22,100.03,69.18,306.54,315.58,1.0
2018-08-18 11:38:00,89.55421,36.7301,1003.857,273.12,90.3,32.4,-5.73,-8.59,-26.65,100.46,69.84,306.61,316.03,99.85,69.07,306.4,315.4,1.0
2018-08-18 11:38:00,89.55421,36.7301,1003.898,273.13,90.3,32.1,-5.34,-8.6,-25.95,101.24,69.84,306.8,316.22,99.65,68.92,306.31,315.25,1.0
2018-08-18 11:38:00,89.55421,36.7301,1003.967,273.13,90.3,31.5,-5.44,-8.23,-26.02,99.41,69.56,306.9,315.93,99.44,68.73,306.27,315.15,1.0
2018-08-18 11:38:00,89.55421,36.7301,1003.931,273.13,90.2,31.8,-5.25,-8.08,-26.07,100.85,69.91,306.52,316.04,99.27,68.54,306.3,315.02,1.0
2018-08-18 11:38:00,89.55421,36.73012,1003.929,273.13,90.2,31.8,-5.08,-7.8,-25.99,100.13,69.63,306.62,316.03,99.19,68.35,306.13,314.98,1.0
2018-08-18 11:38:00,89.55421,36.73016,1003.951,273.13,90.2,31.6,-5.45,-7.59,-25.71,100.65,69.7,306.8,316.03,99.22,68.19,306.09,315.01,1.0
2018-08-18 11:38:00,89.55421,36.73019,1003.976,273.13,90.2,31.4,-6.06,-7.52,-25.53,101.05,69.7,306.62,316.13,99.38,68.1,306.22,315.14,1.0
2018-08-18 11:38:00,89.55421,36.73023,1004.001,273.13,90.3,31.2,-6.16,-7.53,-25.81,100.92,69.77,306.81,315.68,99.68,68.1,306.33,315.42,1.0
2018-08-18 11:38:00,89.55421,36.73026,1004.027,273.14,90.3,31.0,-5.31,-7.33,-26.12,99.61,69.7,306.76,314.96,100.09,68.18,306.41,315.72,1.0
2018-08-18 11:38:00,89.55421,36.7303,1004.027,273.13,90.2,31.0,-4.07,-7.06,-26.93,100.06,69.15,303.82,315.06,100.56,68.36,306.51,315.86,1.0
2018-08-18 11:38:00,89.55421,36.73033,1004.025,273.13,90.2,31.0,-2.92,-6.67,-27.64,100.06,69.15,304.64,314.5,101.06,68.62,306.56,315.94,1.0
2018-08-18 11:38:00,89.55421,36.73036,1004.033,273.13,90.2,31.0,-1.69,-6.45,-28.11,100.46,69.29,306.12,315.88,101.51,68.93,306.55,315.95,1.0
2018-08-18 11:38:00,89.55421,36.7304,1004.033,273.13,90.3,31.0,-0.33,-6.56,-28.55,100.65,69.36,305.94,316.94,101.86,69.26,306.52,315.89,1.0
2018-08-18 11:38:00,89.55421,36.73043,1004.01,273.14,90.3,31.2,-0.12,-6.71,-28.93,100.59,69.5,305.96,317.21,102.06,69.58,306.47,315.82,1.0
2018-08-18 11:38:00,89.55421,36.73047,1004.063,273.14,90.3,30.7,-0.98,-7.46,-29.9,100.33,69.5,306.31,316.22,102.08,69.85,306.41,315.86,1.0
2018-08-18 11:38:00,89.55421,36.7305,1004.079,273.14,90.3,30.6,-3.4,-8.08,-31.08,101.77,69.7,306.36,316.08,101.9,70.06,306.6,315.91,1.0
2018-08-18 11:38:00,89.55421,36.73053,1004.084,273.15,90.3,30.6,-5.81,-8.63,-32.45,101.24,69.36,306.44,316.4,101.52,70.17,306.75,316.01,1.0
2018-08-18 11:38:00,89.55421,36.73055,1004.112,273.14,90.2,30.3,-6.57,-9.24,-34.25,99.87,69.63,306.81,316.23,100.99,70.19,306.8,316.12,1.0
2018-08-18 11:38:00,89.55421,36.73057,1004.098,273.14,90.3,30.5,-5.86,-9.98,-36.28,100.26,69.56,306.92,315.95,100.34,70.12,306.9,316.13,1.0
2018-08-18 11:38:00,89.55421,36.73059,1004.109,273.15,90.3,30.4,-7.1,-10.42,-38.22,100.92,69.63,306.73,316.05,99.65,69.99,307.06,316.16,1.0
2018-08-18 11:38:00,89.55421,36.73061,1004.162,273.15,90.3,29.9,-6.83,-11.02,-38.9,100.52,69.5,306.91,315.95,98.96,69.81,307.19,316.31,1.0
2018-08-18 11:38:00,89.55421,36.73063,1004.207,273.15,90.3,29.6,-5.74,-11.33,-39.35,100.98,69.7,306.67,315.98,98.35,69.63,307.33,316.47,1.0
2018-08-18 11:38:00,89.55421,36.73066,1004.235,273.15,90.3,29.4,-4.19,-11.57,-39.6,100.85,69.43,307.01,316.05,97.87,69.46,307.46,316.61,1.0
2018-08-18 11:38:00,89.55421,36.73068,1004.269,273.15,90.3,29.1,-2.65,-11.96,-39.42,100.33,69.63,307.01,316.05,97.54,69.32,307.55,316.72,1.0
2018-08-18 11:38:00,89.55422,36.7307,1004.306,273.15,90.3,28.8,-2.6,-11.9,-39.17,100.59,69.63,306.73,315.77,97.39,69.23,307.6,316.76,1.0
2018-08-18 11:38:00,89.55422,36.73072,1004.325,273.15,90.3,28.6,-2.65,-11.85,-38.4,99.87,69.56,307.01,315.77,97.42,69.18,307.61,316.74,1.0
2018-08-18 11:38:00,89.55422,36.73074,1004.333,273.15,90.3,28.6,-3.66,-11.98,-37.61,99.87,69.5,306.73,316.06,97.6,69.18,307.58,316.67,1.0
2018-08-18 11:38:00,89.55422,36.73076,1004.351,273.16,90.3,28.4,-4.55,-12.0,-36.61,100.13,69.29,306.83,316.06,97.91,69.21,307.52,316.56,1.0
2018-08-18 11:38:00,89.55422,36.73078,1004.392,273.16,90.3,28.1,-4.66,-11.84,-35.39,99.87,69.5,307.1,315.97,98.3,69.25,307.44,316.44,1.0
2018-08-18 11:38:00,89.55422,36.73078,1004.37,273.15,90.3,28.3,-4.15,-11.84,-34.44,99.87,69.5,307.12,316.08,98.72,69.29,307.35,316.32,1.0
2018-08-18 11:38:00,89.55421,36.7308,1004.376,273.15,90.3,28.2,-2.55,-11.29,-33.48,99.94,69.56,306.84,316.26,99.14,69.3,307.27,316.24,1.0
2018-08-18 11:38:00,89.55421,36.73081,1004.406,273.16,90.3,28.0,-0.12,-10.9,-32.16,100.59,69.56,306.84,315.98,99.51,69.27,307.21,316.22,1.0
2018-08-18 11:38:00,89.55421,36.73082,1004.418,273.16,90.3,27.9,1.4,-10.83,-30.79,100.06,69.43,307.02,316.09,99.82,69.21,307.18,316.19,1.0
2018-08-18 11:38:00,89.55421,36.73083,1004.4,273.16,90.3,28.1,2.08,-10.74,-29.5,99.22,69.56,306.75,316.38,100.05,69.12,307.21,316.15,1.0
2018-08-18 11:38:00,89.55421,36.73084,1004.456,273.16,90.3,27.6,4.06,-9.92,-28.3,99.22,69.56,306.93,316.08,100.21,69.01,307.3,316.18,1.0
2018-08-18 11:38:00,89.55421,36.73085,1004.465,273.16,90.3,27.5,3.95,-10.0,-27.41,101.11,69.5,307.03,316.19,100.3,68.89,307.39,316.22,1.0
2018-08-18 11:38:00,89.55421,36.73086,1004.462,273.16,90.3,27.6,2.84,-9.77,-26.6,100.26,69.36,306.84,316.38,100.34,68.78,307.45,316.31,1.0
2018-08-18 11:38:00,89.55421,36.73087,1004.449,273.16,90.3,27.7,2.55,-9.54,-26.01,100.39,69.36,307.03,315.47,100.35,68.71,307.5,316.35,1.0
2018-08-18 11:38:00,89.55421,36.73088,1004.444,273.17,90.3,27.7,3.38,-9.47,-25.84,99.8,69.36,307.2,315.53,100.35,68.67,307.55,316.32,1.0
2018-08-18 11:38:00,89.55421,36.73089,1004.484,273.17,90.3,27.4,3.9,-9.56,-26.26,99.87,69.56,307.58,316.08,100.33,68.68,307.58,316.27,1.0
2018-08-18 11:38:00,89.55421,36.7309,1004.473,273.17,90.3,27.5,2.51,-9.8,-26.95,99.87,69.29,307.52,316.18,100.3,68.73,307.61,316.2,1.0
2018-08-18 11:38:00,89.55421,36.73091,1004.499,273.17,90.3,27.3,2.39,-9.16,-27.0,100.2,69.43,306.93,316.48,100.25,68.82,307.63,316.12,1.0
2018-08-18 11:38:00,89.55421,36.73092,1004.505,273.17,90.3,27.2,2.47,-9.66,-27.04,100.06,69.29,306.98,316.67,100.15,68.93,307.63,316.01,1.0
2018-08-18 11:38:00,89.55421,36.73089,1004.51,273.16,90.3,27.2,2.21,-9.87,-28.66,99.87,69.08,306.85,315.98,99.99,69.05,307.63,315.97,1.0
2018-08-18 11:38:00,89.55421,36.73084,1004.56,273.16,90.3,26.8,1.18,-9.28,-32.22,100.06,69.36,307.04,316.37,99.76,69.17,307.6,315.99,1.0
2018-08-18 11:38:00,89.55421,36.73079,1004.63,273.17,90.3,26.2,0.17,-10.46,-32.35,100.46,69.15,307.22,316.29,99.45,69.26,307.53,315.97,1.0
2018-08-18 11:38:00,89.55421,36.73074,1004.596,273.17,90.3,26.5,-1.35,-9.6,-32.64,99.67,69.5,307.22,315.98,99.07,69.32,307.47,315.97,1.0
2018-08-18 11:38:00,89.55421,36.73069,1004.618,273.17,90.3,26.3,-1.1,-9.82,-32.77,100.2,69.36,307.22,315.99,98.65,69.33,307.45,315.91,1.0
2018-08-18 11:38:00,89.55421,36.73064,1004.644,273.17,90.3,26.1,-1.13,-9.97,-32.72,99.8,69.36,306.95,316.08,98.21,69.29,307.45,315.91,1.0
2018-08-18 11:38:00,89.55421,36.73059,1004.649,273.17,90.3,26.1,-1.99,-9.97,-32.63,100.46,69.36,307.23,316.08,97.82,69.21,307.45,315.94,1.0
2018-08-18 11:38:00,89.55421,36.73054,1004.648,273.17,90.3,26.1,-3.24,-10.17,-32.62,100.06,69.5,307.22,316.18,97.51,69.09,307.45,315.96,1.0
2018-08-18 11:38:00,89.55421,36.73049,1004.697,273.17,90.3,25.7,-3.66,-10.31,-31.82,100.2,69.29,307.13,316.28,97.33,68.95,307.47,315.98,1.0
2018-08-18 11:38:00,89.55421,36.73044,1004.703,273.17,90.3,25.6,-3.94,-11.05,-35.57,99.94,69.36,306.88,315.91,97.32,68.8,307.49,316.0,1.0
2018-08-18 11:38:00,89.55421,36.73043,1004.723,273.17,90.3,25.5,-3.39,-11.36,-37.01,97.97,69.15,307.13,316.01,97.48,68.65,307.52,316.02,1.0
2018-08-18 11:38:00,89.55421,36.73042,1004.737,273.18,90.3,25.4,-2.12,-11.54,-36.42,99.8,69.15,307.51,315.82,97.8,68.52,307.55,316.04,1.0
2018-08-18 11:38:00,89.55421,36.73041,1004.711,273.18,90.3,25.6,-0.91,-11.93,-35.87,100.26,69.43,307.25,316.4,98.26,68.42,307.59,316.05,1.0
2018-08-18 11:38:00,89.55421,36.73041,1004.76,273.18,90.3,25.2,-0.26,-12.05,-35.35,98.82,69.22,307.35,316.11,98.8,68.35,307.64,316.06,1.0
2018-08-18 11:38:00,89.55421,36.7304,1004.788,273.18,90.3,25.0,-1.3,-12.43,-34.72,99.02,69.15,307.07,316.02,99.36,68.34,307.68,316.06,1.0
2018-08-18 11:38:00,89.55421,36.73039,1004.803,273.18,90.3,24.8,-1.32,-12.58,-34.28,99.8,69.29,307.16,315.83,99.87,68.37,307.72,316.04,1.0
2018-08-18 11:38:00,89.55421,36.73038,1004.815,273.18,90.3,24.7,-1.21,-12.5,-33.76,98.89,68.94,306.97,316.02,100.28,68.44,307.74,315.99,1.0
2018-08-18 11:38:00,89.55421,36.73038,1004.831,273.17,90.3,24.6,-1.52,-12.37,-33.06,100.92,69.15,307.16,316.12,100.55,68.55,307.74,315.93,1.0
2018-08-18 11:38:00,89.55421,36.73037,1004.842,273.18,90.3,24.5,-2.23,-12.52,-32.35,99.87,69.29,307.44,316.32,100.66,68.68,307.72,315.89,1.0
2018-08-18 11:38:00,89.55421,36.73036,1004.863,273.19,90.3,24.4,-1.0,-12.06,-31.54,99.22,68.94,307.19,315.92,100.61,68.83,307.69,315.85,1.0
2018-08-18 11:38:00,89.55421,36.73035,1004.864,273.19,90.3,24.4,1.08,-11.94,-30.55,99.54,69.15,307.08,315.72,100.42,68.97,307.66,315.82,1.0
2018-08-18 11:38:00,89.55421,36.73034,1004.873,273.19,90.3,24.3,2.94,-11.95,-29.81,99.41,69.15,307.17,315.7,100.14,69.1,307.64,315.81,1.0
2018-08-18 11:38:00,89.55421,36.73037,1004.896,273.19,90.3,24.1,3.85,-12.07,-29.16,99.67,68.94,307.36,315.79,99.81,69.2,307.64,315.82,1.0
2018-08-18 11:38:00,89.55421,36.73043,1004.922,273.18,90.3,23.9,2.07,-12.56,-28.35,100.2,69.08,307.27,316.12,99.47,69.26,307.65,315.87,1.0
2018-08-18 11:38:00,89.55421,36.73048,1004.947,273.19,90.3,23.7,-0.04,-13.21,-27.6,99.87,69.29,307.27,316.4,99.18,69.29,307.7,315.94,1.0
2018-08-18 11:38:00,89.55421,36.73054,1004.975,273.2,90.3,23.5,0.26,-12.53,-27.52,100.52,69.08,307.55,316.13,98.94,69.27,307.76,316.02,1.0
2018-08-18 11:38:00,89.55421,36.7306,1004.991,273.19,90.3,23.3,0.7,-12.28,-27.49,99.02,69.22,307.26,316.13,98.77,69.22,307.85,316.12,1.0
2018-08-18 11:38:00,89.55421,36.73065,1004.999,273.19,90.3,23.3,0.31,-12.12,-27.38,98.89,69.01,307.36,316.32,98.66,69.14,307.94,316.22,1.0
2018-08-18 11:38:00,89.5542,36.73071,1005.002,273.2,90.3,23.3,-0.04,-11.99,-27.08,99.48,69.22,307.65,316.12,98.58,69.05,308.0,316.3,1.0
2018-08-18 11:38:00,89.5542,36.73077,1004.988,273.19,90.3,23.4,2.51,-12.41,-26.53,99.22,69.22,307.37,316.01,98.51,68.95,308.05,316.3,1.0
2018-08-18 11:38:00,89.5542,36.73082,1005.035,273.2,90.3,23.0,0.33,-11.59,-25.87,100.65,69.15,307.65,315.84,98.42,68.86,308.05,316.23,1.0
2018-08-18 11:38:00,89.5542,36.73088,1005.026,273.2,90.3,23.1,-1.38,-11.08,-25.52,99.02,69.36,307.46,316.04,98.3,68.79,308.02,316.11,1.0
2018-08-18 11:38:00,89.5542,36.73093,1005.03,273.2,90.3,23.0,-2.11,-10.9,-25.14,99.48,68.88,307.62,315.84,98.14,68.72,307.94,315.95,1.0
2018-08-18 11:38:00,89.5542,36.73099,1005.071,273.19,90.3,22.7,-2.63,-10.89,-24.76,99.41,69.08,307.37,316.13,97.95,68.67,307.83,315.75,1.0
2018-08-18 11:38:00,89.5542,36.73102,1005.106,273.2,90.3,22.4,-3.86,-10.8,-24.62,99.15,69.01,307.55,316.05,97.74,68.62,307.71,315.56,1.0
2018-08-18 11:38:00,89.5542,36.73106,1005.146,273.2,90.3,22.1,-4.1,-10.45,-24.85,100.33,69.08,307.3,316.24,97.55,68.57,307.59,315.39,1.0
2018-08-18 11:38:00,89.5542,36.73109,1005.159,273.2,90.3,22.0,-4.34,-11.04,-25.01,99.35,68.94,307.66,316.14,97.4,68.51,307.5,315.28,1.0
2018-08-18 11:38:00,89.5542,36.73112,1005.178,273.2,90.3,21.9,-4.11,-10.81,-25.72,99.02,69.15,307.56,316.04,97.33,68.43,307.38,315.18,1.0
2018-08-18 11:38:00,89.5542,36.73116,1005.199,273.2,90.3,21.7,-3.79,-10.36,-26.31,98.95,69.08,307.56,316.04,97.35,68.33,307.32,315.17,1.0
2018-08-18 11:38:00,89.5542,36.73119,1005.2,273.2,90.3,21.7,-3.29,-10.13,-26.22,99.35,69.01,307.65,316.13,97.47,68.22,307.35,315.25,1.0
2018-08-18 11:38:00,89.5542,36.73123,1005.16,273.2,90.3,22.0,-1.29,-9.41,-25.67,98.3,69.01,307.47,316.13,97.68,68.1,307.39,315.3,1.0
2018-08-18 11:38:00,89.5542,36.73126,1005.176,273.2,90.3,21.9,2.12,-10.29,-24.72,99.22,68.94,307.37,316.03,97.98,68.0,307.45,315.44,1.0
2018-08-18 11:38:00,89.5542,36.73129,1005.221,273.21,90.3,21.5,5.36,-9.68,-23.89,99.02,69.08,306.95,315.45,98.32,67.93,307.51,315.56,1.0
2018-08-18 11:38:00,89.5542,36.73133,1005.259,273.21,90.3,21.2,6.12,-10.26,-23.25,98.95,68.88,307.14,315.94,98.69,67.9,307.66,315.65,1.0
2018-08-18 11:38:00,89.5542,36.73136,1005.282,273.2,90.3,21.0,4.8,-11.39,-22.66,98.5,69.08,307.43,315.76,99.05,67.93,307.81,315.67,1.0
2018-08-18 11:38:00,89.5542,36.73139,1005.34,273.2,90.3,20.6,3.8,-9.8,-21.86,99.22,68.6,306.89,314.65,99.38,68.02,307.83,315.64,1.0
2018-08-18 11:38:00,89.5542,36.73143,1005.325,273.2,90.3,20.7,3.83,-11.15,-20.58,100.59,68.81,306.92,315.07,99.65,68.18,307.83,315.62,1.0
2018-08-18 11:38:00,89.5542,36.73144,1005.319,273.2,90.3,20.7,2.59,-10.65,-20.67,99.48,68.67,307.14,315.4,99.86,68.39,307.8,315.55,1.0
2018-08-18 11:38:00,89.5542,36.73144,1005.343,273.2,90.3,20.5,0.46,-10.49,-20.72,97.32,68.88,307.83,314.84,100.0,68.63,307.82,315.51,1.0
2018-08-18 11:38:00,89.5542,36.73144,1005.366,273.21,90.3,20.4,-0.52,-10.6,-20.74,98.89,68.67,308.16,314.91,100.07,68.89,307.83,315.44,1.0
2018-08-18 11:38:00,89.5542,36.73145,1005.344,273.21,90.3,20.5,1.01,-10.28,-21.15,100.13,68.6,307.16,315.14,100.08,69.15,307.82,315.38,1.0
2018-08-18 11:38:00,89.5542,36.73145,1005.35,273.21,90.3,20.5,3.3,-10.15,-21.48,98.89,69.08,307.3,315.86,100.02,69.37,307.87,315.45,1.0
2018-08-18 11:38:00,89.5542,36.73146,1005.391,273.21,90.3,20.2,6.38,-9.88,-21.69,99.67,68.81,307.69,315.58,99.9,69.53,307.95,315.52,1.0
2018-08-18 11:38:00,89.5542,36.73146,1005.444,273.21,90.3,19.7,5.59,-9.62,-21.72,98.89,69.01,307.88,316.15,99.72,69.64,308.08,315.64,1.0
2018-08-18 11:38:00,89.5542,36.73146,1005.464,273.21,90.3,19.6,3.36,-9.15,-21.97,99.08,68.88,307.59,316.35,99.47,69.68,308.15,315.83,1.0
2018-08-18 11:38:00,89.55419,36.73147,1005.44,273.22,90.3,19.8,1.83,-8.56,-22.5,98.3,69.01,307.87,315.97,99.16,69.65,308.16,316.05,1.0
2018-08-18 11:38:00,89.55419,36.73147,1005.476,273.22,90.3,19.5,1.69,-8.58,-22.83,99.67,68.94,307.69,316.35,98.79,69.56,308.22,316.25,1.0
2018-08-18 11:38:00,89.55419,36.73148,1005.487,273.22,90.3,19.4,1.74,-8.47,-23.93,100.2,68.88,307.77,315.87,98.37,69.43,308.31,316.38,1.0
2018-08-18 11:38:00,89.55419,36.73148,1005.486,273.22,90.3,19.4,2.07,-7.75,-24.77,100.78,69.08,307.87,315.88,97.92,69.27,308.37,316.48,1.0
2018-08-18 11:38:00,89.55419,36.73148,1005.494,273.22,90.3,19.3,2.76,-7.37,-25.36,97.97,69.01,307.69,316.17,97.47,69.1,308.39,316.53,1.0
2018-08-18 11:38:00,89.55419,36.73149,1005.523,273.22,90.3,19.1,3.36,-7.12,-25.89,99.15,69.01,307.19,316.23,97.04,68.93,308.38,316.52,1.0
2018-08-18 11:38:00,89.55419,36.7315,1005.571,273.22,90.3,18.7,3.35,-6.46,-26.55,97.97,68.81,306.91,316.06,96.69,68.77,308.34,316.47,1.0
2018-08-18 11:38:00,89.55419,36.73154,1005.579,273.23,90.3,18.7,3.59,-6.75,-26.8,99.41,69.08,307.64,315.88,96.42,68.63,308.29,316.4,1.0
2018-08-18 11:38:00,89.55419,36.73157,1005.611,273.23,90.3,18.4,2.74,-7.47,-27.17,98.82,68.88,307.77,315.89,96.28,68.52,308.24,316.3,1.0
2018-08-18 11:38:00,89.55419,36.73161,1005.634,273.23,90.3,18.2,1.73,-7.81,-27.63,98.56,69.08,307.68,316.28,96.28,68.44,308.2,316.21,1.0
2018-08-18 11:38:00,89.55419,36.73164,1005.644,273.22,90.3,18.1,1.07,-8.25,-28.37,99.22,68.88,307.97,316.18,96.4,68.4,308.19,316.13,1.0
2018-08-18 11:38:00,89.55419,36.73168,1005.651,273.22,90.3,18.1,1.23,-8.83,-29.44,98.69,68.81,307.98,316.08,96.65,68.38,308.2,316.03,1.0
2018-08-18 11:38:00,89.55419,36.73172,1005.66,273.23,90.3,18.0,2.9,-8.14,-30.53,98.1,68.88,307.88,316.38,96.98,68.4,308.24,315.88,1.0
2018-08-18 11:38:00,89.55419,36.73175,1005.662,273.23,90.3,18.0,2.98,-8.86,-31.53,99.28,68.81,308.17,315.89,97.36,68.44,308.29,315.93,1.0
2018-08-18 11:38:00,89.55419,36.73178,1005.702,273.23,90.3,17.7,2.0,-8.94,-32.53,98.36,69.08,307.79,316.37,97.75,68.51,308.35,315.95,1.0
2018-08-18 11:38:00,89.55418,36.73182,1005.751,273.23,90.3,17.3,1.05,-8.73,-34.24,98.76,68.81,307.98,316.17,98.11,68.6,308.39,315.95,1.0
2018-08-18 11:38:00,89.55418,36.73186,1005.776,273.23,90.3,17.1,0.54,-8.7,-36.26,97.84,68.88,307.43,315.44,98.39,68.71,308.42,315.95,1.0
2018-08-18 11:38:00,89.55418,36.73189,1005.776,273.23,90.3,17.1,0.08,-9.24,-36.91,99.28,68.74,306.83,314.62,98.59,68.81,308.43,315.94,1.0
2018-08-18 11:38:00,89.55418,36.73193,1005.811,273.24,90.3,16.8,-0.72,-8.85,-36.81,97.64,68.74,307.72,316.52,98.69,68.91,308.41,315.93,1.0
2018-08-18 11:38:00,89.55418,36.73197,1005.823,273.24,90.3,16.7,0.19,-9.01,-36.74,98.5,68.88,307.94,316.38,98.7,69.0,308.39,315.91,1.0
2018-08-18 11:38:00,89.55418,36.73201,1005.834,273.24,90.3,16.6,0.82,-8.71,-36.48,99.48,68.81,308.0,316.17,98.63,69.06,308.27,315.89,1.0
2018-08-18 11:38:00,89.55418,36.73205,1005.862,273.24,90.3,16.4,0.97,-8.38,-36.3,98.3,68.94,307.9,315.98,98.53,69.09,308.12,315.88,1.0
2018-08-18 11:38:00,89.55418,36.73209,1005.903,273.24,90.3,16.1,0.99,-8.65,-36.57,98.56,68.88,308.18,316.09,98.41,69.09,308.07,315.91,1.0
2018-08-18 11:38:00,89.55418,36.73212,1005.886,273.24,90.3,16.2,-0.53,-8.03,-36.87,99.48,68.88,307.9,316.0,98.32,69.06,308.15,316.04,1.0
2018-08-18 11:38:00,89.55418,36.73216,1005.922,273.24,90.3,15.9,-0.59,-8.45,-37.0,97.84,69.01,308.17,316.19,98.26,69.0,308.19,316.02,1.0
2018-08-18 11:38:00,89.55418,36.7322,1005.953,273.24,90.3,15.7,-1.17,-8.24,-37.05,99.08,69.01,306.99,316.19,98.25,68.93,308.26,316.07,1.0
2018-08-18 11:38:00,89.55418,36.73224,1005.962,273.25,90.3,15.6,-1.09,-7.95,-36.65,97.84,68.81,306.78,316.06,98.3,68.85,308.34,316.16,1.0
2018-08-18 11:38:00,89.55418,36.73228,1005.964,273.24,90.3,15.6,0.65,-8.04,-35.67,99.15,68.81,307.4,315.65,98.37,68.78,308.42,316.25,1.0
2018-08-18 11:38:00,89.55418,36.73232,1006.012,273.25,90.3,15.2,3.21,-7.98,-34.74,98.63,69.01,307.84,315.74,98.45,68.71,308.49,316.34,1.0
2018-08-18 11:38:00,89.55417,36.73235,1006.036,273.25,90.3,15.0,5.21,-6.84,-33.64,98.3,68.81,307.96,316.06,98.51,68.67,308.53,316.41,1.0
2018-08-18 11:38:00,89.55417,36.73238,1006.01,273.24,90.3,15.2,5.59,-7.18,-32.72,97.38,68.88,308.09,316.11,98.5,68.64,308.55,316.45,1.0
2018-08-18 11:38:00,89.55417,36.73242,1006.007,273.24,90.3,15.3,5.02,-6.97,-32.12,99.41,68.81,308.0,315.92,98.42,68.63,308.63,316.46,1.0
2018-08-18 11:38:00,89.55417,36.73245,1006.04,273.25,90.3,15.0,3.99,-6.34,-31.5,98.3,68.81,308.2,316.21,98.25,68.64,308.72,316.45,1.0
2018-08-18 11:38:00,89.55417,36.73248,1006.027,273.25,90.3,15.1,3.25,-6.51,-30.5,98.56,68.81,308.2,316.11,97.99,68.65,308.73,316.43,1.0
2018-08-18 11:38:00,89.55417,36.73252,1006.039,273.25,90.3,15.0,5.9,-5.74,-30.35,98.69,68.94,308.09,316.22,97.67,68.67,308.68,316.41,1.0
2018-08-18 11:38:00,89.55417,36.73255,1006.05,273.25,90.3,14.9,6.52,-5.34,-30.1,99.54,68.88,308.09,316.02,97.32,68.69,308.62,316.35,1.0
2018-08-18 11:38:00,89.55417,36.73258,1006.082,273.25,90.3,14.7,6.46,-5.89,-30.24,98.3,68.81,308.47,316.11,96.99,68.71,308.57,316.3,1.0
2018-08-18 11:38:00,89.55417,36.73262,1006.122,273.25,90.3,14.3,5.86,-6.22,-30.42,98.43,68.81,308.39,316.4,96.73,68.73,308.54,316.26,1.0
2018-08-18 11:38:00,89.55417,36.73265,1006.141,273.25,90.3,14.2,4.77,-5.49,-30.39,98.36,68.81,308.38,316.13,96.59,68.75,308.52,316.23,1.0
2018-08-18 11:38:00,89.55417,36.73268,1006.107,273.25,90.3,14.5,4.34,-5.63,-30.65,97.91,69.01,308.19,316.31,96.59,68.78,308.51,316.21,1.0
2018-08-18 11:38:00,89.55417,36.73271,1006.09,273.26,90.3,14.6,4.81,-6.08,-31.65,98.23,68.67,308.2,316.22,96.76,68.81,308.54,316.22,1.0
2018-08-18 11:38:00,89.55417,36.73272,1006.096,273.25,90.3,14.6,4.61,-5.93,-32.82,97.84,68.94,308.2,316.42,97.08,68.87,308.58,316.26,1.0
2018-08-18 11:38:00,89.55417,36.73273,1006.146,273.25,90.3,14.1,4.08,-6.23,-34.11,97.45,68.81,308.38,316.31,97.53,68.94,308.62,316.31,1.0
2018-08-18 11:38:00,89.55417,36.73275,1006.223,273.26,90.3,13.5,3.76,-7.0,-35.46,98.82,68.81,308.16,316.13,98.06,69.02,308.66,316.36,1.0
2018-08-18 11:38:00,89.55417,36.73276,1006.196,273.26,90.4,13.8,4.21,-7.09,-36.63,98.3,68.67,308.23,315.92,98.61,69.12,308.7,316.39,1.0
2018-08-18 11:38:00,89.55417,36.73277,1006.242,273.26,90.3,13.4,4.3,-7.11,-37.54,98.69,68.88,308.29,316.18,99.11,69.22,308.73,316.41,1.0
2018-08-18 11:38:00,89.55417,36.73279,1006.264,273.26,90.4,13.2,2.94,-8.06,-38.34,98.23,68.94,308.31,316.12,99.5,69.31,308.76,316.4,1.0
2018-08-18 11:38:00,89.55417,36.7328,1006.299,273.26,90.4,12.9,1.44,-8.12,-39.07,97.51,68.81,308.3,316.42,99.72,69.39,308.78,316.39,1.0
2018-08-18 11:38:00,89.55417,36.73281,1006.34,273.26,90.3,12.6,1.1,-8.2,-39.64,98.5,68.88,308.48,316.14,99.75,69.45,308.8,316.36,1.0
2018-08-18 11:38:00,89.55417,36.73283,1006.344,273.27,90.3,12.6,2.75,-9.46,-39.88,98.04,68.88,308.31,316.33,99.58,69.49,308.83,316.27,1.0
2018-08-18 11:38:00,89.55416,36.73284,1006.348,273.27,90.4,12.6,5.28,-8.45,-39.7,98.5,69.08,308.31,316.12,99.22,69.5,308.87,316.19,1.0
2018-08-18 11:38:00,89.55416,36.73285,1006.354,273.27,90.4,12.5,7.7,-9.23,-39.7,99.41,68.94,308.12,315.93,98.72,69.49,308.9,316.07,1.0
2018-08-18 11:38:00,89.55416,36.73287,1006.383,273.27,90.4,12.3,7.68,-9.64,-40.09,98.43,69.01,308.3,316.58,98.11,69.46,308.92,315.95,1.0
2018-08-18 11:38:00,89.55416,36.7329,1006.414,273.27,90.4,12.0,6.56,-9.91,-40.65,99.41,68.88,308.3,316.2,97.48,69.41,308.94,315.85,1.0
2018-08-18 11:38:00,89.55416,36.73294,1006.422,273.27,90.3,12.0,5.68,-10.3,-41.05,97.78,69.01,308.5,316.42,96.87,69.35,308.98,315.77,1.0
2018-08-18 11:38:00,89.55416,36.73297,1006.434,273.27,90.4,11.9,5.2,-10.48,-40.99,97.64,68.88,308.21,316.42,96.33,69.3,309.01,315.73,1.0
2018-08-18 11:38:00,89.55416,36.733,1006.454,273.28,90.4,11.7,2.98,-10.38,-40.29,98.3,69.08,308.59,316.14,95.92,69.25,309.04,315.74,1.0
2018-08-18 11:38:00,89.55416,36.73304,1006.484,273.27,90.4,11.5,1.45,-10.21,-38.6,97.84,69.08,308.4,316.32,95.64,69.21,309.0,315.79,1.0
2018-08-18 11:38:00,89.55416,36.73307,1006.503,273.27,90.4,11.3,0.08,-10.49,-36.94,99.61,68.88,308.52,316.14,95.5,69.2,308.97,315.83,1.0
2018-08-18 11:38:00,89.55416,36.7331,1006.514,273.28,90.4,11.2,-1.23,-10.66,-35.43,97.12,69.01,308.51,316.35,95.5,69.21,308.99,315.88,1.0
2018-08-18 11:38:00,89.55416,36.73314,1006.564,273.28,90.4,10.8,-2.0,-9.81,-33.7,97.84,69.01,308.32,316.35,95.62,69.25,309.02,316.0,1.0
2018-08-18 11:38:00,89.55416,36.73317,1006.529,273.27,90.4,11.1,-0.55,-10.39,-32.59,98.17,69.01,308.51,316.15,95.83,69.31,309.06,316.12,1.0
2018-08-18 11:38:00,89.55416,36.7332,1006.541,273.28,90.4,11.0,0.58,-9.68,-31.04,97.06,69.01,308.04,315.96,96.11,69.4,309.11,316.22,1.0
2018-08-18 11:38:00,89.55416,36.73324,1006.542,273.28,90.4,11.0,-0.07,-9.44,-29.74,98.3,69.08,308.25,316.01,96.42,69.51,309.15,316.29,1.0
2018-08-18 11:38:00,89.55416,36.73327,1006.542,273.28,90.4,11.0,-0.72,-9.22,-28.74,97.45,68.94,308.4,316.05,96.75,69.63,309.19,316.33,1.0
2018-08-18 11:38:00,89.55416,36.73331,1006.588,273.28,90.4,10.6,0.31,-8.5,-27.77,98.43,69.01,308.6,315.88,97.09,69.76,309.22,316.33,1.0
2018-08-18 11:38:00,89.55416,36.73334,1006.572,273.28,90.4,10.8,0.77,-8.53,-26.06,98.17,69.08,308.5,316.26,97.4,69.88,309.22,316.3,1.0
2018-08-18 11:38:00,89.55416,36.73337,1006.547,273.28,90.4,11.0,2.05,-7.54,-24.68,97.64,69.15,308.8,315.92,97.68,69.99,309.22,316.24,1.0
2018-08-18 11:38:00,89.55416,36.73338,1006.552,273.28,90.4,10.9,3.45,-7.21,-23.47,96.86,69.29,308.8,315.96,97.92,70.06,309.27,316.17,1.0
2018-08-18 11:38:00,89.55416,36.73338,1006.58,273.28,90.4,10.7,4.18,-7.36,-22.79,97.58,68.94,308.61,316.17,98.1,70.09,309.29,316.12,1.0
2018-08-18 11:38:00,89.55416,36.73338,1006.607,273.28,90.4,10.5,4.02,-7.71,-22.7,97.58,69.15,308.7,315.77,98.21,70.08,309.27,316.1,1.0
2018-08-18 11:38:00,89.55416,36.73338,1006.653,273.28,90.4,10.1,3.38,-8.2,-22.99,98.43,69.15,308.7,316.08,98.24,70.03,309.22,316.08,1.0
2018-08-18 11:38:00,89.55416,36.73337,1006.679,273.29,90.4,9.9,3.76,-7.81,-23.57,98.43,69.36,308.9,316.45,98.18,69.93,309.18,316.09,1.0
2018-08-18 11:38:00,89.55416,36.73337,1006.708,273.29,90.4,9.7,3.78,-7.76,-24.21,97.45,69.36,308.61,316.26,98.04,69.81,309.15,316.14,1.0
2018-08-18 11:38:00,89.55416,36.73337,1006.729,273.29,90.4,9.5,3.61,-7.56,-24.4,97.84,69.22,308.79,316.07,97.84,69.67,309.13,316.21,1.0
2018-08-18 11:38:00,89.55416,36.73337,1006.743,273.29,90.4,9.4,4.06,-7.2,-24.38,97.64,69.22,308.61,316.36,97.6,69.55,309.13,316.3,1.0
2018-08-18 11:38:00,89.55416,36.73337,1006.76,273.29,90.4,9.3,5.64,-6.93,-24.71,98.69,69.36,308.98,316.26,97.36,69.45,309.14,316.41,1.0
2018-08-18 11:38:00,89.55416,36.73337,1006.74,273.29,90.4,9.4,5.11,-6.52,-25.35,97.58,69.29,308.7,316.26,97.15,69.39,309.15,316.63,1.0
2018-08-18 11:38:00,89.55416,36.73336,1006.724,273.3,90.4,9.6,5.17,-6.14,-26.11,97.84,69.43,308.8,316.56,97.03,69.39,309.04,316.7,1.0
2018-08-18 11:38:00,89.55416,36.73336,1006.745,273.3,90.4,9.4,4.88,-5.79,-27.31,97.45,69.29,309.08,316.18,97.01,69.45,309.0,316.73,1.0
2018-08-18 11:38:00,89.55416,36.73335,1006.78,273.29,90.4,9.1,5.16,-5.45,-28.66,97.78,69.01,308.88,316.56,97.1,69.56,309.02,316.73,1.0
2018-08-18 11:38:00,89.55416,36.73334,1006.793,273.3,90.4,9.0,6.01,-4.98,-29.9,97.51,69.22,308.61,316.61,97.32,69.71,309.04,316.7,1.0
2018-08-18 11:38:00,89.55416,36.73334,1006.782,273.3,90.4,9.1,5.05,-4.05,-31.23,97.12,69.08,308.55,317.44,97.61,69.89,309.04,316.65,1.0
2018-08-18 11:38:00,89.55416,36.73333,1006.81,273.3,90.4,8.9,3.82,-3.48,-32.33,97.84,69.29,307.25,316.33,97.95,70.06,309.03,316.59,1.0
2018-08-18 11:38:00,89.55416,36.73332,1006.81,273.3,90.4,8.9,3.14,-2.94,-33.4,97.97,69.36,308.27,315.97,98.26,70.2,309.0,316.58,1.0
2018-08-18 11:38:00,89.55416,36.73332,1006.801,273.3,90.4,8.9,1.83,-2.26,-34.75,98.17,69.43,308.98,316.59,98.49,70.3,308.97,316.56,1.0
2018-08-18 11:38:00,89.55416,36.73331,1006.807,273.3,90.4,8.9,0.69,-1.52,-36.4,98.82,69.5,308.9,316.5,98.57,70.35,308.94,316.52,1.0
2018-08-18 11:38:00,89.55416,36.73331,1006.797,273.3,90.4,9.0,2.1,-1.06,-38.0,96.47,69.5,308.81,316.49,98.45,70.33,308.9,316.47,1.0
2018-08-18 11:38:00,89.55416,36.7333,1006.809,273.3,90.4,8.9,1.08,-0.32,-39.35,97.84,69.36,308.99,316.19,98.12,70.24,308.89,316.33,1.0
2018-08-18 11:38:00,89.55416,36.7333,1006.822,273.31,90.4,8.8,-0.03,-0.05,-40.64,97.84,69.56,308.81,316.81,97.59,70.12,309.01,316.32,1.0
2018-08-18 11:38:00,89.55416,36.73336,1006.823,273.31,90.4,8.8,-0.32,0.38,-41.8,97.91,69.5,308.85,316.35,96.88,69.96,309.08,316.28,1.0
2018-08-18 11:38:00,89.55416,36.73342,1006.834,273.31,90.4,8.7,-0.57,0.79,-42.66,97.58,69.5,308.91,316.02,96.07,69.8,309.11,316.2,1.0
2018-08-18 11:38:00,89.55416,36.73347,1006.88,273.31,90.4,8.3,-1.62,0.89,-43.08,97.71,69.43,308.91,316.2,95.23,69.65,309.16,316.16,1.0
2018-08-18 11:38:00,89.55416,36.73353,1006.843,273.31,90.4,8.6,-2.03,1.2,-43.09,98.43,69.5,309.1,316.4,94.46,69.54,309.2,316.19,1.0
2018-08-18 11:38:00,89.55415,36.73359,1006.849,273.31,90.4,8.6,-1.47,1.0,-43.5,98.17,69.56,308.91,316.5,93.84,69.48,309.22,316.22,1.0
2018-08-18 11:38:00,89.55415,36.73364,1006.85,273.31,90.4,8.6,-1.36,0.93,-43.91,97.71,69.5,308.91,315.48,93.45,69.48,309.28,316.2,1.0
2018-08-18 11:38:00,89.55415,36.7337,1006.849,273.32,90.4,8.6,-1.51,0.84,-44.4,98.17,69.43,309.12,315.0,93.32,69.52,309.33,316.19,1.0
2018-08-18 11:38:00,89.55415,36.73376,1006.855,273.32,90.4,8.5,-1.55,0.67,-45.03,96.07,69.29,309.14,315.1,93.48,69.61,309.37,316.2,1.0
2018-08-18 11:38:00,89.55415,36.73381,1006.85,273.32,90.4,8.6,-1.05,0.62,-45.72,95.81,69.5,309.0,316.32,93.9,69.73,309.4,316.2,1.0
2018-08-18 11:38:00,89.55415,36.73387,1006.854,273.31,90.4,8.5,-1.67,0.53,-45.59,96.79,69.43,308.78,316.49,94.56,69.85,309.41,316.19,1.0
2018-08-18 11:38:00,89.55415,36.73392,1006.851,273.31,90.4,8.5,-1.64,0.47,-45.4,96.92,69.56,308.8,316.31,95.39,69.96,309.4,316.17,1.0
2018-08-18 11:38:00,89.55415,36.73398,1006.859,273.31,90.4,8.5,-1.51,0.42,-44.9,97.45,69.5,308.83,316.41,96.3,70.04,309.36,316.2,1.0
2018-08-18 11:38:00,89.55415,36.734,1006.874,273.32,90.4,8.4,-1.64,0.41,-43.93,96.2,69.5,309.1,316.22,97.23,70.07,309.3,316.26,1.0
2018-08-18 11:38:00,89.55415,36.73403,1006.864,273.32,90.4,8.4,-2.05,0.49,-42.39,96.99,69.63,308.74,316.52,98.1,70.05,309.21,316.27,1.0
2018-08-18 11:38:00,89.55415,36.73405,1006.887,273.32,90.4,8.3,-1.62,0.73,-40.39,97.64,69.63,308.94,316.41,98.83,69.97,309.13,316.18,1.0
2018-08-18 11:38:00,89.55414,36.73407,1006.894,273.32,90.4,8.2,-0.33,1.04,-37.74,97.19,69.63,309.11,316.33,99.39,69.84,309.09,316.09,1.0
2018-08-18 11:38:00,89.55414,36.73409,1006.87,273.32,90.4,8.4,0.32,1.51,-34.83,97.19,69.56,309.11,316.33,99.74,69.66,309.03,316.0,1.0
2018-08-18 11:38:00,89.55414,36.73411,1006.85,273.32,90.4,8.6,0.92,2.07,-31.8,97.06,69.56,309.11,316.14,99.87,69.45,308.97,315.92,1.0
2018-08-18 11:38:00,89.55414,36.73413,1006.869,273.33,90.4,8.4,1.84,2.66,-28.78,98.3,69.56,309.2,316.53,99.78,69.23,308.93,315.87,1.0
2018-08-18 11:38:00,89.55414,36.73415,1006.828,273.33,90.4,8.7,1.95,3.36,-25.38,96.47,69.56,309.1,316.33,99.49,69.02,308.92,315.85,1.0
2018-08-18 11:38:00,89.55414,36.73417,1006.824,273.32,90.4,8.8,2.4,3.81,-21.6,97.97,69.56,309.12,316.61,99.04,68.83,308.97,315.87,1.0
2018-08-18 11:38:00,89.55414,36.7342,1006.829,273.33,90.4,8.7,3.8,4.04,-17.38,97.58,69.5,309.12,316.42,98.46,68.69,309.01,315.89,1.0
2018-08-18 11:38:00,89.55414,36.73422,1006.828,273.33,90.4,8.7,5.39,3.98,-12.69,96.79,69.5,309.22,316.33,97.8,68.6,309.1,315.99,1.0
2018-08-18 11:38:00,89.55414,36.73424,1006.823,273.33,90.4,8.8,6.45,3.69,-7.84,97.84,69.5,309.22,316.24,97.11,68.59,309.18,316.16,1.0
2018-08-18 11:38:00,89.55414,36.73426,1006.845,273.33,90.4,8.6,6.96,3.24,-2.91,97.19,69.56,309.06,316.33,96.45,68.65,309.18,316.27,1.0
2018-08-18 11:38:00,89.55414,36.73424,1006.846,273.33,90.4,8.6,7.92,2.93,1.66,98.1,69.29,309.58,316.27,95.87,68.78,309.26,316.38,1.0
2018-08-18 11:38:00,89.55414,36.73422,1006.83,273.33,90.4,8.7,8.58,2.59,6.15,97.64,69.43,308.91,315.7,95.42,68.98,309.37,316.45,1.0
2018-08-18 11:38:00,89.55414,36.73421,1006.78,273.33,90.4,9.1,9.14,2.26,10.27,97.38,69.29,309.15,315.96,95.13,69.23,309.37,316.42,1.0
2018-08-18 11:38:00,89.55414,36.73419,1006.732,273.33,90.4,9.5,9.89,1.99,14.07,97.06,69.15,309.17,316.69,95.03,69.52,309.32,316.33,1.0
2018-08-18 11:38:00,89.55414,36.73418,1006.771,273.33,90.4,9.2,10.99,1.78,17.42,97.78,69.36,307.87,315.95,95.12,69.82,309.35,316.27,1.0
2018-08-18 11:38:00,89.55414,36.73416,1006.792,273.33,90.4,9.0,11.94,1.27,20.25,96.66,69.56,308.9,316.07,95.38,70.11,309.35,316.18,1.0
2018-08-18 11:38:00,89.55414,36.73414,1006.804,273.33,90.4,8.9,12.21,0.92,22.74,96.6,69.5,309.23,316.14,95.78,70.37,309.31,316.08,1.0
2018-08-18 11:38:00,89.55414,36.73412,1006.806,273.33,90.4,8.9,12.39,0.65,24.72,97.19,69.22,308.57,315.51,96.25,70.58,309.31,316.05,1.0
2018-08-18 11:38:00,89.55415,36.73411,1006.811,273.34,90.4,8.9,12.52,0.49,26.24,96.6,69.5,307.89,315.25,96.74,70.73,309.28,315.96,1.0
2018-08-18 11:38:00,89.55415,36.73409,1006.84,273.34,90.4,8.6,12.48,0.49,27.17,96.47,69.56,308.94,316.44,97.17,70.81,309.27,315.86,1.0
2018-08-18 11:38:00,89.55415,36.73408,1006.786,273.34,90.4,9.1,12.18,0.67,27.2,96.66,69.77,308.96,316.35,97.48,70.82,309.4,315.93,1.0
2018-08-18 11:38:00,89.55415,36.73406,1006.8,273.34,90.4,8.9,12.32,1.07,26.25,97.84,69.77,309.13,316.25,97.61,70.77,309.48,316.06,1.0
2018-08-18 11:38:00,89.55415,36.73404,1006.796,273.34,90.4,9.0,12.26,1.54,24.54,96.99,69.7,309.24,316.35,97.54,70.67,309.53,316.24,1.0
2018-08-18 11:38:00,89.55415,36.73403,1006.796,273.34,90.4,9.0,11.77,2.16,21.86,98.17,69.63,308.93,316.32,97.27,70.55,309.69,316.52,1.0
2018-08-18 11:38:00,89.55415,36.73403,1006.81,273.35,90.4,8.9,10.91,2.9,18.19,97.38,69.5,309.1,315.88,96.82,70.41,309.88,316.8,1.0
2018-08-18 11:38:00,89.55415,36.73406,1006.817,273.34,90.4,8.8,9.8,3.77,13.44,97.06,69.77,309.23,316.74,96.22,70.27,309.97,316.96,1.0
2018-08-18 11:38:00,89.55415,36.73408,1006.843,273.34,90.4,8.6,8.58,4.82,7.77,96.79,69.7,309.33,316.36,95.56,70.15,310.04,316.99,1.0
2018-08-18 11:38:00,89.55415,36.7341,1006.853,273.35,90.4,8.5,6.96,5.76,1.71,97.51,69.84,309.52,316.27,94.9,70.05,310.08,317.03,1.0
2018-08-18 11:38:00,89.55414,36.73413,1006.863,273.35,90.4,8.4,5.32,6.63,-4.56,96.73,69.56,309.43,316.36,94.31,69.97,310.18,317.0,1.0
2018-08-18 11:38:00,89.55414,36.73415,1006.879,273.35,90.4,8.3,3.61,7.34,-11.2,96.27,69.91,309.24,316.35,93.85,69.91,310.25,316.93,1.0
2018-08-18 11:38:00,89.55414,36.73417,1006.896,273.35,90.4,8.2,1.73,7.79,-17.99,96.99,69.63,309.51,316.17,93.57,69.86,310.23,316.81,1.0
2018-08-18 11:38:00,89.55414,36.7342,1006.875,273.35,90.4,8.3,-0.64,8.3,-24.58,96.27,69.7,309.34,315.46,93.49,69.81,310.15,316.61,1.0
2018-08-18 11:38:00,89.55414,36.73422,1006.877,273.35,90.4,8.3,-1.89,8.3,-31.49,97.38,69.7,309.5,316.06,93.61,69.74,310.07,316.41,1.0
2018-08-18 11:38:00,89.55414,36.73424,1006.874,273.35,90.4,8.4,-2.68,8.27,-37.89,96.66,69.84,310.36,316.08,93.9,69.66,309.98,316.24,1.0
2018-08-18 11:38:00,89.55414,36.73428,1006.885,273.35,90.4,8.3,-3.82,8.01,-43.65,96.66,69.7,310.07,316.37,94.32,69.57,309.91,316.11,1.0
2018-08-18 11:38:00,89.55414,36.73431,1006.916,273.36,90.4,8.0,-5.19,7.4,-48.58,95.29,69.7,309.72,316.46,94.82,69.45,309.85,316.05,1.0
2018-08-18 11:38:00,89.55414,36.73435,1006.929,273.36,90.4,7.9,-5.89,6.58,-53.02,96.34,69.77,309.53,316.65,95.35,69.34,309.82,316.08,1.0
2018-08-18 11:38:00,89.55414,36.73438,1006.889,273.36,90.4,8.2,-7.05,5.31,-56.38,96.47,69.7,309.25,316.37,95.87,69.23,309.81,316.25,1.0
2018-08-18 11:38:00,89.55414,36.73442,1006.884,273.36,90.4,8.3,-8.04,3.99,-58.95,96.14,69.77,309.53,316.57,96.34,69.14,309.82,316.38,1.0
2018-08-18 11:38:00,89.55414,36.73445,1006.871,273.36,90.4,8.4,-8.49,2.38,-61.1,97.19,69.7,309.62,316.57,96.72,69.08,309.81,316.45,1.0
2018-08-18 11:38:00,89.55414,36.73448,1006.854,273.36,90.4,8.5,-8.52,0.61,-62.77,95.29,69.56,309.44,316.66,97.01,69.06,309.85,316.58,1.0
2018-08-18 11:38:00,89.55414,36.73452,1006.882,273.36,90.4,8.3,-8.43,-1.1,-63.67,97.38,69.56,309.44,316.77,97.2,69.09,309.93,316.8,1.0
2018-08-18 11:38:00,89.55414,36.73455,1006.863,273.36,90.4,8.4,-8.29,-2.86,-63.61,96.79,69.7,309.36,316.48,97.29,69.16,309.93,316.84,1.0
2018-08-18 11:38:00,89.55413,36.73459,1006.85,273.36,90.4,8.5,-7.71,-4.31,-63.14,96.47,69.63,309.45,316.44,97.29,69.26,309.93,316.83,1.0
2018-08-18 11:38:00,89.55413,36.73462,1006.829,273.36,90.4,8.7,-6.96,-5.68,-62.35,96.07,69.36,309.88,315.58,97.21,69.38,309.92,316.77,1.0
2018-08-18 11:38:00,89.55413,36.73466,1006.818,273.36,90.4,8.8,-6.09,-6.77,-61.3,95.88,69.63,310.33,316.16,97.06,69.5,309.9,316.67,1.0
2018-08-18 11:38:00,89.55413,36.73462,1006.856,273.37,90.4,8.5,-5.17,-7.41,-60.3,96.92,69.56,310.24,317.88,96.85,69.62,309.89,316.55,1.0
2018-08-18 11:38:00,89.55413,36.73458,1006.871,273.36,90.4,8.4,-3.95,-7.85,-59.45,97.25,69.7,309.45,316.38,96.59,69.72,309.89,316.44,1.0
2018-08-18 11:38:00,89.55413,36.73454,1006.884,273.36,90.4,8.3,-2.3,-7.49,-53.22,96.14,69.7,309.54,316.49,96.3,69.79,309.91,316.36,1.0
2018-08-18 11:38:00,89.55413,36.7345,1006.88,273.36,90.4,8.3,-0.77,-6.91,-47.33,96.14,69.56,309.55,316.59,95.99,69.83,309.95,316.32,1.0
2018-08-18 11:38:00,89.55413,36.73446,1006.87,273.36,90.4,8.4,0.78,-5.98,-41.32,97.25,69.56,309.36,316.68,95.69,69.85,309.89,316.38,1.0
2018-08-18 11:38:00,89.55413,36.73442,1006.864,273.36,90.4,8.4,2.4,-4.71,-35.18,95.81,69.56,309.45,316.39,95.42,69.85,309.77,316.42,1.0
2018-08-18 11:38:00,89.55413,36.73437,1006.879,273.37,90.4,8.3,4.07,-3.21,-28.83,97.45,69.63,309.64,316.58,95.21,69.85,309.7,316.33,1.0
2018-08-18 11:38:00,89.55413,36.73433,1006.861,273.37,90.4,8.5,5.41,-1.64,-22.55,97.45,69.77,309.55,316.57,95.08,69.84,309.67,316.26,1.0
2018-08-18 11:38:00,89.55413,36.73429,1006.838,273.37,90.4,8.6,7.34,-0.0,-16.26,94.63,69.77,309.74,316.3,95.06,69.83,309.68,316.3,1.0
2018-08-18 11:38:00,89.55413,36.73425,1006.852,273.37,90.4,8.5,9.3,1.52,-10.17,96.27,69.56,309.16,316.4,95.14,69.84,309.68,316.34,1.0
2018-08-18 11:38:00,89.55413,36.73421,1006.863,273.37,90.4,8.4,11.12,2.91,-4.45,96.92,69.77,308.64,316.49,95.34,69.86,309.66,316.35,1.0
2018-08-18 11:38:00,89.55413,36.73417,1006.792,273.37,90.4,9.0,12.68,4.17,0.69,95.29,69.5,308.79,316.11,95.64,69.89,309.61,316.33,1.0
2018-08-18 11:38:00,89.55413,36.73413,1006.792,273.37,90.4,9.0,13.69,5.24,4.82,95.88,69.56,308.77,314.79,96.0,69.91,309.55,316.27,1.0
2018-08-18 11:38:00,89.55413,36.73406,1006.824,273.37,90.4,8.7,13.96,6.01,8.46,96.34,69.63,309.5,316.27,96.4,69.92,309.49,316.19,1.0
2018-08-18 11:38:00,89.55412,36.734,1006.838,273.38,90.4,8.6,14.15,6.69,11.34,96.6,69.77,309.76,316.31,96.79,69.92,309.45,316.11,1.0
2018-08-18 11:38:00,89.55412,36.73394,1006.835,273.38,90.4,8.7,14.22,7.21,13.51,97.78,69.77,309.57,316.41,97.13,69.9,309.48,316.04,1.0
2018-08-18 11:38:00,89.55412,36.73388,1006.83,273.38,90.4,8.7,13.92,7.49,14.85,96.66,69.56,309.74,316.7,97.37,69.86,309.57,316.01,1.0
2018-08-18 11:38:00,89.55412,36.73382,1006.808,273.37,90.4,8.9,13.14,7.63,15.48,94.7,69.7,309.73,316.41,97.49,69.81,309.67,316.04,1.0
2018-08-18 11:38:00,89.55412,36.73375,1006.802,273.38,90.4,8.9,12.99,7.54,15.42,96.4,69.77,309.66,316.61,97.47,69.75,309.83,316.21,1.0
2018-08-18 11:38:00,89.55412,36.73369,1006.798,273.37,90.4,9.0,13.0,7.41,13.84,95.55,69.77,309.56,316.32,97.3,69.69,309.97,316.18,1.0
2018-08-18 11:38:00,89.55412,36.73363,1006.79,273.37,90.4,9.0,12.69,7.25,10.71,98.3,69.77,309.84,316.51,97.0,69.65,310.1,316.2,1.0
2018-08-18 11:38:00,89.55412,36.73357,1006.798,273.38,90.4,9.0,12.18,7.12,6.55,95.42,69.7,309.56,316.61,96.58,69.62,310.17,316.31,1.0
2018-08-18 11:38:00,89.55412,36.7335,1006.854,273.38,90.4,8.5,11.79,7.09,1.93,97.38,69.7,309.72,316.57,96.07,69.63,310.18,316.39,1.0
2018-08-18 11:38:00,89.55412,36.73344,1006.82,273.38,90.4,8.8,10.96,7.06,-3.3,96.14,69.7,310.03,316.34,95.53,69.65,310.16,316.46,1.0
2018-08-18 11:38:00,89.55412,36.73339,1006.836,273.38,90.4,8.7,9.39,7.02,-8.89,96.14,69.56,310.44,314.91,94.98,69.7,310.1,316.48,1.0
2018-08-18 11:38:00,89.55412,36.73341,1006.879,273.38,90.4,8.3,7.92,6.97,-14.78,96.4,69.5,310.19,315.26,94.48,69.76,310.03,316.47,1.0
2018-08-18 11:38:00,89.55412,36.73343,1006.924,273.38,90.4,8.0,6.39,6.94,-21.11,97.32,69.7,309.92,316.13,94.07,69.81,309.95,316.43,1.0
2018-08-18 11:38:00,89.55412,36.73345,1006.936,273.38,90.4,7.9,4.57,6.94,-27.53,96.47,69.56,309.67,316.52,93.77,69.85,309.88,316.36,1.0
2018-08-18 11:38:00,89.55412,36.73347,1006.926,273.38,90.4,7.9,2.75,7.0,-34.13,96.01,69.84,309.48,316.33,93.61,69.87,309.83,316.29,1.0
2018-08-18 11:38:00,89.55412,36.73348,1006.882,273.38,90.4,8.3,1.6,6.84,-40.36,95.42,69.84,309.76,316.71,93.6,69.86,309.78,316.26,1.0
2018-08-18 11:38:00,89.55412,36.7335,1006.872,273.38,90.4,8.4,0.23,6.76,-46.33,96.4,69.7,309.76,316.33,93.75,69.81,309.75,316.35,1.0
2018-08-18 11:38:00,89.55412,36.73352,1006.877,273.38,90.4,8.3,-1.06,6.66,-52.05,94.63,69.84,309.76,316.72,94.04,69.74,309.76,316.42,1.0
2018-08-18 11:38:00,89.55412,36.73354,1006.88,273.39,90.4,8.3,-1.74,6.46,-57.22,96.07,69.77,309.96,316.14,94.45,69.64,309.83,316.44,1.0
2018-08-18 11:38:00,89.55412,36.73356,1006.886,273.38,90.4,8.3,-1.38,6.19,-61.81,95.68,69.7,309.86,316.62,94.95,69.54,309.95,316.48,1.0
2018-08-18 11:38:00,89.55412,36.73357,1006.915,273.39,90.4,8.0,-1.47,5.78,-65.43,96.27,69.56,309.58,316.91,95.5,69.44,310.11,316.54,1.0
2018-08-18 11:38:00,89.55412,36.73359,1006.897,273.39,90.4,8.2,-2.5,5.14,-69.04,95.81,69.7,309.77,316.53,96.04,69.35,310.21,316.6,1.0
2018-08-18 11:38:00,89.55411,36.73361,1006.876,273.39,90.4,8.3,-3.15,4.3,-71.87,96.79,69.56,309.68,316.53,96.55,69.28,310.27,316.64,1.0
2018-08-18 11:38:00,89.55411,36.73363,1006.876,273.39,90.4,8.3,-3.52,3.39,-73.62,95.68,69.77,309.77,316.44,96.98,69.23,310.28,316.66,1.0
2018-08-18 11:38:00,89.55411,36.73365,1006.893,273.39,90.4,8.2,-3.81,2.52,-74.27,96.2,69.7,309.82,316.62,97.3,69.21,310.25,316.65,1.0
2018-08-18 11:38:00,89.55411,36.73366,1006.873,273.4,90.4,8.4,-2.81,1.42,-74.8,96.07,69.63,310.03,316.44,97.48,69.21,310.18,316.6,1.0
2018-08-18 11:38:00,89.55411,36.7337,1006.859,273.4,90.4,8.5,-1.79,0.46,-74.34,95.22,69.63,309.56,316.64,97.52,69.23,310.1,316.51,1.0
2018-08-18 11:38:00,89.55411,36.73375,1006.861,273.4,90.4,8.5,-0.97,-0.61,-73.31,95.03,69.56,309.77,316.54,97.42,69.24,310.0,316.41,1.0
2018-08-18 11:38:00,89.55411,36.7338,1006.869,273.4,90.4,8.4,-0.78,-1.52,-71.8,96.4,69.63,309.68,316.44,97.2,69.25,309.91,316.29,1.0
2018-08-18 11:38:00,89.55411,36.73385,1006.868,273.39,90.4,8.4,-1.03,-2.2,-69.25,96.99,69.5,309.78,316.64,96.88,69.26,309.86,316.19,1.0
2018-08-18 11:38:00,89.55411,36.7339,1006.853,273.4,90.4,8.5,-0.59,-2.92,-64.27,96.2,69.77,309.88,316.63,96.51,69.25,309.82,316.08,1.0
2018-08-18 11:38:00,89.55411,36.73394,1006.859,273.4,90.4,8.5,-0.27,-2.92,-60.17,97.06,69.5,309.89,316.35,96.1,69.24,309.7,315.91,1.0
2018-08-18 11:38:00,89.55411,36.734,1006.843,273.4,90.4,8.6,-0.13,-2.9,-55.48,96.07,69.7,309.98,316.62,95.7,69.23,309.72,315.86,1.0
2018-08-18 11:38:00,89.55411,36.73404,1006.835,273.4,90.4,8.7,0.5,-2.63,-50.41,96.2,69.56,309.79,316.53,95.33,69.23,309.81,315.87,1.0
2018-08-18 11:38:00,89.55411,36.73409,1006.865,273.4,90.4,8.4,1.93,-2.12,-44.84,95.94,69.43,309.89,316.45,95.01,69.24,309.92,315.92,1.0
2018-08-18 11:38:00,89.5541,36.73412,1006.9,273.41,90.4,8.1,3.6,-1.73,-39.09,96.01,69.56,309.64,316.41,94.73,69.28,310.03,315.98,1.0
2018-08-18 11:38:00,89.5541,36.73412,1006.84,273.4,90.4,8.6,4.77,-1.08,-33.21,96.01,69.63,308.6,315.04,94.52,69.34,310.13,316.07,1.0
2018-08-18 11:38:00,89.5541,36.73412,1006.826,273.4,90.4,8.7,5.66,-0.6,-27.62,95.94,69.56,309.39,316.08,94.35,69.44,310.19,316.14,1.0
2018-08-18 11:38:00,89.5541,36.73412,1006.826,273.4,90.4,8.7,6.38,0.03,-22.27,95.03,69.56,309.87,316.64,94.22,69.56,310.25,316.21,1.0
2018-08-18 11:38:00,89.5541,36.73411,1006.819,273.41,90.4,8.8,7.07,0.64,-17.32,96.6,69.36,309.79,316.26,94.13,69.69,310.27,316.26,1.0
2018-08-18 11:38:00,89.5541,36.73411,1006.803,273.41,90.4,8.9,7.68,1.1,-12.66,95.81,69.56,309.7,316.07,94.06,69.83,310.25,316.27,1.0
2018-08-18 11:38:00,89.5541,36.73411,1006.788,273.41,90.4,9.0,7.41,1.61,-8.6,95.35,69.43,309.79,316.37,94.02,69.95,310.23,316.27,1.0
2018-08-18 11:38:00,89.5541,36.7341,1006.785,273.41,90.4,9.1,7.4,2.04,-4.97,95.42,69.63,309.77,316.35,94.01,70.05,310.3,316.34,1.0
2018-08-18 11:38:00,89.5541,36.7341,1006.776,273.41,90.4,9.1,7.51,2.45,-1.8,96.79,69.56,310.08,316.56,94.02,70.11,310.3,316.32,1.0
2018-08-18 11:38:00,89.5541,36.7341,1006.78,273.41,90.4,9.1,7.36,2.78,-2.15,96.2,69.7,309.98,316.18,94.08,70.12,310.26,316.26,1.0
2018-08-18 11:38:00,89.5541,36.73409,1006.795,273.41,90.4,9.0,6.91,2.98,-5.84,95.03,69.7,309.97,316.65,94.17,70.08,310.24,316.24,1.0
2018-08-18 11:38:00,89.5541,36.73409,1006.76,273.41,90.4,9.3,6.43,2.93,-10.01,96.6,69.7,310.05,316.37,94.3,69.97,310.23,316.3,1.0
2018-08-18 11:38:00,89.5541,36.73409,1006.775,273.42,90.4,9.1,6.09,2.77,-15.03,94.63,69.56,309.97,316.28,94.46,69.81,310.25,316.38,1.0
2018-08-18 11:38:00,89.5541,36.73412,1006.786,273.42,90.4,9.0,5.62,2.35,-19.69,95.81,69.63,309.78,316.17,94.66,69.61,310.27,316.42,1.0
2018-08-18 11:38:00,89.5541,36.73416,1006.8,273.42,90.4,8.9,5.12,1.95,-23.78,93.91,69.7,309.88,316.74,94.88,69.38,310.3,316.46,1.0
2018-08-18 11:38:00,89.5541,36.73419,1006.811,273.41,90.4,8.8,4.51,1.54,-27.7,95.42,69.56,310.07,316.9,95.11,69.15,310.34,316.54,1.0
2018-08-18 11:38:00,89.5541,36.73422,1006.804,273.42,90.4,8.9,3.62,1.07,-32.19,95.75,69.77,310.07,317.79,95.35,68.92,310.38,316.63,1.0
2018-08-18 11:38:00,89.5541,36.73426,1006.804,273.42,90.4,8.9,2.22,0.9,-37.0,95.75,69.56,310.07,317.44,95.6,68.72,310.42,316.74,1.0
2018-08-18 11:38:00,89.5541,36.73429,1006.809,273.42,90.4,8.9,0.96,0.41,-42.1,96.47,69.63,310.07,316.97,95.86,68.57,310.53,316.92,1.0
2018-08-18 11:38:00,89.5541,36.73432,1006.83,273.42,90.4,8.7,-0.14,0.03,-46.99,95.48,69.5,310.17,316.66,96.12,68.48,310.57,317.03,1.0
2018-08-18 11:38:00,89.5541,36.73436,1006.844,273.42,90.4,8.6,-1.29,-0.22,-51.72,95.75,69.5,310.07,316.37,96.39,68.45,310.57,317.09,1.0
2018-08-18 11:38:00,89.5541,36.73439,1006.835,273.42,90.4,8.7,-2.48,-0.44,-56.41,95.42,69.43,310.07,316.76,96.66,68.49,310.54,317.07,1.0
2018-08-18 11:38:00,89.5541,36.73442,1006.828,273.42,90.4,8.7,-3.3,-0.74,-61.02,95.48,69.5,310.2,316.12,96.92,68.58,310.51,316.96,1.0
2018-08-18 11:38:00,89.5541,36.73446,1006.809,273.42,90.4,8.9,-3.02,-0.71,-65.88,94.44,69.15,310.7,316.95,97.16,68.73,310.57,316.91,1.0
2018-08-18 11:38:00,89.5541,36.73449,1006.842,273.43,90.4,8.6,-4.12,-0.77,-70.59,96.92,69.36,310.28,316.37,97.35,68.91,310.52,316.84,1.0
2018-08-18 11:38:00,89.5541,36.73454,1006.861,273.43,90.4,8.4,-5.69,-0.84,-75.15,95.62,69.5,309.98,316.47,97.46,69.11,310.43,316.74,1.0
2018-08-18 11:38:00,89.5541,36.7346,1006.839,273.43,90.4,8.6,-7.09,-1.02,-79.22,94.7,69.5,310.08,316.38,97.45,69.3,310.34,316.64,1.0
2018-08-18 11:38:00,89.5541,36.73465,1006.84,273.43,90.4,8.6,-8.18,-1.51,-82.55,96.73,69.5,310.36,316.81,97.31,69.47,310.27,316.55,1.0
2018-08-18 11:38:00,89.5541,36.73471,1006.858,273.43,90.4,8.5,-9.43,-2.05,-84.87,95.09,69.15,311.29,317.61,97.0,69.61,310.21,316.48,1.0
2018-08-18 11:38:00,89.5541,36.73477,1006.876,273.43,90.4,8.3,-9.63,-3.06,-87.03,96.4,69.36,310.65,316.32,96.55,69.7,310.12,316.39,1.0
2018-08-18 11:38:00,89.5541,36.73483,1006.877,273.43,90.4,8.3,-9.39,-4.12,-88.99,95.75,69.43,309.9,316.49,95.96,69.74,310.18,316.37,1.0
2018-08-18 11:38:00,89.5541,36.73489,1006.863,273.43,90.4,8.4,-9.18,-5.24,-90.02,96.79,69.5,310.27,316.68,95.27,69.73,310.29,316.41,1.0
2018-08-18 11:38:00,89.5541,36.73494,1006.849,273.43,90.4,8.5,-9.15,-6.45,-89.77,96.27,69.56,310.18,316.49,94.56,69.69,310.39,316.45,1.0
2018-08-18 11:38:00,89.5541,36.735,1006.846,273.44,90.4,8.6,-8.83,-7.39,-88.87,96.27,69.36,310.01,316.68,93.87,69.62,310.52,316.4,1.0
2018-08-18 11:38:00,89.5541,36.73506,1006.824,273.43,90.4,8.7,-8.64,-8.59,-87.11,95.88,69.7,310.1,316.5,93.3,69.53,310.55,316.24,1.0
2018-08-18 11:38:00,89.5541,36.73512,1006.844,273.44,90.4,8.6,-8.22,-9.27,-84.99,95.09,69.43,310.97,316.5,92.91,69.45,310.66,316.23,1.0
2018-08-18 11:38:00,89.5541,36.73518,1006.872,273.44,90.4,8.4,-7.56,-9.73,-83.11,94.7,69.5,310.59,316.5,92.74,69.37,310.76,316.27,1.0
2018-08-18 11:38:00,89.5541,36.73522,1006.87,273.44,90.4,8.4,-6.75,-9.91,-81.61,95.68,69.36,310.17,316.27,92.82,69.32,310.82,316.28,1.0
2018-08-18 11:38:00,89.5541,36.73522,1006.865,273.44,90.4,8.4,-6.01,-9.36,-80.11,95.16,69.36,310.32,315.03,93.15,69.29,310.84,316.25,1.0
2018-08-18 11:38:00,89.5541,36.73521,1006.882,273.44,90.4,8.3,-5.61,-8.42,-73.64,95.68,69.43,310.21,315.02,93.69,69.29,310.82,316.2,1.0
2018-08-18 11:38:00,89.5541,36.73521,1006.879,273.43,90.4,8.3,-4.65,-6.94,-67.41,95.22,69.36,309.96,315.67,94.38,69.3,310.77,316.12,1.0
2018-08-18 11:38:00,89.5541,36.73521,1006.872,273.43,90.4,8.4,-3.46,-5.19,-60.97,95.09,69.56,310.1,316.52,95.15,69.34,310.63,316.03,1.0
2018-08-18 11:38:00,89.5541,36.73521,1006.865,273.43,90.4,8.4,-2.28,-3.23,-54.43,95.68,69.36,310.2,316.51,95.9,69.37,310.5,315.95,1.0
2018-08-18 11:38:00,89.5541,36.73521,1006.824,273.44,90.4,8.7,-1.02,-0.92,-47.78,95.29,69.5,310.19,316.7,96.57,69.41,310.42,315.93,1.0
2018-08-18 11:38:00,89.5541,36.7352,1006.791,273.44,90.4,9.0,1.59,1.2,-41.23,94.63,69.36,310.12,316.41,97.08,69.45,310.36,316.1,1.0
2018-08-18 11:38:00,89.5541,36.7352,1006.816,273.44,90.4,8.8,3.31,3.34,-34.62,96.01,69.36,310.2,316.52,97.4,69.47,310.34,316.32,1.0
2018-08-18 11:38:00,89.5541,36.7352,1006.841,273.44,90.4,8.6,4.73,5.2,-28.17,95.75,69.5,310.11,316.42,97.51,69.48,310.39,316.44,1.0
2018-08-18 11:38:00,89.5541,36.7352,1006.837,273.44,90.4,8.6,6.24,6.8,-21.96,95.62,69.5,310.48,316.02,97.42,69.49,310.49,316.52,1.0
2018-08-18 11:38:00,89.5541,36.7352,1006.816,273.45,90.4,8.8,7.8,8.18,-15.71,95.42,69.5,310.47,316.93,97.15,69.49,310.63,316.63,1.0
2018-08-18 11:38:00,89.5541,36.7352,1006.862,273.45,90.4,8.4,8.17,8.92,-9.71,96.2,69.43,310.1,317.62,96.76,69.49,310.78,316.72,1.0
2018-08-18 11:38:00,89.5541,36.73519,1006.86,273.45,90.4,8.5,9.0,9.68,-4.3,96.07,69.36,310.39,317.26,96.29,69.5,310.91,316.86,1.0
2018-08-18 11:38:00,89.5541,36.73519,1006.833,273.45,90.4,8.7,9.23,9.97,-3.73,95.75,69.5,310.4,316.82,95.78,69.52,311.02,316.94,1.0
2018-08-18 11:38:00,89.5541,36.73519,1006.8,273.45,90.4,8.9,9.15,9.99,-4.91,94.76,69.5,310.4,316.66,95.28,69.55,311.08,317.0,1.0
2018-08-18 11:38:00,89.5541,36.73501,1006.772,273.45,90.4,9.2,9.06,9.69,-6.4,96.07,69.36,310.11,316.81,94.81,69.6,311.09,317.03,1.0
2018-08-18 11:38:00,89.5541,36.73484,1006.748,273.45,90.4,9.3,9.11,8.87,-8.29,95.09,69.36,310.39,316.48,94.39,69.65,311.04,317.02,1.0
2018-08-18 11:38:00,89.5541,36.73467,1006.739,273.45,90.4,9.4,8.93,7.94,-10.61,96.79,69.29,310.29,317.1,94.03,69.71,310.95,316.93,1.0
2018-08-18 11:38:00,89.5541,36.7345,1006.742,273.45,90.4,9.4,9.36,6.63,-13.14,96.01,69.56,310.3,316.4,93.73,69.77,310.82,316.83,1.0
2018-08-18 11:38:00,89.5541,36.73432,1006.736,273.45,90.4,9.4,9.75,5.25,-15.62,94.76,69.5,310.31,316.42,93.49,69.81,310.68,316.77,1.0
2018-08-18 11:38:00,89.5541,36.73415,1006.727,273.45,90.4,9.5,9.84,3.88,-18.12,95.48,69.56,310.03,316.52,93.31,69.83,310.56,316.72,1.0
2018-08-18 11:38:00,89.5541,36.73397,1006.736,273.45,90.4,9.4,9.45,2.48,-20.97,95.35,69.63,310.41,316.52,93.21,69.84,310.47,316.68,1.0
2018-08-18 11:38:00,89.5541,36.7338,1006.738,273.45,90.4,9.4,8.37,1.15,-24.21,95.35,69.5,310.49,316.23,93.19,69.82,310.42,316.68,1.0
2018-08-18 11:38:00,89.5541,36.73363,1006.744,273.45,90.4,9.4,7.85,-0.1,-27.67,95.48,69.5,310.31,316.53,93.28,69.78,310.43,316.64,1.0
2018-08-18 11:38:00,89.5541,36.73368,1006.767,273.45,90.4,9.2,7.22,-1.14,-31.28,93.65,69.43,310.51,316.73,93.48,69.72,310.47,316.66,1.0
2018-08-18 11:38:00,89.5541,36.73374,1006.786,273.45,90.4,9.0,6.26,-2.04,-35.28,96.01,69.56,310.51,316.73,93.81,69.64,310.55,316.69,1.0
2018-08-18 11:38:00,89.5541,36.7338,1006.788,273.45,90.4,9.0,5.27,-2.74,-39.57,95.42,69.36,310.51,316.44,94.24,69.56,310.64,316.72,1.0
2018-08-18 11:38:00,89.5541,36.73386,1006.805,273.46,90.4,8.9,4.78,-3.12,-44.05,95.22,69.5,310.51,316.53,94.76,69.47,310.72,316.76,1.0
2018-08-18 11:38:00,89.5541,36.73391,1006.81,273.46,90.4,8.8,4.02,-3.16,-49.09,94.9,69.56,310.4,316.63,95.33,69.39,310.78,316.77,1.0
2018-08-18 11:38:00,89.5541,36.73397,1006.768,273.45,90.4,9.2,2.87,-2.77,-54.21,95.62,69.63,310.5,316.73,95.9,69.32,310.86,316.77,1.0
2018-08-18 11:38:00,89.5541,36.73403,1006.767,273.45,90.4,9.2,1.35,-2.28,-59.46,95.09,69.56,310.51,316.44,96.42,69.27,310.9,316.74,1.0
2018-08-18 11:38:00,89.5541,36.73409,1006.808,273.45,90.4,8.9,-0.18,-1.77,-64.55,95.09,69.5,310.32,316.54,96.83,69.23,310.89,316.67,1.0
2018-08-18 11:38:00,89.5541,36.73415,1006.804,273.45,90.4,8.9,-1.44,-1.19,-69.48,94.96,69.63,310.32,316.84,97.1,69.21,310.83,316.62,1.0
2018-08-18 11:38:00,89.5541,36.7342,1006.828,273.46,90.4,8.7,-2.64,-0.68,-74.25,94.44,69.5,310.51,316.55,97.21,69.21,310.74,316.55,1.0
2018-08-18 11:38:00,89.5541,36.73426,1006.834,273.46,90.4,8.7,-3.18,-0.23,-78.24,95.35,69.29,311.01,316.36,97.15,69.22,310.66,316.47,1.0
2018-08-18 11:38:00,89.5541,36.73432,1006.84,273.46,90.4,8.6,-3.28,0.1,-81.62,95.42,69.36,311.01,316.35,96.95,69.24,310.61,316.39,1.0
2018-08-18 11:38:00,89.5541,36.73434,1006.849,273.46,90.4,8.5,-3.15,0.28,-84.25,96.01,69.29,311.0,316.31,96.64,69.26,310.6,316.32,1.0
2018-08-18 11:38:00,89.5541,36.73433,1006.862,273.46,90.4,8.4,-2.94,0.24,-85.86,96.73,69.56,310.64,316.64,96.28,69.3,310.62,316.28,1.0
2018-08-18 11:38:00,89.5541,36.73433,1006.889,273.46,90.4,8.2,-2.76,-0.06,-86.69,96.2,69.43,310.51,316.55,95.92,69.33,310.69,316.32,1.0
2018-08-18 11:38:00,89.5541,36.73432,1006.878,273.47,90.4,8.3,-2.72,-0.53,-86.34,94.7,69.56,310.62,316.55,95.6,69.37,310.78,316.31,1.0
2018-08-18 11:38:00,89.5541,36.73432,1006.88,273.47,90.4,8.3,-3.59,-1.04,-85.26,96.14,69.56,310.71,316.74,95.37,69.41,310.83,316.32,1.0
2018-08-18 11:38:00,89.5541,36.73431,1006.882,273.47,90.4,8.3,-3.83,-1.52,-83.58,93.91,69.56,310.33,316.36,95.22,69.45,310.86,316.37,1.0
2018-08-18 11:38:00,89.5541,36.7343,1006.873,273.47,90.4,8.3,-3.34,-1.9,-81.46,96.86,69.36,310.44,316.71,95.17,69.49,310.89,316.44,1.0
2018-08-18 11:38:00,89.5541,36.7343,1006.843,273.47,90.4,8.6,-3.68,-2.16,-78.51,94.5,69.29,310.48,317.35,95.18,69.53,310.91,316.5,1.0
2018-08-18 11:38:00,89.5541,36.73429,1006.859,273.47,90.4,8.5,-2.67,-2.26,-74.62,94.5,69.5,310.42,316.54,95.22,69.56,310.92,316.57,1.0
2018-08-18 11:38:00,89.5541,36.73428,1006.85,273.47,90.4,8.5,-2.03,-2.22,-70.38,95.48,69.36,310.52,316.46,95.24,69.59,310.9,316.63,1.0
2018-08-18 11:38:00,89.5541,36.73428,1006.839,273.47,90.4,8.6,-1.41,-1.94,-65.76,96.01,69.56,310.33,316.75,95.21,69.6,310.86,316.69,1.0
2018-08-18 11:38:00,89.5541,36.73427,1006.838,273.47,90.4,8.6,-0.42,-1.46,-60.91,95.09,69.36,310.43,316.36,95.1,69.61,310.81,316.74,1.0
2018-08-18 11:38:00,89.5541,36.73424,1006.842,273.48,90.4,8.6,1.06,-0.9,-55.79,97.19,69.56,310.43,316.56,94.91,69.61,310.78,316.76,1.0
2018-08-18 11:38:00,89.5541,36.73406,1006.83,273.47,90.4,8.7,1.7,-0.28,-50.55,95.68,69.5,310.45,315.99,94.64,69.6,310.76,316.71,1.0
2018-08-18 11:38:00,89.55411,36.73388,1006.851,273.47,90.4,8.5,2.4,0.5,-45.23,94.63,69.5,310.63,316.56,94.33,69.58,310.78,316.7,1.0
2018-08-18 11:38:00,89.55411,36.7337,1006.852,273.48,90.4,8.5,2.8,1.31,-40.0,95.09,69.56,310.72,316.66,94.01,69.56,310.82,316.7,1.0
2018-08-18 11:38:00,89.55411,36.73353,1006.855,273.48,90.4,8.5,3.4,2.18,-34.8,94.9,69.36,310.62,316.47,93.74,69.53,310.89,316.68,1.0
2018-08-18 11:38:00,89.55411,36.73335,1006.876,273.47,90.4,8.3,4.42,3.03,-29.63,95.68,69.56,310.71,316.76,93.56,69.51,310.97,316.65,1.0
2018-08-18 11:38:00,89.55411,36.73317,1006.84,273.47,90.4,8.6,5.5,3.59,-24.71,95.48,69.36,310.73,316.27,93.51,69.5,311.05,316.63,1.0
2018-08-18 11:38:00,89.55411,36.73299,1006.85,273.48,90.4,8.5,5.18,4.32,-19.87,95.22,69.63,310.73,316.56,93.59,69.49,311.11,316.6,1.0
2018-08-18 11:38:00,89.55411,36.73282,1006.824,273.48,90.4,8.7,5.26,4.58,-16.18,95.16,69.36,310.54,316.48,93.82,69.51,311.14,316.59,1.0
2018-08-18 11:38:00,89.55411,36.73264,1006.785,273.48,90.4,9.0,5.67,4.8,-13.79,94.57,69.63,310.54,316.86,94.17,69.53,311.13,316.58,1.0
2018-08-18 11:38:00,89.55411,36.73246,1006.761,273.48,90.4,9.2,6.35,4.85,-12.55,95.03,69.36,310.73,316.47,94.61,69.56,311.09,316.58,1.0
2018-08-18 11:38:00,89.55411,36.73228,1006.774,273.48,90.4,9.1,7.14,4.45,-11.99,95.03,69.63,310.54,316.76,95.09,69.59,311.03,316.6,1.0
2018-08-18 11:38:00,89.55411,36.7322,1006.776,273.48,90.4,9.1,7.27,4.13,-12.02,94.63,69.22,310.72,316.57,95.55,69.62,310.94,316.61,1.0
2018-08-18 11:38:00,89.55411,36.73218,1006.784,273.48,90.4,9.1,7.42,3.35,-12.72,95.88,69.56,310.72,316.68,95.97,69.64,310.86,316.64,1.0
2018-08-18 11:38:00,89.55411,36.73217,1006.77,273.48,90.4,9.2,7.22,2.64,-13.74,93.98,69.43,310.54,316.88,96.3,69.64,310.78,316.66,1.0
2018-08-18 11:38:00,89.55411,36.73215,1006.744,273.48,90.4,9.4,6.82,1.87,-15.03,96.27,69.56,310.65,316.39,96.53,69.62,310.72,316.62,1.0
2018-08-18 11:38:00,89.55411,36.73213,1006.749,273.48,90.4,9.3,6.6,0.93,-16.63,95.29,69.63,310.83,316.88,96.66,69.58,310.72,316.51,1.0
2018-08-18 11:38:00,89.55411,36.73211,1006.789,273.48,90.4,9.0,6.79,0.34,-18.79,95.22,69.56,310.83,316.49,96.69,69.53,310.83,316.47,1.0
2018-08-18 11:38:00,89.55411,36.73209,1006.812,273.48,90.4,8.8,6.59,-0.48,-21.49,95.81,69.43,310.83,316.49,96.66,69.47,310.86,316.47,1.0
2018-08-18 11:38:00,89.55411,36.73208,1006.813,273.48,90.4,8.8,6.48,-0.94,-24.51,95.22,69.56,310.92,316.88,96.57,69.41,310.89,316.46,1.0
2018-08-18 11:38:00,89.55412,36.73206,1006.813,273.48,90.4,8.8,6.33,-1.25,-27.81,95.16,69.56,310.74,316.15,96.46,69.37,310.93,316.44,1.0
2018-08-18 11:38:00,89.55412,36.73204,1006.831,273.48,90.4,8.7,5.88,-1.5,-31.49,94.63,69.36,310.85,314.91,96.34,69.34,310.96,316.42,1.0
2018-08-18 11:38:00,89.55412,36.73202,1006.839,273.48,90.4,8.6,4.77,-1.43,-35.32,95.62,69.36,311.89,315.58,96.23,69.33,310.98,316.4,1.0
2018-08-18 11:38:00,89.55412,36.732,1006.819,273.48,90.4,8.8,3.86,-1.32,-39.24,95.16,69.56,310.67,316.53,96.12,69.36,310.99,316.36,1.0
2018-08-18 11:38:00,89.55412,36.73198,1006.814,273.49,90.4,8.8,3.2,-1.04,-42.8,96.01,69.56,310.74,316.21,96.0,69.41,311.0,316.32,1.0
2018-08-18 11:38:00,89.55412,36.73197,1006.816,273.49,90.4,8.8,2.87,-0.73,-45.97,96.27,69.56,310.84,316.7,95.88,69.49,311.0,316.28,1.0
2018-08-18 11:38:00,89.55412,36.73195,1006.812,273.49,90.4,8.8,2.28,-0.37,-48.8,95.22,69.36,310.75,316.76,95.73,69.58,311.0,316.32,1.0
2018-08-18 11:38:00,89.55412,36.73192,1006.794,273.49,90.4,9.0,1.04,0.02,-51.23,95.03,69.5,310.46,316.97,95.56,69.67,310.99,316.43,1.0
2018-08-18 11:38:00,89.55412,36.73189,1006.837,273.49,90.4,8.6,0.23,0.39,-53.21,95.22,69.36,310.74,316.79,95.37,69.76,310.88,316.47,1.0
2018-08-18 11:38:00,89.55412,36.73186,1006.868,273.49,90.4,8.4,-0.2,0.51,-54.95,96.27,69.56,310.74,316.5,95.18,69.82,310.9,316.47,1.0
2018-08-18 11:38:00,89.55412,36.73183,1006.858,273.49,90.4,8.5,-0.06,0.69,-56.51,95.29,69.5,310.56,316.4,94.99,69.87,310.93,316.47,1.0
2018-08-18 11:38:00,89.55412,36.7318,1006.865,273.49,90.4,8.4,0.09,0.9,-57.9,94.7,69.5,310.76,316.4,94.84,69.88,310.95,316.48,1.0
2018-08-18 11:38:00,89.55412,36.73176,1006.918,273.5,90.4,8.0,-0.05,1.22,-59.04,95.81,69.56,310.85,316.88,94.73,69.85,310.96,316.48,1.0
2018-08-18 11:38:00,89.55412,36.73173,1006.919,273.5,90.4,8.0,-0.42,1.91,-59.49,96.34,69.5,310.84,316.61,94.69,69.8,310.97,316.47,1.0
2018-08-18 11:38:00,89.55412,36.7317,1006.901,273.49,90.4,8.1,-0.95,2.44,-58.13,94.31,69.7,310.57,316.79,94.72,69.72,310.95,316.48,1.0
2018-08-18 11:38:00,89.55413,36.73167,1006.886,273.5,90.4,8.2,0.19,3.37,-56.53,95.48,69.56,310.75,316.5,94.79,69.62,310.82,316.36,1.0
2018-08-18 11:38:00,89.55413,36.73164,1006.878,273.5,90.4,8.3,1.78,4.05,-54.43,95.09,69.56,310.56,316.8,94.9,69.52,310.74,316.3,1.0
2018-08-18 11:38:00,89.55413,36.73155,1006.876,273.5,90.4,8.3,2.88,4.6,-51.72,95.81,69.5,310.84,316.61,95.02,69.42,310.71,316.3,1.0
2018-08-18 11:38:00,89.55413,36.73147,1006.885,273.5,90.4,8.2,2.73,5.38,-48.47,94.83,69.7,310.76,316.71,95.1,69.33,310.68,316.3,1.0
2018-08-18 11:38:00,89.55413,36.73139,1006.859,273.5,90.4,8.5,3.28,5.91,-45.3,95.68,69.63,311.04,316.6,95.12,69.27,310.66,316.3,1.0
2018-08-18 11:38:00,89.55413,36.7313,1006.857,273.5,90.4,8.5,3.55,6.17,-41.93,95.81,69.36,309.8,315.58,95.07,69.25,310.66,316.29,1.0
2018-08-18 11:38:00,89.55413,36.73122,1006.848,273.5,90.4,8.5,3.25,6.52,-38.28,94.44,69.29,310.41,315.62,94.93,69.26,310.68,316.28,1.0
2018-08-18 11:38:00,89.55413,36.73113,1006.833,273.5,90.4,8.7,3.57,6.45,-36.64,96.34,69.5,310.96,316.24,94.71,69.3,310.72,316.27,1.0
2018-08-18 11:38:00,89.55413,36.73105,1006.826,273.5,90.4,8.7,5.09,5.85,-37.67,94.31,69.43,310.97,316.43,94.46,69.38,310.76,316.24,1.0
2018-08-18 11:38:00,89.55413,36.73096,1006.782,273.5,90.4,9.1,6.81,5.77,-37.25,95.35,69.56,310.87,316.8,94.21,69.49,310.8,316.17,1.0
2018-08-18 11:38:00,89.55413,36.73088,1006.78,273.5,90.4,9.1,9.28,5.11,-36.61,96.01,69.7,310.87,316.6,94.01,69.61,310.83,316.13,1.0
2018-08-18 11:38:00,89.55413,36.7308,1006.799,273.51,90.4,8.9,10.22,4.34,-36.8,94.31,69.7,310.87,316.51,93.92,69.73,310.93,316.22,1.0
2018-08-18 11:38:00,89.55413,36.73071,1006.823,273.51,90.4,8.7,10.45,3.46,-38.0,96.99,69.29,310.88,316.52,93.96,69.85,310.96,316.26,1.0
2018-08-18 11:38:00,89.55413,36.73063,1006.834,273.51,90.4,8.6,10.66,2.36,-38.62,94.24,69.43,310.88,316.27,94.15,69.95,310.9,316.23,1.0
2018-08-18 11:38:00,89.55413,36.73058,1006.816,273.51,90.4,8.8,10.89,1.01,-35.87,94.04,69.5,310.68,315.64,94.48,70.02,310.84,316.21,1.0
2018-08-18 11:38:00,89.55413,36.7306,1006.794,273.5,90.4,9.0,10.56,-0.43,-35.05,95.35,69.63,310.31,316.44,94.92,70.06,310.79,316.21,1.0
2018-08-18 11:38:00,89.55413,36.73063,1006.738,273.5,90.4,9.4,11.21,-1.76,-35.27,94.57,69.5,310.96,316.7,95.4,70.07,310.75,316.23,1.0
2018-08-18 11:38:00,89.55413,36.73065,1006.723,273.5,90.4,9.5,11.93,-3.01,-36.15,96.27,69.63,310.59,316.52,95.87,70.05,310.73,316.26,1.0
2018-08-18 11:38:00,89.55413,36.73068,1006.764,273.5,90.4,9.2,11.8,-4.16,-37.45,94.63,69.5,310.68,316.72,96.24,70.02,310.72,316.32,1.0
2018-08-18 11:38:00,89.55413,36.7307,1006.822,273.5,90.4,8.7,10.48,-5.15,-38.8,95.62,69.63,310.88,316.34,96.45,69.98,310.71,316.42,1.0
2018-08-18 11:38:00,89.55413,36.73073,1006.823,273.51,90.4,8.7,10.24,-5.89,-39.98,94.57,69.7,310.98,316.62,96.46,69.95,310.78,316.54,1.0
2018-08-18 11:38:00,89.55413,36.73075,1006.834,273.51,90.4,8.6,10.63,-5.98,-41.37,95.16,69.7,310.88,316.62,96.25,69.93,310.86,316.69,1.0
2018-08-18 11:38:00,89.55413,36.73078,1006.844,273.51,90.4,8.6,9.98,-6.05,-42.6,94.63,69.84,310.98,316.63,95.83,69.95,310.94,316.83,1.0
2018-08-18 11:38:00,89.55413,36.7308,1006.824,273.51,90.4,8.7,8.87,-5.99,-43.95,95.68,69.5,310.59,317.01,95.25,70.0,311.01,316.95,1.0
2018-08-18 11:38:00,89.55413,36.73083,1006.775,273.51,90.4,9.1,7.99,-5.74,-45.56,96.4,69.56,309.94,316.7,94.58,70.07,311.05,317.04,1.0
2018-08-18 11:38:00,89.55413,36.73085,1006.871,273.5,90.4,8.4,7.61,-5.46,-47.13,95.48,69.63,310.6,316.4,93.92,70.16,311.05,317.09,1.0
2018-08-18 11:38:00,89.55413,36.73086,1006.857,273.5,90.4,8.5,6.55,-4.95,-48.59,96.14,69.5,310.97,317.44,93.33,70.25,311.01,317.08,1.0
2018-08-18 11:38:00,89.55413,36.73086,1006.866,273.51,90.4,8.4,6.22,-4.35,-49.9,95.09,69.7,310.8,317.57,92.9,70.33,310.96,317.06,1.0
2018-08-18 11:38:00,89.55413,36.73086,1006.868,273.51,90.4,8.4,5.73,-3.81,-51.2,94.37,69.63,311.0,317.53,92.67,70.38,310.89,317.04,1.0
2018-08-18 11:38:00,89.55413,36.73086,1006.867,273.51,90.4,8.4,5.03,-3.4,-52.55,93.98,69.77,310.9,317.51,92.67,70.38,310.85,317.02,1.0
2018-08-18 11:38:00,89.55413,36.73086,1006.902,273.52,90.4,8.1,4.58,-3.15,-53.97,95.75,69.84,310.9,317.26,92.89,70.34,310.85,316.99,1.0
2018-08-18 11:38:00,89.55413,36.73085,1006.89,273.51,90.4,8.2,5.79,-2.81,-55.18,93.72,69.77,310.98,316.54,93.29,70.25,310.83,317.01,1.0
2018-08-18 11:38:00,89.55413,36.73085,1006.877,273.51,90.4,8.3,4.96,-2.66,-56.19,94.63,69.77,311.18,316.33,93.79,70.13,310.74,316.96,1.0
2018-08-18 11:38:00,89.55413,36.73085,1006.875,273.51,90.4,8.3,3.96,-2.58,-56.83,95.03,69.84,310.81,316.44,94.34,69.98,310.68,316.9,1.0
2018-08-18 11:38:00,89.55413,36.73085,1006.89,273.52,90.4,8.2,3.23,-2.55,-56.96,95.68,69.84,310.99,316.64,94.86,69.84,310.66,316.9,1.0
2018-08-18 11:38:00,89.55413,36.73085,1006.923,273.52,90.4,7.9,2.75,-2.52,-56.56,94.44,69.77,310.9,316.64,95.29,69.73,310.66,316.98,1.0
2018-08-18 11:38:00,89.55413,36.73085,1006.941,273.52,90.4,7.8,2.06,-2.37,-56.02,95.29,69.77,310.96,316.52,95.59,69.66,310.66,317.07,1.0
2018-08-18 11:38:00,89.55413,36.73085,1006.931,273.52,90.4,7.9,1.72,-2.67,-54.95,95.16,69.91,309.86,316.44,95.75,69.66,310.64,317.19,1.0
2018-08-18 11:38:00,89.55413,36.73085,1006.952,273.52,90.4,7.7,1.06,-3.13,-54.14,94.44,69.84,309.74,316.64,95.8,69.72,310.64,317.19,1.0
2018-08-18 11:38:00,89.55413,36.73087,1006.984,273.52,90.4,7.5,1.02,-3.31,-53.95,94.24,69.63,309.96,317.34,95.76,69.86,310.63,317.14,1.0
2018-08-18 11:38:00,89.55413,36.73088,1007.009,273.52,90.4,7.3,1.6,-3.2,-54.43,95.09,69.43,309.76,317.87,95.69,70.04,310.6,317.08,1.0
2018-08-18 11:38:00,89.55413,36.73089,1006.99,273.53,90.4,7.4,1.38,-3.33,-55.95,95.42,69.7,310.02,318.25,95.64,70.27,310.56,317.03,1.0
2018-08-18 11:38:00,89.55413,36.73091,1007.021,273.53,90.4,7.2,2.58,-2.93,-55.61,95.42,69.7,309.74,318.06,95.65,70.5,310.51,316.99,1.0
2018-08-18 11:38:00,89.55413,36.73092,1007.016,273.53,90.4,7.2,2.8,-2.75,-54.04,95.62,69.77,310.7,317.06,95.77,70.72,310.59,316.98,1.0
2018-08-18 11:38:00,89.55413,36.73094,1007.014,273.53,90.4,7.2,2.59,-2.57,-52.94,95.29,69.84,311.01,316.56,96.0,70.91,310.68,317.0,1.0
2018-08-18 11:38:00,89.55413,36.73095,1007.022,273.53,90.4,7.1,2.44,-2.37,-52.19,94.04,69.98,310.91,316.85,96.34,71.05,310.79,316.99,1.0
2018-08-18 11:38:00,89.55413,36.73097,1007.025,273.53,90.4,7.1,2.75,-2.2,-51.21,94.5,69.98,310.91,316.75,96.76,71.12,310.91,316.92,1.0
2018-08-18 11:38:00,89.55413,36.73098,1007.02,273.53,90.4,7.2,3.57,-2.26,-50.15,95.22,70.12,310.91,316.63,97.22,71.14,311.06,316.86,1.0
2018-08-18 11:38:00,89.55413,36.73099,1007.021,273.53,90.4,7.2,4.77,-2.51,-49.22,94.63,70.12,311.01,316.36,97.66,71.1,311.21,316.8,1.0
2018-08-18 11:38:00,89.55413,36.73101,1007.029,273.53,90.4,7.1,5.68,-2.9,-48.3,94.7,69.98,311.1,316.85,98.04,71.02,311.31,316.82,1.0
2018-08-18 11:38:00,89.55413,36.73102,1007.04,273.53,90.4,7.0,5.88,-3.37,-47.61,96.4,69.91,310.92,316.55,98.32,70.92,311.37,316.85,1.0
2018-08-18 11:38:00,89.55413,36.73104,1007.047,273.53,90.4,7.0,5.34,-3.86,-47.1,97.06,69.98,310.92,316.75,98.44,70.79,311.41,316.85,1.0
2018-08-18 11:38:00,89.55413,36.73105,1007.032,273.53,90.4,7.1,4.3,-4.22,-46.52,94.04,69.91,311.31,316.66,98.41,70.67,311.43,316.82,1.0
2018-08-18 11:38:00,89.55413,36.73106,1007.079,273.53,90.4,6.7,3.5,-4.33,-46.34,96.6,70.12,310.93,316.36,98.21,70.56,311.42,316.77,1.0
2018-08-18 11:38:00,89.55413,36.73109,1007.115,273.53,90.4,6.4,3.18,-4.69,-46.17,95.22,70.12,310.82,316.36,97.85,70.46,311.4,316.7,1.0
2018-08-18 11:38:00,89.55413,36.73116,1007.117,273.53,90.4,6.4,2.47,-5.03,-46.05,95.68,70.05,310.91,316.18,97.38,70.38,311.36,316.67,1.0
2018-08-18 11:38:00,89.55413,36.73122,1007.098,273.54,90.4,6.5,1.87,-4.92,-45.97,95.16,70.19,311.19,316.67,96.81,70.32,311.33,316.68,1.0
2018-08-18 11:38:00,89.55413,36.73128,1007.089,273.53,90.4,6.6,2.52,-4.25,-45.86,96.4,70.12,311.19,316.66,96.21,70.28,311.31,316.73,1.0
2018-08-18 11:38:00,89.55413,36.73134,1007.1,273.54,90.4,6.5,3.4,-4.12,-45.24,95.29,70.32,311.11,316.56,95.62,70.25,311.3,316.85,1.0
2018-08-18 11:38:00,89.55413,36.73141,1007.132,273.54,90.4,6.3,3.28,-4.59,-44.99,96.47,70.19,311.3,316.85,95.08,70.23,311.32,316.91,1.0
2018-08-18 11:38:00,89.55413,36.73147,1007.172,273.54,90.4,6.0,2.78,-4.57,-44.37,96.2,69.84,311.11,317.06,94.63,70.23,311.25,317.05,1.0
2018-08-18 11:38:00,89.55413,36.73153,1007.212,273.53,90.4,5.6,3.16,-4.53,-43.57,96.07,69.98,311.11,317.45,94.31,70.24,311.2,317.2,1.0
2018-08-18 11:38:00,89.55413,36.7316,1007.242,273.54,90.4,5.4,4.87,-4.74,-42.85,94.44,70.12,311.11,317.44,94.14,70.26,311.23,317.31,1.0
2018-08-18 11:38:00,89.55413,36.73163,1007.247,273.54,90.4,5.4,6.01,-4.38,-42.11,94.96,70.19,311.11,318.02,94.13,70.29,311.25,317.41,1.0
2018-08-18 11:38:00,89.55413,36.73166,1007.268,273.54,90.4,5.2,6.26,-4.41,-41.65,96.07,70.12,311.11,316.74,94.27,70.33,311.25,317.49,1.0
2018-08-18 11:38:00,89.55413,36.73168,1007.251,273.54,90.4,5.3,6.22,-3.75,-41.2,95.09,70.05,309.86,317.59,94.55,70.38,311.17,317.54,1.0
2018-08-18 11:38:00,89.55413,36.7317,1007.249,273.54,90.4,5.3,5.73,-3.52,-41.24,96.47,70.19,310.05,316.88,94.93,70.43,311.06,317.53,1.0
2018-08-18 11:38:00,89.55413,36.73173,1007.295,273.54,90.4,5.0,4.43,-3.85,-41.83,95.81,70.12,311.12,316.57,95.38,70.47,310.95,317.45,1.0
2018-08-18 11:38:00,89.55413,36.73175,1007.336,273.53,90.4,4.7,2.18,-3.85,-42.7,95.48,70.05,311.12,316.68,95.83,70.49,310.87,317.35,1.0
2018-08-18 11:38:00,89.55413,36.73177,1007.328,273.54,90.4,4.7,0.12,-4.26,-45.8,94.83,70.39,310.93,316.85,96.26,70.5,310.83,317.18,1.0
2018-08-18 11:38:00,89.55413,36.7318,1007.331,273.54,90.4,4.7,-2.78,-3.9,-49.81,94.24,69.98,310.4,316.87,96.6,70.49,310.81,317.1,1.0
2018-08-18 11:38:00,89.55413,36.73182,1007.332,273.54,90.4,4.7,-3.94,-4.06,-52.71,95.42,70.32,310.49,316.78,96.84,70.47,310.9,316.97,1.0
2018-08-18 11:38:00,89.55413,36.73184,1007.331,273.54,90.4,4.7,-3.64,-4.25,-54.3,95.81,70.19,310.36,316.97,96.95,70.42,310.98,316.87,1.0
2018-08-18 11:38:00,89.55413,36.73187,1007.336,273.54,90.4,4.7,-3.14,-3.91,-55.22,96.27,70.19,310.71,316.68,96.92,70.38,310.98,316.83,1.0
2018-08-18 11:38:00,89.55413,36.73189,1007.339,273.54,90.4,4.6,-2.71,-4.24,-55.76,97.12,70.26,311.22,316.68,96.78,70.33,310.99,316.81,1.0
2018-08-18 11:38:00,89.55413,36.73193,1007.365,273.55,90.4,4.4,-1.77,-3.51,-57.29,95.48,69.98,311.04,316.4,96.55,70.29,311.0,316.8,1.0
2018-08-18 11:38:00,89.55413,36.73198,1007.391,273.55,90.4,4.2,-1.29,-3.41,-59.05,95.03,70.32,311.23,316.79,96.27,70.26,311.06,316.81,1.0
2018-08-18 11:38:00,89.55413,36.73203,1007.404,273.55,90.4,4.1,-1.57,-3.41,-60.5,95.68,70.19,311.32,316.88,95.99,70.24,311.14,316.83,1.0
2018-08-18 11:38:00,89.55413,36.73208,1007.406,273.55,90.4,4.1,-2.53,-3.16,-61.58,95.81,70.19,311.04,316.88,95.73,70.23,311.19,316.85,1.0
2018-08-18 11:38:00,89.55413,36.73212,1007.447,273.55,90.3,3.8,-3.66,-2.73,-62.72,96.07,70.12,311.22,317.08,95.54,70.24,311.21,316.87,1.0
2018-08-18 11:38:00,89.55413,36.73217,1007.418,273.55,90.4,4.0,-4.87,-2.71,-63.21,95.16,70.32,311.32,316.7,95.44,70.24,311.18,316.89,1.0
2018-08-18 11:38:00,89.55413,36.73222,1007.418,273.55,90.4,4.0,-6.11,-1.88,-63.38,96.47,70.12,311.13,316.88,95.44,70.23,311.16,316.9,1.0
2018-08-18 11:38:00,89.55413,36.73227,1007.422,273.55,90.4,4.0,-6.58,-1.32,-63.04,95.22,70.26,311.42,316.6,95.53,70.21,311.15,316.91,1.0
2018-08-18 11:38:00,89.55412,36.73232,1007.42,273.55,90.3,4.0,-5.95,-0.84,-62.41,95.81,70.12,311.15,316.9,95.7,70.17,311.14,316.92,1.0
2018-08-18 11:38:00,89.55412,36.73236,1007.424,273.56,90.3,4.0,-4.61,0.14,-61.81,95.62,70.26,311.24,316.71,95.92,70.11,311.14,316.93,1.0
2018-08-18 11:38:00,89.55412,36.73241,1007.436,273.56,90.3,3.9,-5.46,0.14,-60.67,94.7,70.32,311.23,316.91,96.16,70.02,311.14,316.95,1.0
2018-08-18 11:38:00,89.55412,36.73246,1007.439,273.56,90.3,3.8,-4.84,0.94,-60.27,95.88,70.12,311.33,316.61,96.4,69.93,311.06,317.04,1.0
2018-08-18 11:38:00,89.55412,36.73251,1007.446,273.56,90.3,3.8,-4.95,1.08,-59.69,95.68,70.12,310.95,316.6,96.62,69.82,311.02,317.1,1.0
2018-08-18 11:38:00,89.55412,36.73256,1007.447,273.56,90.3,3.8,-5.76,1.16,-58.73,96.79,70.12,311.13,316.9,96.79,69.73,311.01,317.16,1.0
2018-08-18 11:38:00,89.55412,36.73261,1007.429,273.56,90.3,3.9,-6.53,1.59,-57.08,94.96,70.32,311.15,316.9,96.9,69.65,310.99,317.26,1.0
2018-08-18 11:38:00,89.55412,36.73266,1007.44,273.56,90.4,3.8,-5.93,1.14,-54.08,97.51,70.19,311.12,316.83,96.96,69.59,310.97,317.37,1.0
2018-08-18 11:38:00,89.55412,36.73271,1007.444,273.56,90.3,3.8,-5.25,1.74,-51.85,96.01,70.19,310.2,317.53,96.95,69.56,310.95,317.46,1.0
2018-08-18 11:38:00,89.55412,36.73276,1007.442,273.56,90.3,3.8,-5.43,1.32,-49.22,94.83,69.98,310.45,317.44,96.88,69.55,310.93,317.53,1.0
2018-08-18 11:38:00,89.55412,36.73281,1007.444,273.56,90.3,3.8,-5.15,0.93,-46.11,95.68,69.98,311.02,316.96,96.75,69.56,310.93,317.59,1.0
2018-08-18 11:38:00,89.55412,36.73286,1007.455,273.56,90.3,3.7,-3.68,0.88,-42.45,94.7,70.19,311.24,317.47,96.55,69.59,310.94,317.63,1.0
2018-08-18 11:38:00,89.55412,36.73291,1007.441,273.56,90.3,3.8,-2.71,-0.05,-38.83,96.92,69.98,311.14,317.3,96.3,69.62,310.95,317.67,1.0
2018-08-18 11:38:00,89.55412,36.73296,1007.427,273.57,90.3,3.9,-3.95,0.22,-34.99,95.62,70.12,311.25,317.33,96.01,69.64,310.87,317.71,1.0
2018-08-18 11:38:00,89.55412,36.73301,1007.452,273.56,90.4,3.7,-3.91,0.05,-31.08,96.27,69.98,311.14,317.21,95.69,69.64,310.97,317.67,1.0
2018-08-18 11:38:00,89.55412,36.73306,1007.458,273.56,90.4,3.7,-3.59,-0.05,-30.42,96.79,70.12,311.24,317.3,95.35,69.61,311.01,317.66,1.0
2018-08-18 11:38:00,89.55412,36.7331,1007.442,273.57,90.4,3.8,-3.59,-0.15,-32.21,96.34,69.91,311.16,316.91,95.03,69.55,310.96,317.66,1.0
2018-08-18 11:38:00,89.55412,36.73311,1007.446,273.57,90.3,3.8,-3.95,-0.44,-34.36,96.01,70.12,310.92,316.94,94.75,69.46,310.91,317.6,1.0
2018-08-18 11:38:00,89.55412,36.73312,1007.438,273.57,90.4,3.8,-3.14,-0.27,-37.04,95.29,70.05,309.8,317.36,94.54,69.33,310.89,317.56,1.0
2018-08-18 11:38:00,89.55412,36.73312,1007.459,273.57,90.3,3.7,-3.17,-0.97,-39.9,95.48,70.12,310.98,316.94,94.42,69.18,310.85,317.53,1.0
2018-08-18 11:38:00,89.55412,36.73313,1007.482,273.56,90.3,3.5,-3.32,-1.45,-39.07,95.03,69.98,310.52,316.9,94.41,69.01,310.79,317.52,1.0
2018-08-18 11:38:00,89.55412,36.73313,1007.502,273.56,90.4,3.3,-3.47,-1.95,-36.97,96.47,69.91,310.57,316.91,94.51,68.83,310.72,317.53,1.0
2018-08-18 11:38:00,89.55412,36.73314,1007.514,273.56,90.3,3.2,-3.6,-2.49,-35.45,95.68,69.91,310.53,317.1,94.71,68.64,310.65,317.56,1.0
2018-08-18 11:38:00,89.55412,36.73315,1007.52,273.56,90.3,3.2,-3.81,-2.74,-34.23,96.07,69.7,311.18,317.02,94.98,68.46,310.63,317.59,1.0
2018-08-18 11:38:00,89.55412,36.73315,1007.522,273.56,90.3,3.2,-3.45,-3.37,-34.57,95.09,69.91,311.27,317.3,95.29,68.28,310.73,317.62,1.0
2018-08-18 11:38:00,89.55412,36.73316,1007.549,273.56,90.3,3.0,-3.51,-3.72,-35.11,95.29,69.84,311.17,317.1,95.59,68.12,310.77,317.65,1.0
2018-08-18 11:38:00,89.55412,36.73316,1007.547,273.56,90.3,3.0,-3.65,-3.9,-35.99,95.42,69.84,311.25,317.0,95.85,67.96,310.85,317.69,1.0
2018-08-18 11:38:00,89.55412,36.73317,1007.519,273.57,90.3,3.2,-3.87,-3.99,-37.09,96.2,69.7,311.25,317.2,96.03,67.81,310.99,317.72,1.0
2018-08-18 11:38:00,89.55412,36.73318,1007.556,273.57,90.3,2.9,-4.51,-4.03,-38.27,96.07,69.56,311.16,317.02,96.12,67.66,311.11,317.75,1.0
2018-08-18 11:38:00,89.55412,36.73318,1007.596,273.57,90.3,2.6,-5.45,-3.9,-39.35,95.62,69.56,311.27,316.92,96.12,67.52,311.17,317.78,1.0
2018-08-18 11:38:00,89.55412,36.73319,1007.603,273.57,90.3,2.5,-5.82,-3.4,-40.25,94.83,69.56,311.27,317.03,96.04,67.39,311.13,317.91,1.0
2018-08-18 11:38:00,89.55412,36.73319,1007.617,273.57,90.3,2.4,-6.43,-3.39,-40.52,96.6,69.5,311.27,317.02,95.92,67.25,311.1,317.99,1.0
2018-08-18 11:38:00,89.55412,36.73318,1007.642,273.57,90.3,2.2,-6.9,-3.09,-40.16,96.07,69.36,310.99,317.51,95.79,67.12,311.07,318.01,1.0
2018-08-18 11:38:00,89.55412,36.73314,1007.661,273.57,90.3,2.1,-6.8,-2.16,-39.37,95.42,69.5,310.99,317.23,95.7,67.0,310.99,318.05,1.0
2018-08-18 11:38:00,89.55412,36.7331,1007.652,273.57,90.3,2.1,-6.32,-2.29,-38.46,96.34,69.36,310.98,317.24,95.67,66.87,310.9,318.09,1.0
2018-08-18 11:38:00,89.55412,36.73307,1007.63,273.58,90.3,2.3,-5.61,-1.19,-38.01,95.03,69.08,310.18,318.32,95.72,66.76,310.79,318.15,1.0
2018-08-18 11:38:00,89.55412,36.73302,1007.612,273.57,90.3,2.5,-5.08,-1.04,-37.66,95.42,69.22,310.67,317.8,95.85,66.64,310.7,318.22,1.0
2018-08-18 11:38:00,89.55412,36.73298,1007.627,273.57,90.3,2.3,-5.17,-0.64,-37.38,96.4,69.15,311.18,317.12,96.05,66.52,310.63,318.3,1.0
2018-08-18 11:38:00,89.55412,36.73295,1007.677,273.57,90.3,1.9,-5.56,0.08,-37.04,94.5,69.08,310.99,317.03,96.28,66.41,310.6,318.39,1.0
2018-08-18 11:38:00,89.55412,36.73291,1007.711,273.58,90.3,1.7,-5.34,-0.22,-36.47,96.4,68.88,311.45,317.32,96.51,66.29,310.63,318.48,1.0
2018-08-18 11:38:00,89.55412,36.73287,1007.667,273.58,90.3,2.0,-5.18,0.85,-35.79,95.55,68.94,311.18,317.52,96.71,66.17,310.72,318.58,1.0
2018-08-18 11:38:00,89.55412,36.73282,1007.66,273.58,90.3,2.1,-5.4,0.66,-35.11,95.81,68.81,311.36,317.53,96.83,66.05,310.9,318.54,1.0
2018-08-18 11:38:00,89.55412,36.73281,1007.662,273.58,90.3,2.1,-4.96,1.01,-34.55,95.68,68.81,311.08,317.53,96.88,65.92,311.07,318.56,1.0
2018-08-18 11:38:00,89.55412,36.73279,1007.665,273.58,90.3,2.0,-4.27,1.43,-34.04,96.27,68.6,311.18,317.61,96.83,65.79,311.22,318.62,1.0
2018-08-18 11:38:00,89.55412,36.73277,1007.692,273.58,90.3,1.8,-4.23,0.95,-33.41,96.86,68.88,311.3,317.51,96.72,65.67,311.35,318.66,1.0
2018-08-18 11:38:00,89.55413,36.73276,1007.68,273.59,90.3,1.9,-3.73,1.83,-32.56,95.62,68.46,311.28,317.44,96.57,65.55,311.45,318.68,1.0
2018-08-18 11:38:00,89.55413,36.73274,1007.69,273.59,90.3,1.8,-2.49,1.27,-31.25,95.68,68.39,311.01,317.26,96.42,65.43,311.5,318.7,1.0
2018-08-18 11:38:00,89.55413,36.73272,1007.691,273.59,90.3,1.8,-1.46,1.51,-29.67,96.07,68.39,310.81,317.01,96.29,65.33,311.52,318.7,1.0
2018-08-18 11:38:00,89.55413,36.73271,1007.678,273.59,90.3,1.9,-1.04,1.58,-27.85,94.63,68.18,311.0,317.53,96.23,65.24,311.45,318.64,1.0
2018-08-18 11:38:00,89.55413,36.73269,1007.658,273.59,90.3,2.1,-1.13,1.07,-25.79,95.75,68.39,311.0,317.91,96.23,65.15,311.28,318.56,1.0
2018-08-18 11:38:00,89.55413,36.73267,1007.623,273.59,90.3,2.4,-0.83,1.56,-23.82,97.78,68.25,311.29,317.92,96.3,65.08,311.07,318.56,1.0
2018-08-18 11:38:00,89.55413,36.73266,1007.641,273.59,90.3,2.2,-0.85,1.12,-26.67,96.4,68.05,311.38,317.83,96.42,65.0,310.93,318.57,1.0
2018-08-18 11:38:00,89.55413,36.73264,1007.641,273.59,90.3,2.2,-1.25,1.42,-29.53,93.85,67.98,311.32,318.02,96.57,64.91,310.82,318.59,1.0
2018-08-18 11:38:00,89.55413,36.73262,1007.64,273.59,90.3,2.2,-1.06,1.45,-29.73,96.47,67.84,310.9,317.15,96.71,64.82,310.74,318.63,1.0
2018-08-18 11:38:00,89.55413,36.73262,1007.65,273.59,90.3,2.2,-0.26,1.18,-29.02,96.73,67.56,310.33,316.92,96.82,64.72,310.7,318.68,1.0
2018-08-18 11:38:00,89.55413,36.73262,1007.644,273.59,90.3,2.2,0.44,1.32,-31.94,95.55,67.84,310.18,317.64,96.88,64.6,310.71,318.74,1.0
2018-08-18 11:38:00,89.55413,36.73262,1007.642,273.6,90.3,2.2,0.44,0.88,-30.4,96.79,67.84,311.26,317.74,96.88,64.46,310.76,318.82,1.0
2018-08-18 11:38:00,89.55413,36.73263,1007.632,273.6,90.3,2.3,0.52,0.87,-29.01,94.7,67.77,311.22,317.83,96.84,64.32,310.88,318.85,1.0
2018-08-18 11:38:00,89.55413,36.73263,1007.648,273.6,90.3,2.2,0.95,0.89,-27.87,96.66,67.63,311.31,317.84,96.78,64.17,310.96,318.87,1.0
2018-08-18 11:38:00,89.55413,36.73263,1007.672,273.6,90.3,2.0,1.73,0.83,-26.83,96.14,67.36,311.12,318.13,96.72,64.02,311.06,318.92,1.0
2018-08-18 11:38:00,89.55413,36.73263,1007.663,273.6,90.3,2.0,2.58,0.73,-25.69,97.58,67.36,311.5,317.93,96.71,63.86,311.24,318.98,1.0
2018-08-18 11:38:00,89.55413,36.73264,1007.661,273.6,90.3,2.1,2.66,0.89,-24.55,95.09,67.15,311.22,318.01,96.76,63.71,311.44,318.96,1.0
2018-08-18 11:38:00,89.55413,36.73264,1007.678,273.6,90.3,1.9,3.25,0.41,-23.39,96.6,67.01,311.42,317.29,96.9,63.56,311.46,319.0,1.0
2018-08-18 11:38:00,89.55413,36.73264,1007.698,273.6,90.3,1.8,3.81,0.37,-22.45,95.09,67.15,311.01,317.08,97.12,63.4,311.43,319.03,1.0
2018-08-18 11:38:00,89.55413,36.73264,1007.706,273.6,90.3,1.7,4.29,0.33,-21.72,96.27,67.01,311.15,317.27,97.41,63.22,311.36,319.04,1.0
2018-08-18 11:38:00,89.55413,36.73264,1007.696,273.6,90.3,1.8,4.71,0.15,-20.88,96.27,66.81,311.21,317.02,97.72,63.02,311.25,319.04,1.0
2018-08-18 11:38:00,89.55413,36.73262,1007.682,273.6,90.3,1.9,5.06,0.27,-19.49,95.81,66.87,311.96,317.08,98.03,62.77,311.13,319.02,1.0
2018-08-18 11:38:00,89.55413,36.7326,1007.694,273.6,90.3,1.8,6.2,-0.24,-18.17,97.71,66.74,311.02,317.87,98.28,62.47,311.01,319.0,1.0
2018-08-18 11:38:00,89.55413,36.73257,1007.679,273.6,90.3,1.9,7.42,-0.45,-16.79,95.42,66.74,311.13,318.16,98.43,62.11,310.88,319.03,1.0
2018-08-18 11:38:00,89.55413,36.73254,1007.68,273.6,90.3,1.9,7.5,-0.64,-18.24,96.53,66.39,311.03,318.25,98.45,61.69,310.79,319.1,1.0
2018-08-18 11:38:00,89.55413,36.73252,1007.692,273.6,90.3,1.8,6.82,-0.9,-21.88,96.79,66.39,311.04,318.44,98.31,61.21,310.76,319.2,1.0
2018-08-18 11:38:00,89.55413,36.73249,1007.678,273.6,90.3,1.9,6.34,-1.16,-25.63,96.66,66.25,311.32,318.53,98.03,60.69,310.74,319.33,1.0
2018-08-18 11:38:00,89.55413,36.73246,1007.751,273.6,90.3,1.4,6.04,-1.24,-29.5,96.6,65.98,311.23,318.34,97.61,60.14,310.71,319.48,1.0
2018-08-18 11:38:00,89.55413,36.73243,1007.765,273.6,90.3,1.2,5.77,-1.44,-31.53,96.34,65.98,311.04,318.42,97.08,59.59,310.74,319.57,1.0
2018-08-18 11:38:00,89.55413,36.73241,1007.763,273.6,90.3,1.3,5.67,-1.55,-33.34,96.86,65.77,311.23,318.43,96.48,59.05,310.81,319.66,1.0
2018-08-18 11:38:00,89.55413,36.73238,1007.769,273.6,90.3,1.2,5.69,-1.11,-35.01,96.47,65.63,311.04,318.82,95.85,58.55,310.83,319.7,1.0
2018-08-18 11:38:00,89.55413,36.73235,1007.788,273.6,90.3,1.1,5.92,-0.38,-36.5,96.66,65.36,311.32,318.71,95.23,58.11,310.81,319.71,1.0
2018-08-18 11:38:00,89.55413,36.73233,1007.751,273.6,90.3,1.4,7.02,-1.1,-38.11,97.58,65.15,311.21,318.44,94.66,57.74,310.89,319.79,1.0
2018-08-18 11:38:00,89.55413,36.7323,1007.789,273.6,90.3,1.0,7.23,0.17,-39.27,95.62,65.08,310.73,318.74,94.15,57.44,310.94,319.85,1.0
2018-08-18 11:38:00,89.55413,36.73227,1007.796,273.6,90.3,1.0,7.91,0.43,-40.01,95.62,64.87,310.89,318.54,93.74,57.2,310.98,319.9,1.0
2018-08-18 11:38:00,89.55413,36.73224,1007.786,273.6,90.3,1.1,8.0,1.02,-40.39,98.04,64.46,310.19,317.83,93.44,57.03,310.98,319.93,1.0
2018-08-18 11:38:00,89.55413,36.7322,1007.785,273.6,90.3,1.1,7.49,2.18,-40.53,96.01,64.11,309.66,317.69,93.25,56.9,310.97,319.95,1.0
2018-08-18 11:38:00,89.55413,36.73218,1007.784,273.6,90.3,1.1,7.8,2.75,-40.7,95.09,64.11,310.96,318.73,93.18,56.81,310.93,319.96,1.0
2018-08-18 11:38:00,89.55413,36.73214,1007.797,273.61,90.3,1.0,9.26,3.75,-40.76,95.81,64.04,310.95,318.63,93.22,56.73,310.82,319.98,1.0
2018-08-18 11:38:00,89.55414,36.73211,1007.778,273.61,90.3,1.1,10.06,4.37,-40.52,95.68,63.98,310.96,318.64,93.38,56.66,310.71,319.95,1.0
2018-08-18 11:38:00,89.55414,36.73208,1007.764,273.61,90.3,1.2,10.09,4.96,-40.0,96.34,63.7,311.25,318.64,93.65,56.57,310.66,319.97,1.0
2018-08-18 11:38:00,89.55414,36.73205,1007.765,273.61,90.3,1.2,10.09,5.47,-39.26,96.47,63.49,311.25,318.54,94.02,56.48,310.73,320.08,1.0
2018-08-18 11:38:00,89.55414,36.73202,1007.77,273.61,90.3,1.2,10.6,5.84,-38.38,95.09,63.22,311.08,319.03,94.47,56.36,310.85,320.22,1.0
2018-08-18 11:38:00,89.55414,36.73199,1007.797,273.6,90.3,1.0,11.56,6.39,-37.17,96.47,63.28,310.12,318.79,94.98,56.23,310.88,320.3,1.0
2018-08-18 11:38:00,89.55414,36.73196,1007.781,273.61,90.3,1.1,10.52,6.61,-36.26,95.88,62.87,309.74,318.52,95.52,56.08,310.92,320.39,1.0
2018-08-18 11:38:00,89.55414,36.73193,1007.795,273.62,90.3,1.0,9.57,6.66,-36.36,94.83,62.87,310.77,318.8,96.07,55.91,310.98,320.49,1.0
2018-08-18 11:38:00,89.55414,36.7319,1007.794,273.62,90.3,1.0,9.63,6.86,-37.53,96.01,62.46,311.15,319.04,96.58,55.74,311.03,320.59,1.0
2018-08-18 11:38:00,89.55414,36.73187,1007.758,273.61,90.3,1.3,10.24,7.15,-39.32,96.07,62.53,311.25,319.04,97.02,55.55,311.09,320.66,1.0
2018-08-18 11:38:00,89.55414,36.73184,1007.796,273.62,90.3,1.0,9.88,7.14,-40.94,95.09,62.25,311.15,319.24,97.36,55.37,311.15,320.67,1.0
2018-08-18 11:38:00,89.55414,36.73185,1007.768,273.61,90.3,1.2,8.22,7.3,-42.0,96.47,62.04,311.06,318.75,97.57,55.18,311.28,320.71,1.0
2018-08-18 11:38:00,89.55414,36.73185,1007.782,273.61,90.3,1.1,7.16,7.3,-43.01,95.62,62.04,311.25,319.32,97.63,54.98,311.41,320.86,1.0
2018-08-18 11:38:00,89.55414,36.73185,1007.793,273.61,90.3,1.0,7.48,7.31,-43.54,96.73,61.7,311.25,319.42,97.54,54.79,311.47,320.99,1.0
2018-08-18 11:38:00,89.55414,36.73186,1007.783,273.61,90.3,1.1,8.44,7.38,-43.59,94.63,61.7,311.06,319.03,97.31,54.6,311.47,321.09,1.0
2018-08-18 11:38:00,89.55414,36.73186,1007.765,273.62,90.3,1.2,8.93,7.38,-43.38,97.64,61.22,311.34,318.22,96.95,54.41,311.47,321.18,1.0
2018-08-18 11:38:00,89.55414,36.73186,1007.778,273.62,90.3,1.1,8.96,6.9,-43.53,96.6,61.22,311.35,318.83,96.48,54.22,311.41,321.25,1.0
2018-08-18 11:38:00,89.55414,36.73186,1007.805,273.62,90.3,0.9,9.51,6.99,-43.73,96.92,61.01,311.07,319.54,95.93,54.05,311.34,321.31,1.0
2018-08-18 11:38:00,89.55414,36.73187,1007.816,273.62,90.3,0.8,9.91,6.63,-42.88,95.03,61.01,311.32,319.43,95.35,53.88,311.26,321.34,1.0
2018-08-18 11:38:00,89.55414,36.73187,1007.815,273.62,90.3,0.8,9.39,6.56,-41.32,95.09,60.73,311.24,319.53,94.75,53.72,311.18,321.34,1.0
2018-08-18 11:38:00,89.55414,36.73182,1007.815,273.62,90.3,0.8,8.31,6.95,-39.59,96.47,60.46,311.73,319.43,94.19,53.57,311.1,321.36,1.0
2018-08-18 11:38:00,89.55414,36.73177,1007.803,273.62,90.3,0.9,9.08,6.3,-37.8,96.07,60.46,311.07,319.72,93.7,53.44,311.04,321.43,1.0
2018-08-18 11:38:00,89.55414,36.73172,1007.78,273.62,90.3,1.1,9.43,6.46,-35.86,97.06,60.11,311.35,319.73,93.3,53.31,311.0,321.48,1.0
2018-08-18 11:38:00,89.55415,36.73167,1007.804,273.62,90.3,0.9,8.77,5.69,-35.49,95.48,59.97,311.07,319.82,93.03,53.19,310.97,321.49,1.0
2018-08-18 11:38:00,89.55415,36.73162,1007.826,273.62,90.3,0.8,8.2,5.2,-35.74,95.42,59.56,311.26,319.72,92.91,53.07,310.97,321.5,1.0
2018-08-18 11:38:00,89.55415,36.73157,1007.805,273.62,90.3,0.9,7.58,5.04,-36.29,95.22,59.63,311.26,319.72,92.94,52.96,310.96,321.55,1.0
2018-08-18 11:38:00,89.55415,36.73152,1007.768,273.62,90.3,1.2,6.12,4.55,-37.26,95.03,59.56,311.27,320.02,93.13,52.85,310.94,321.63,1.0
2018-08-18 11:38:00,89.55415,36.73147,1007.812,273.63,90.3,0.9,4.42,4.13,-38.3,95.81,59.42,311.07,319.92,93.45,52.75,310.87,321.7,1.0
2018-08-18 11:38:00,89.55415,36.73142,1007.819,273.62,90.3,0.8,3.5,3.56,-39.39,96.6,59.21,311.27,320.2,93.89,52.64,310.88,321.83,1.0
2018-08-18 11:38:00,89.55415,36.73138,1007.809,273.62,90.3,0.9,2.61,3.2,-40.76,95.35,59.01,311.37,320.01,94.4,52.52,310.9,322.0,1.0
